      0.000      9.068   -999.900   -999.900   -999.900   1008.968      0.000    -16.110    -16.110      9.068   -999.900   -999.900   -999.900
     -5.000      9.067   -999.900   -999.900   -999.900   1008.967      0.000    -21.110    -21.110      9.067   -999.900   -999.900   -999.900
    -10.000      9.067   -999.900   -999.900   -999.900   1008.967      0.000    -26.110    -26.110      9.067   -999.900   -999.900   -999.900
    -15.000      9.063   -999.900   -999.900   -999.900   1008.963      0.000    -31.110    -31.110      9.063   -999.900   -999.900   -999.900
    -20.000      9.005   -999.900   -999.900   -999.900   1008.905      0.000    -36.110    -36.110      9.005   -999.900   -999.900   -999.900
    -25.000      8.561   -999.900   -999.900   -999.900   1008.461      0.000    -41.110    -41.110      8.561   -999.900   -999.900   -999.900
    -30.000      5.914   -999.900   -999.900   -999.900   1005.814      0.000    -46.110    -46.110      5.914   -999.900   -999.900   -999.900
    -35.000      1.380   -999.900   -999.900   -999.900   1001.280      0.000    -51.110    -51.110      1.380   -999.900   -999.900   -999.900
    -40.000     -3.520   -999.900   -999.900   -999.900    996.380      0.000    -56.110    -56.110     -3.520   -999.900   -999.900   -999.900
    -45.000     -8.485   -999.900   -999.900   -999.900    991.415      0.000    -61.110    -61.110     -8.485   -999.900   -999.900   -999.900
    -50.000    -13.463   -999.900   -999.900   -999.900    986.437      0.000    -66.110    -66.110    -13.464   -999.900   -999.900   -999.900
    -55.000    -18.510   -999.900   -999.900   -999.900    981.390      0.000    -71.110    -71.110    -18.514   -999.900   -999.900   -999.900
    -60.000    -23.500   -999.900   -999.900   -999.900    976.400      0.000    -76.110    -76.110    -23.510   -999.900   -999.900   -999.900
    -65.000    -28.587   -999.900   -999.900   -999.900    971.313      0.000    -81.110    -81.110    -28.619   -999.900   -999.900   -999.900
    -70.000    -33.609   -999.900   -999.900   -999.900    966.291      0.000    -86.110    -86.110    -33.711   -999.900   -999.900   -999.900
    -75.000    -38.525   -999.900   -999.900   -999.900    961.375      0.000    -91.110    -91.110    -38.847   -999.900   -999.900   -999.900
    -80.000    -42.921   -999.900   -999.900   -999.900    956.979      0.000    -96.110    -96.110    -43.873   -999.900   -999.900   -999.900
    -85.000    -46.403   -999.900   -999.900   -999.900    953.497      0.000   -101.110   -101.110    -48.914   -999.900   -999.900   -999.900
    -90.000    -48.513   -999.900   -999.900   -999.900    951.387      0.000   -106.110   -106.110    -53.945   -999.900   -999.900   -999.900
    -95.000    -49.454   -999.900   -999.900   -999.900    950.446      0.000   -111.110   -111.110    -58.905   -999.900   -999.900   -999.900
   -100.000    -49.810   -999.900   -999.900   -999.900    950.090      0.000   -116.110   -116.110    -64.022   -999.900   -999.900   -999.900
   -105.000    -49.983   -999.900   -999.900   -999.900    949.917      0.000   -121.110   -121.110    -64.022   -999.900   -999.900   -999.900
   -110.000    -49.984   -999.900   -999.900   -999.900    949.916      0.000   -126.110   -126.110    -64.022   -999.900   -999.900   -999.900
   -115.000    -49.969   -999.900   -999.900   -999.900    949.931      0.000   -131.110   -131.110    -64.022   -999.900   -999.900   -999.900
   -120.000    -49.974   -999.900   -999.900   -999.900    949.926      0.000   -136.110   -136.110    -64.022   -999.900   -999.900   -999.900
