      0.000      6.139      3.212   -999.900   -999.900      2.928      0.000    -26.900    -26.210      6.139      3.212   -999.900   -999.900
     -5.000      6.004      3.300   -999.900   -999.900      2.704      0.000    -31.900    -31.210      6.004      3.300   -999.900   -999.900
    -10.000      5.358      3.259   -999.900   -999.900      2.099      0.000    -36.900    -36.210      5.358      3.259   -999.900   -999.900
    -15.000      3.580      2.937   -999.900   -999.900      0.642      0.000    -41.900    -41.210      3.579      2.937   -999.900   -999.900
    -20.000     -0.650      1.806   -999.900   -999.900     -2.456      0.000    -46.900    -46.210     -0.650      1.806   -999.900   -999.900
    -25.000     -5.468     -0.938   -999.900   -999.900     -4.530      0.000    -51.900    -51.210     -5.468     -0.938   -999.900   -999.900
    -30.000    -10.436     -5.688   -999.900   -999.900     -4.748      0.000    -56.900    -56.210    -10.436     -5.688   -999.900   -999.900
    -35.000    -15.461    -10.631   -999.900   -999.900     -4.830      0.000    -61.900    -61.210    -15.462    -10.631   -999.900   -999.900
    -40.000    -20.521    -15.645   -999.900   -999.900     -4.876      0.000    -66.900    -66.210    -20.522    -15.646   -999.900   -999.900
    -45.000    -25.591    -20.709   -999.900   -999.900     -4.881      0.000    -71.900    -71.210    -25.594    -20.712   -999.900   -999.900
    -50.000    -30.649    -25.748   -999.900   -999.900     -4.901      0.000    -76.900    -76.210    -30.659    -25.756   -999.900   -999.900
    -55.000    -35.742    -30.875   -999.900   -999.900     -4.868      0.000    -81.900    -81.210    -35.775    -30.900   -999.900   -999.900
    -60.000    -40.726    -35.946   -999.900   -999.900     -4.780      0.000    -86.900    -86.210    -40.830    -36.029   -999.900   -999.900
    -65.000    -45.580    -40.967   -999.900   -999.900     -4.613      0.000    -91.900    -91.210    -45.905    -41.237   -999.900   -999.900
    -70.000    -49.936    -45.549   -999.900   -999.900     -4.388      0.000    -96.900    -96.210    -50.890    -46.375   -999.900   -999.900
    -75.000    -53.384    -49.200   -999.900   -999.900     -4.185      0.000   -101.900   -101.210    -55.871    -51.429   -999.900   -999.900
    -80.000    -55.495    -51.489   -999.900   -999.900     -4.005      0.000   -106.900   -106.210    -60.852    -56.443   -999.900   -999.900
    -85.000    -56.458    -52.565   -999.900   -999.900     -3.893      0.000   -111.900   -111.210    -65.845    -61.480   -999.900   -999.900
    -90.000    -56.807    -52.959   -999.900   -999.900     -3.848      0.000   -116.900   -116.210    -70.655    -66.363   -999.900   -999.900
    -95.000    -56.929    -53.080   -999.900   -999.900     -3.849      0.000   -121.900   -121.210    -75.532    -70.357   -999.900   -999.900
   -100.000    -56.984    -53.131   -999.900   -999.900     -3.853      0.000   -126.900   -126.210    -86.104    -74.643   -999.900   -999.900
   -105.000    -56.990    -53.169   -999.900   -999.900     -3.821      0.000   -131.900   -131.210    -86.104    -74.643   -999.900   -999.900
   -110.000    -56.993    -53.157   -999.900   -999.900     -3.836      0.000   -136.900   -136.210    -86.104    -74.643   -999.900   -999.900
   -115.000    -56.993    -53.161   -999.900   -999.900     -3.832      0.000   -141.900   -141.210    -86.104    -74.643   -999.900   -999.900
   -120.000    -56.982    -53.162   -999.900   -999.900     -3.821      0.000   -146.900   -146.210    -86.104    -74.643   -999.900   -999.900
