      0.000      5.834      6.017   -999.900   -999.900     -0.182      0.000    -27.040    -27.130      5.834      6.017   -999.900   -999.900
     -5.000      5.872      6.020   -999.900   -999.900     -0.149      0.000    -32.040    -32.130      5.872      6.020   -999.900   -999.900
    -10.000      5.826      5.878   -999.900   -999.900     -0.052      0.000    -37.040    -37.130      5.826      5.878   -999.900   -999.900
    -15.000      5.449      5.274   -999.900   -999.900      0.175      0.000    -42.040    -42.130      5.449      5.274   -999.900   -999.900
    -20.000      4.262      3.939   -999.900   -999.900      0.323      0.000    -47.040    -47.130      4.262      3.939   -999.900   -999.900
    -25.000      1.899      0.633   -999.900   -999.900      1.266      0.000    -52.040    -52.130      1.899      0.633   -999.900   -999.900
    -30.000     -2.854     -4.258   -999.900   -999.900      1.404      0.000    -57.040    -57.130     -2.854     -4.258   -999.900   -999.900
    -35.000     -7.791     -9.188   -999.900   -999.900      1.397      0.000    -62.040    -62.130     -7.791     -9.188   -999.900   -999.900
    -40.000    -12.793    -14.205   -999.900   -999.900      1.412      0.000    -67.040    -67.130    -12.794    -14.205   -999.900   -999.900
    -45.000    -17.799    -19.234   -999.900   -999.900      1.435      0.000    -72.040    -72.130    -17.800    -19.235   -999.900   -999.900
    -50.000    -22.844    -24.317   -999.900   -999.900      1.473      0.000    -77.040    -77.130    -22.849    -24.320   -999.900   -999.900
    -55.000    -27.885    -29.426   -999.900   -999.900      1.541      0.000    -82.040    -82.130    -27.899    -29.437   -999.900   -999.900
    -60.000    -32.937    -34.605   -999.900   -999.900      1.668      0.000    -87.040    -87.130    -32.982    -34.643   -999.900   -999.900
    -65.000    -37.869    -39.716   -999.900   -999.900      1.847      0.000    -92.040    -92.130    -38.011    -39.838   -999.900   -999.900
    -70.000    -42.639    -44.627   -999.900   -999.900      1.987      0.000    -97.040    -97.130    -43.079    -45.018   -999.900   -999.900
    -75.000    -46.854    -48.953   -999.900   -999.900      2.099      0.000   -102.040   -102.130    -48.126    -50.108   -999.900   -999.900
    -80.000    -49.953    -52.190   -999.900   -999.900      2.236      0.000   -107.040   -107.130    -53.125    -55.132   -999.900   -999.900
    -85.000    -51.696    -54.045   -999.900   -999.900      2.349      0.000   -112.040   -112.130    -58.159    -60.142   -999.900   -999.900
    -90.000    -52.431    -54.829   -999.900   -999.900      2.398      0.000   -117.040   -117.130    -63.242    -64.988   -999.900   -999.900
    -95.000    -52.686    -55.123   -999.900   -999.900      2.437      0.000   -122.040   -122.130    -68.273    -69.906   -999.900   -999.900
   -100.000    -52.764    -55.207   -999.900   -999.900      2.443      0.000   -127.040   -127.130    -72.807    -73.690   -999.900   -999.900
   -105.000    -52.803    -55.257   -999.900   -999.900      2.454      0.000   -132.040   -132.130    -82.881    -80.709   -999.900   -999.900
   -110.000    -52.800    -55.266   -999.900   -999.900      2.466      0.000   -137.040   -137.130    -80.505    -86.161   -999.900   -999.900
   -115.000    -52.814    -55.276   -999.900   -999.900      2.462      0.000   -142.040   -142.130    -80.505    -86.161   -999.900   -999.900
   -120.000    -52.813    -55.279   -999.900   -999.900      2.466      0.000   -147.040   -147.130    -80.505    -86.161   -999.900   -999.900
