      0.000      3.299      3.735   -999.900   -999.900     -0.436      0.000    -27.380    -27.440      3.299      3.735   -999.900   -999.900
     -5.000      3.315      3.754   -999.900   -999.900     -0.439      0.000    -32.380    -32.440      3.315      3.754   -999.900   -999.900
    -10.000      3.206      3.661   -999.900   -999.900     -0.455      0.000    -37.380    -37.440      3.206      3.661   -999.900   -999.900
    -15.000      2.671      3.184   -999.900   -999.900     -0.513      0.000    -42.380    -42.440      2.671      3.184   -999.900   -999.900
    -20.000      1.078      1.614   -999.900   -999.900     -0.536      0.000    -47.380    -47.440      1.078      1.614   -999.900   -999.900
    -25.000     -2.575     -2.034   -999.900   -999.900     -0.541      0.000    -52.380    -52.440     -2.575     -2.034   -999.900   -999.900
    -30.000     -7.028     -6.491   -999.900   -999.900     -0.537      0.000    -57.380    -57.440     -7.028     -6.491   -999.900   -999.900
    -35.000    -11.727    -11.216   -999.900   -999.900     -0.511      0.000    -62.380    -62.440    -11.727    -11.216   -999.900   -999.900
    -40.000    -16.581    -16.059   -999.900   -999.900     -0.522      0.000    -67.380    -67.440    -16.581    -16.059   -999.900   -999.900
    -45.000    -21.486    -20.958   -999.900   -999.900     -0.529      0.000    -72.380    -72.440    -21.487    -20.958   -999.900   -999.900
    -50.000    -26.361    -25.811   -999.900   -999.900     -0.550      0.000    -77.380    -77.440    -26.362    -25.813   -999.900   -999.900
    -55.000    -31.282    -30.710   -999.900   -999.900     -0.572      0.000    -82.380    -82.440    -31.286    -30.714   -999.900   -999.900
    -60.000    -36.055    -35.583   -999.900   -999.900     -0.472      0.000    -87.380    -87.440    -36.067    -35.595   -999.900   -999.900
    -65.000    -41.240    -40.898   -999.900   -999.900     -0.342      0.000    -92.380    -92.440    -41.280    -40.940   -999.900   -999.900
    -70.000    -46.472    -46.186   -999.900   -999.900     -0.285      0.000    -97.380    -97.440    -46.605    -46.330   -999.900   -999.900
    -75.000    -51.421    -51.129   -999.900   -999.900     -0.293      0.000   -102.380   -102.440    -51.852    -51.592   -999.900   -999.900
    -80.000    -55.625    -55.338   -999.900   -999.900     -0.287      0.000   -107.380   -107.440    -56.868    -56.687   -999.900   -999.900
    -85.000    -58.844    -58.442   -999.900   -999.900     -0.403      0.000   -112.380   -112.440    -62.052    -61.865   -999.900   -999.900
    -90.000    -60.581    -60.046   -999.900   -999.900     -0.535      0.000   -117.380   -117.440    -67.139    -66.806   -999.900   -999.900
    -95.000    -61.303    -60.726   -999.900   -999.900     -0.577      0.000   -122.380   -122.440    -72.266    -71.847   -999.900   -999.900
   -100.000    -61.543    -60.956   -999.900   -999.900     -0.586      0.000   -127.380   -127.440    -77.090    -76.653   -999.900   -999.900
   -105.000    -61.666    -61.051   -999.900   -999.900     -0.615      0.000   -132.380   -132.440    -77.090    -83.600   -999.900   -999.900
   -110.000    -61.663    -61.076   -999.900   -999.900     -0.587      0.000   -137.380   -137.440    -77.090    -83.600   -999.900   -999.900
   -115.000    -61.668    -61.085   -999.900   -999.900     -0.584      0.000   -142.380   -142.440    -77.090    -83.600   -999.900   -999.900
   -120.000    -61.665    -61.088   -999.900   -999.900     -0.576      0.000   -147.380   -147.440    -77.090    -83.600   -999.900   -999.900
