      0.000      3.391      3.830   -999.900   -999.900     -0.439      0.000    -27.380    -27.440      3.391      3.830   -999.900   -999.900
     -5.000      3.410      3.851   -999.900   -999.900     -0.441      0.000    -32.380    -32.440      3.410      3.851   -999.900   -999.900
    -10.000      3.306      3.759   -999.900   -999.900     -0.453      0.000    -37.380    -37.440      3.306      3.759   -999.900   -999.900
    -15.000      2.792      3.288   -999.900   -999.900     -0.497      0.000    -42.380    -42.440      2.792      3.288   -999.900   -999.900
    -20.000      1.242      1.734   -999.900   -999.900     -0.492      0.000    -47.380    -47.440      1.242      1.734   -999.900   -999.900
    -25.000     -2.391     -1.917   -999.900   -999.900     -0.474      0.000    -52.380    -52.440     -2.391     -1.917   -999.900   -999.900
    -30.000     -6.828     -6.382   -999.900   -999.900     -0.446      0.000    -57.380    -57.440     -6.828     -6.382   -999.900   -999.900
    -35.000    -11.517    -11.084   -999.900   -999.900     -0.433      0.000    -62.380    -62.440    -11.517    -11.084   -999.900   -999.900
    -40.000    -16.405    -15.969   -999.900   -999.900     -0.436      0.000    -67.380    -67.440    -16.405    -15.969   -999.900   -999.900
    -45.000    -21.392    -20.939   -999.900   -999.900     -0.453      0.000    -72.380    -72.440    -21.392    -20.939   -999.900   -999.900
    -50.000    -26.402    -25.912   -999.900   -999.900     -0.489      0.000    -77.380    -77.440    -26.403    -25.914   -999.900   -999.900
    -55.000    -31.545    -30.961   -999.900   -999.900     -0.584      0.000    -82.380    -82.440    -31.549    -30.965   -999.900   -999.900
    -60.000    -36.636    -35.873   -999.900   -999.900     -0.763      0.000    -87.380    -87.440    -36.648    -35.887   -999.900   -999.900
    -65.000    -41.929    -40.794   -999.900   -999.900     -1.134      0.000    -92.380    -92.440    -41.971    -40.839   -999.900   -999.900
    -70.000    -47.151    -45.917   -999.900   -999.900     -1.234      0.000    -97.380    -97.440    -47.295    -46.064   -999.900   -999.900
    -75.000    -51.947    -50.777   -999.900   -999.900     -1.171      0.000   -102.380   -102.440    -52.396    -51.242   -999.900   -999.900
    -80.000    -56.044    -54.945   -999.900   -999.900     -1.099      0.000   -107.380   -107.440    -57.307    -56.285   -999.900   -999.900
    -85.000    -59.148    -58.001   -999.900   -999.900     -1.147      0.000   -112.380   -112.440    -62.296    -61.341   -999.900   -999.900
    -90.000    -60.903    -59.651   -999.900   -999.900     -1.252      0.000   -117.380   -117.440    -67.335    -66.321   -999.900   -999.900
    -95.000    -61.625    -60.346   -999.900   -999.900     -1.280      0.000   -122.380   -122.440    -72.194    -71.352   -999.900   -999.900
   -100.000    -61.881    -60.588   -999.900   -999.900     -1.293      0.000   -127.380   -127.440    -76.775    -76.367   -999.900   -999.900
   -105.000    -62.030    -60.708   -999.900   -999.900     -1.322      0.000   -132.380   -132.440    -76.775    -76.367   -999.900   -999.900
   -110.000    -62.014    -60.709   -999.900   -999.900     -1.305      0.000   -137.380   -137.440    -76.775    -76.367   -999.900   -999.900
   -115.000    -62.017    -60.700   -999.900   -999.900     -1.317      0.000   -142.380   -142.440    -76.775    -76.367   -999.900   -999.900
   -120.000    -62.036    -60.701   -999.900   -999.900     -1.334      0.000   -147.380   -147.440    -76.775    -76.367   -999.900   -999.900
