      0.000      6.345      3.151   -999.900   -999.900      3.194      0.000    -29.400    -30.400      6.345      3.151   -999.900   -999.900
     -5.000      6.124      3.093   -999.900   -999.900      3.032      0.000    -34.400    -35.400      6.124      3.093   -999.900   -999.900
    -10.000      5.204      2.703   -999.900   -999.900      2.501      0.000    -39.400    -40.400      5.204      2.703   -999.900   -999.900
    -15.000      2.830      1.362   -999.900   -999.900      1.468      0.000    -44.400    -45.400      2.830      1.362   -999.900   -999.900
    -20.000     -1.857     -2.098   -999.900   -999.900      0.241      0.000    -49.400    -50.400     -1.857     -2.098   -999.900   -999.900
    -25.000     -6.777     -6.913   -999.900   -999.900      0.136      0.000    -54.400    -55.400     -6.777     -6.913   -999.900   -999.900
    -30.000    -11.721    -11.821   -999.900   -999.900      0.100      0.000    -59.400    -60.400    -11.721    -11.821   -999.900   -999.900
    -35.000    -16.752    -16.833   -999.900   -999.900      0.081      0.000    -64.400    -65.400    -16.753    -16.834   -999.900   -999.900
    -40.000    -21.795    -21.855   -999.900   -999.900      0.059      0.000    -69.400    -70.400    -21.797    -21.857   -999.900   -999.900
    -45.000    -26.833    -26.874   -999.900   -999.900      0.041      0.000    -74.400    -75.400    -26.839    -26.880   -999.900   -999.900
    -50.000    -31.874    -31.874   -999.900   -999.900     -0.000      0.000    -79.400    -80.400    -31.894    -31.893   -999.900   -999.900
    -55.000    -36.782    -36.914   -999.900   -999.900      0.133      0.000    -84.400    -85.400    -36.842    -36.975   -999.900   -999.900
    -60.000    -41.530    -41.931   -999.900   -999.900      0.401      0.000    -89.400    -90.400    -41.713    -42.127   -999.900   -999.900
    -65.000    -46.180    -46.724   -999.900   -999.900      0.544      0.000    -94.400    -95.400    -46.737    -47.344   -999.900   -999.900
    -70.000    -50.193    -50.633   -999.900   -999.900      0.440      0.000    -99.400   -100.400    -51.763    -52.356   -999.900   -999.900
    -75.000    -53.012    -53.290   -999.900   -999.900      0.278      0.000   -104.400   -105.400    -56.787    -57.310   -999.900   -999.900
    -80.000    -54.490    -54.648   -999.900   -999.900      0.158      0.000   -109.400   -110.400    -61.849    -62.227   -999.900   -999.900
    -85.000    -55.088    -55.189   -999.900   -999.900      0.101      0.000   -114.400   -115.400    -67.073    -67.049   -999.900   -999.900
    -90.000    -55.278    -55.372   -999.900   -999.900      0.095      0.000   -119.400   -120.400    -71.954    -71.414   -999.900   -999.900
    -95.000    -55.351    -55.448   -999.900   -999.900      0.097      0.000   -124.400   -125.400    -78.434    -76.505   -999.900   -999.900
   -100.000    -55.364    -55.455   -999.900   -999.900      0.091      0.000   -129.400   -130.400    -82.902    -77.614   -999.900   -999.900
   -105.000    -55.372    -55.482   -999.900   -999.900      0.110      0.000   -134.400   -135.400    -82.902    -77.614   -999.900   -999.900
   -110.000    -55.382    -55.478   -999.900   -999.900      0.096      0.000   -139.400   -140.400    -82.902    -77.614   -999.900   -999.900
   -115.000    -55.374    -55.483   -999.900   -999.900      0.109      0.000   -144.400   -145.400    -82.902    -77.614   -999.900   -999.900
   -120.000    -55.359    -55.484   -999.900   -999.900      0.125      0.000   -149.400   -150.400    -82.902    -77.614   -999.900   -999.900
