      0.000      6.368      3.196   -999.900   -999.900      3.172      0.000    -29.400    -30.400      6.368      3.196   -999.900   -999.900
     -5.000      6.099      3.076   -999.900   -999.900      3.022      0.000    -34.400    -35.400      6.099      3.076   -999.900   -999.900
    -10.000      5.012      2.492   -999.900   -999.900      2.520      0.000    -39.400    -40.400      5.012      2.492   -999.900   -999.900
    -15.000      2.312      0.887   -999.900   -999.900      1.425      0.000    -44.400    -45.400      2.312      0.887   -999.900   -999.900
    -20.000     -2.445     -3.135   -999.900   -999.900      0.690      0.000    -49.400    -50.400     -2.445     -3.135   -999.900   -999.900
    -25.000     -7.327     -7.948   -999.900   -999.900      0.621      0.000    -54.400    -55.400     -7.327     -7.948   -999.900   -999.900
    -30.000    -12.369    -12.964   -999.900   -999.900      0.595      0.000    -59.400    -60.400    -12.369    -12.964   -999.900   -999.900
    -35.000    -17.370    -17.945   -999.900   -999.900      0.574      0.000    -64.400    -65.400    -17.371    -17.945   -999.900   -999.900
    -40.000    -22.434    -22.982   -999.900   -999.900      0.548      0.000    -69.400    -70.400    -22.436    -22.984   -999.900   -999.900
    -45.000    -27.499    -28.026   -999.900   -999.900      0.527      0.000    -74.400    -75.400    -27.506    -28.033   -999.900   -999.900
    -50.000    -32.542    -33.001   -999.900   -999.900      0.459      0.000    -79.400    -80.400    -32.563    -33.023   -999.900   -999.900
    -55.000    -37.456    -38.045   -999.900   -999.900      0.589      0.000    -84.400    -85.400    -37.521    -38.114   -999.900   -999.900
    -60.000    -42.191    -43.130   -999.900   -999.900      0.939      0.000    -89.400    -90.400    -42.388    -43.354   -999.900   -999.900
    -65.000    -46.797    -47.849   -999.900   -999.900      1.052      0.000    -94.400    -95.400    -47.392    -48.551   -999.900   -999.900
    -70.000    -50.760    -51.672   -999.900   -999.900      0.911      0.000    -99.400   -100.400    -52.431    -53.609   -999.900   -999.900
    -75.000    -53.492    -54.160   -999.900   -999.900      0.667      0.000   -104.400   -105.400    -57.462    -58.577   -999.900   -999.900
    -80.000    -54.882    -55.403   -999.900   -999.900      0.521      0.000   -109.400   -110.400    -62.453    -63.642   -999.900   -999.900
    -85.000    -55.446    -55.883   -999.900   -999.900      0.437      0.000   -114.400   -115.400    -67.625    -68.829   -999.900   -999.900
    -90.000    -55.636    -56.035   -999.900   -999.900      0.399      0.000   -119.400   -120.400    -72.959    -73.769   -999.900   -999.900
    -95.000    -55.690    -56.091   -999.900   -999.900      0.402      0.000   -124.400   -125.400    -77.618    -79.926   -999.900   -999.900
   -100.000    -55.710    -56.094   -999.900   -999.900      0.384      0.000   -129.400   -130.400    -83.571    -80.646   -999.900   -999.900
   -105.000    -55.719    -56.114   -999.900   -999.900      0.395      0.000   -134.400   -135.400    -83.571    -80.646   -999.900   -999.900
   -110.000    -55.726    -56.115   -999.900   -999.900      0.389      0.000   -139.400   -140.400    -83.571    -80.646   -999.900   -999.900
   -115.000    -55.720    -56.099   -999.900   -999.900      0.379      0.000   -144.400   -145.400    -83.571    -80.646   -999.900   -999.900
   -120.000    -55.705    -56.109   -999.900   -999.900      0.404      0.000   -149.400   -150.400    -83.571    -80.646   -999.900   -999.900
