      0.000      3.600      3.774   -999.900   -999.900     -0.174      0.000    -26.900    -26.210      3.600      3.774   -999.900   -999.900
     -5.000      3.560      3.742   -999.900   -999.900     -0.182      0.000    -31.900    -31.210      3.560      3.742   -999.900   -999.900
    -10.000      3.283      3.503   -999.900   -999.900     -0.221      0.000    -36.900    -36.210      3.283      3.503   -999.900   -999.900
    -15.000      2.223      2.553   -999.900   -999.900     -0.330      0.000    -41.900    -41.210      2.223      2.553   -999.900   -999.900
    -20.000     -0.585     -0.056   -999.900   -999.900     -0.528      0.000    -46.900    -46.210     -0.585     -0.056   -999.900   -999.900
    -25.000     -4.753     -4.187   -999.900   -999.900     -0.566      0.000    -51.900    -51.210     -4.753     -4.187   -999.900   -999.900
    -30.000     -9.399     -8.832   -999.900   -999.900     -0.567      0.000    -56.900    -56.210     -9.399     -8.832   -999.900   -999.900
    -35.000    -14.225    -13.649   -999.900   -999.900     -0.576      0.000    -61.900    -61.210    -14.225    -13.649   -999.900   -999.900
    -40.000    -19.184    -18.608   -999.900   -999.900     -0.576      0.000    -66.900    -66.210    -19.184    -18.608   -999.900   -999.900
    -45.000    -24.219    -23.649   -999.900   -999.900     -0.571      0.000    -71.900    -71.210    -24.221    -23.650   -999.900   -999.900
    -50.000    -29.294    -28.727   -999.900   -999.900     -0.567      0.000    -76.900    -76.210    -29.299    -28.732   -999.900   -999.900
    -55.000    -34.451    -33.835   -999.900   -999.900     -0.616      0.000    -81.900    -81.210    -34.467    -33.852   -999.900   -999.900
    -60.000    -39.243    -38.887   -999.900   -999.900     -0.356      0.000    -86.900    -86.210    -39.293    -38.940   -999.900   -999.900
    -65.000    -44.126    -43.757   -999.900   -999.900     -0.369      0.000    -91.900    -91.210    -44.280    -43.923   -999.900   -999.900
    -70.000    -48.662    -48.289   -999.900   -999.900     -0.373      0.000    -96.900    -96.210    -49.114    -48.777   -999.900   -999.900
    -75.000    -52.694    -52.480   -999.900   -999.900     -0.214      0.000   -101.900   -101.210    -53.946    -53.899   -999.900   -999.900
    -80.000    -55.750    -55.466   -999.900   -999.900     -0.285      0.000   -106.900   -106.210    -58.818    -58.975   -999.900   -999.900
    -85.000    -57.552    -57.057   -999.900   -999.900     -0.495      0.000   -111.900   -111.210    -63.877    -64.038   -999.900   -999.900
    -90.000    -58.320    -57.695   -999.900   -999.900     -0.625      0.000   -116.900   -116.210    -69.046    -69.016   -999.900   -999.900
    -95.000    -58.569    -57.914   -999.900   -999.900     -0.655      0.000   -121.900   -121.210    -73.716    -73.788   -999.900   -999.900
   -100.000    -58.679    -57.996   -999.900   -999.900     -0.683      0.000   -126.900   -126.210    -81.074    -79.351   -999.900   -999.900
   -105.000    -58.692    -58.031   -999.900   -999.900     -0.661      0.000   -131.900   -131.210    -84.422    -79.351   -999.900   -999.900
   -110.000    -58.707    -58.030   -999.900   -999.900     -0.677      0.000   -136.900   -136.210    -84.422    -79.351   -999.900   -999.900
   -115.000    -58.719    -58.023   -999.900   -999.900     -0.696      0.000   -141.900   -141.210    -84.422    -79.351   -999.900   -999.900
   -120.000    -58.697    -58.028   -999.900   -999.900     -0.670      0.000   -146.900   -146.210    -84.422    -79.351   -999.900   -999.900
