      0.000      3.468      3.668   -999.900   -999.900     -0.200      0.000    -26.900    -26.210      3.468      3.668   -999.900   -999.900
     -5.000      3.433      3.654   -999.900   -999.900     -0.222      0.000    -31.900    -31.210      3.433      3.654   -999.900   -999.900
    -10.000      3.168      3.471   -999.900   -999.900     -0.302      0.000    -36.900    -36.210      3.168      3.471   -999.900   -999.900
    -15.000      2.138      2.667   -999.900   -999.900     -0.528      0.000    -41.900    -41.210      2.138      2.667   -999.900   -999.900
    -20.000     -0.600      0.433   -999.900   -999.900     -1.032      0.000    -46.900    -46.210     -0.600      0.433   -999.900   -999.900
    -25.000     -4.764     -3.596   -999.900   -999.900     -1.168      0.000    -51.900    -51.210     -4.764     -3.596   -999.900   -999.900
    -30.000     -9.402     -8.181   -999.900   -999.900     -1.221      0.000    -56.900    -56.210     -9.402     -8.181   -999.900   -999.900
    -35.000    -14.182    -12.947   -999.900   -999.900     -1.235      0.000    -61.900    -61.210    -14.183    -12.947   -999.900   -999.900
    -40.000    -19.094    -17.865   -999.900   -999.900     -1.229      0.000    -66.900    -66.210    -19.094    -17.865   -999.900   -999.900
    -45.000    -24.049    -22.847   -999.900   -999.900     -1.202      0.000    -71.900    -71.210    -24.051    -22.848   -999.900   -999.900
    -50.000    -29.004    -27.873   -999.900   -999.900     -1.130      0.000    -76.900    -76.210    -29.009    -27.878   -999.900   -999.900
    -55.000    -34.003    -32.998   -999.900   -999.900     -1.006      0.000    -81.900    -81.210    -34.021    -33.011   -999.900   -999.900
    -60.000    -38.759    -38.003   -999.900   -999.900     -0.756      0.000    -86.900    -86.210    -38.812    -38.046   -999.900   -999.900
    -65.000    -43.215    -43.037   -999.900   -999.900     -0.178      0.000    -91.900    -91.210    -43.362    -43.176   -999.900   -999.900
    -70.000    -47.750    -47.460   -999.900   -999.900     -0.290      0.000    -96.900    -96.210    -48.183    -47.856   -999.900   -999.900
    -75.000    -51.881    -51.773   -999.900   -999.900     -0.108      0.000   -101.900   -101.210    -53.106    -52.939   -999.900   -999.900
    -80.000    -55.005    -54.830   -999.900   -999.900     -0.175      0.000   -106.900   -106.210    -58.054    -57.634   -999.900   -999.900
    -85.000    -56.774    -56.850   -999.900   -999.900      0.076      0.000   -111.900   -111.210    -62.941    -63.005   -999.900   -999.900
    -90.000    -57.582    -57.643   -999.900   -999.900      0.062      0.000   -116.900   -116.210    -68.197    -68.072   -999.900   -999.900
    -95.000    -57.826    -57.219   -999.900   -999.900     -0.607      0.000   -121.900   -121.210    -72.512    -64.781   -999.900   -999.900
   -100.000    -57.667    -57.966   -999.900   -999.900      0.299      0.000   -126.900   -126.210    -69.297    -74.873   -999.900   -999.900
   -105.000    -57.995    -58.041   -999.900   -999.900      0.046      0.000   -131.900   -131.210    -69.297    -82.848   -999.900   -999.900
   -110.000    -57.925    -58.058   -999.900   -999.900      0.133      0.000   -136.900   -136.210    -69.297    -82.848   -999.900   -999.900
   -115.000    -57.990    -58.064   -999.900   -999.900      0.074      0.000   -141.900   -141.210    -69.297    -82.848   -999.900   -999.900
   -120.000    -57.994    -58.060   -999.900   -999.900      0.065      0.000   -146.900   -146.210    -69.297    -82.848   -999.900   -999.900
