      0.000      3.568      3.754   -999.900   -999.900     -0.186      0.000    -26.900    -26.210      3.568      3.754   -999.900   -999.900
     -5.000      3.526      3.714   -999.900   -999.900     -0.188      0.000    -31.900    -31.210      3.526      3.714   -999.900   -999.900
    -10.000      3.236      3.442   -999.900   -999.900     -0.206      0.000    -36.900    -36.210      3.236      3.442   -999.900   -999.900
    -15.000      2.163      2.433   -999.900   -999.900     -0.271      0.000    -41.900    -41.210      2.163      2.433   -999.900   -999.900
    -20.000     -0.632     -0.283   -999.900   -999.900     -0.350      0.000    -46.900    -46.210     -0.632     -0.283   -999.900   -999.900
    -25.000     -4.817     -4.457   -999.900   -999.900     -0.360      0.000    -51.900    -51.210     -4.817     -4.457   -999.900   -999.900
    -30.000     -9.480     -9.130   -999.900   -999.900     -0.350      0.000    -56.900    -56.210     -9.480     -9.130   -999.900   -999.900
    -35.000    -14.279    -13.929   -999.900   -999.900     -0.350      0.000    -61.900    -61.210    -14.279    -13.929   -999.900   -999.900
    -40.000    -19.236    -18.892   -999.900   -999.900     -0.344      0.000    -66.900    -66.210    -19.237    -18.892   -999.900   -999.900
    -45.000    -24.274    -23.936   -999.900   -999.900     -0.338      0.000    -71.900    -71.210    -24.275    -23.938   -999.900   -999.900
    -50.000    -29.358    -29.029   -999.900   -999.900     -0.329      0.000    -76.900    -76.210    -29.363    -29.034   -999.900   -999.900
    -55.000    -34.512    -34.133   -999.900   -999.900     -0.379      0.000    -81.900    -81.210    -34.528    -34.150   -999.900   -999.900
    -60.000    -39.303    -39.212   -999.900   -999.900     -0.092      0.000    -86.900    -86.210    -39.352    -39.267   -999.900   -999.900
    -65.000    -44.172    -44.064   -999.900   -999.900     -0.108      0.000    -91.900    -91.210    -44.324    -44.235   -999.900   -999.900
    -70.000    -48.709    -48.563   -999.900   -999.900     -0.146      0.000    -96.900    -96.210    -49.155    -49.063   -999.900   -999.900
    -75.000    -52.735    -52.731   -999.900   -999.900     -0.004      0.000   -101.900   -101.210    -53.966    -54.180   -999.900   -999.900
    -80.000    -55.828    -55.669   -999.900   -999.900     -0.158      0.000   -106.900   -106.210    -58.865    -59.216   -999.900   -999.900
    -85.000    -57.627    -57.258   -999.900   -999.900     -0.369      0.000   -111.900   -111.210    -63.850    -64.351   -999.900   -999.900
    -90.000    -58.399    -57.877   -999.900   -999.900     -0.522      0.000   -116.900   -116.210    -68.832    -69.300   -999.900   -999.900
    -95.000    -58.682    -58.106   -999.900   -999.900     -0.576      0.000   -121.900   -121.210    -74.023    -74.708   -999.900   -999.900
   -100.000    -58.774    -58.170   -999.900   -999.900     -0.604      0.000   -126.900   -126.210    -79.424    -79.475   -999.900   -999.900
   -105.000    -58.819    -58.201   -999.900   -999.900     -0.618      0.000   -131.900   -131.210    -79.424    -95.098   -999.900   -999.900
   -110.000    -58.814    -58.201   -999.900   -999.900     -0.614      0.000   -136.900   -136.210    -79.424    -93.094   -999.900   -999.900
   -115.000    -58.799    -58.198   -999.900   -999.900     -0.601      0.000   -141.900   -141.210    -79.424    -89.249   -999.900   -999.900
   -120.000    -58.812    -58.208   -999.900   -999.900     -0.604      0.000   -146.900   -146.210    -79.424    -89.249   -999.900   -999.900
