      0.000      3.682      3.844   -999.900   -999.900     -0.162      0.000    -26.900    -26.210      3.682      3.844   -999.900   -999.900
     -5.000      3.646      3.810   -999.900   -999.900     -0.164      0.000    -31.900    -31.210      3.646      3.810   -999.900   -999.900
    -10.000      3.384      3.567   -999.900   -999.900     -0.183      0.000    -36.900    -36.210      3.384      3.567   -999.900   -999.900
    -15.000      2.362      2.603   -999.900   -999.900     -0.241      0.000    -41.900    -41.210      2.362      2.603   -999.900   -999.900
    -20.000     -0.385     -0.072   -999.900   -999.900     -0.313      0.000    -46.900    -46.210     -0.385     -0.072   -999.900   -999.900
    -25.000     -4.542     -4.233   -999.900   -999.900     -0.309      0.000    -51.900    -51.210     -4.542     -4.233   -999.900   -999.900
    -30.000     -9.171     -8.880   -999.900   -999.900     -0.291      0.000    -56.900    -56.210     -9.171     -8.880   -999.900   -999.900
    -35.000    -13.980    -13.694   -999.900   -999.900     -0.286      0.000    -61.900    -61.210    -13.980    -13.694   -999.900   -999.900
    -40.000    -18.928    -18.649   -999.900   -999.900     -0.279      0.000    -66.900    -66.210    -18.929    -18.650   -999.900   -999.900
    -45.000    -23.957    -23.683   -999.900   -999.900     -0.273      0.000    -71.900    -71.210    -23.958    -23.686   -999.900   -999.900
    -50.000    -29.030    -28.769   -999.900   -999.900     -0.261      0.000    -76.900    -76.210    -29.034    -28.777   -999.900   -999.900
    -55.000    -34.177    -33.862   -999.900   -999.900     -0.315      0.000    -81.900    -81.210    -34.192    -33.887   -999.900   -999.900
    -60.000    -38.985    -38.919   -999.900   -999.900     -0.067      0.000    -86.900    -86.210    -39.033    -39.000   -999.900   -999.900
    -65.000    -43.863    -43.725   -999.900   -999.900     -0.138      0.000    -91.900    -91.210    -44.011    -43.975   -999.900   -999.900
    -70.000    -48.430    -48.140   -999.900   -999.900     -0.290      0.000    -96.900    -96.210    -48.867    -48.870   -999.900   -999.900
    -75.000    -52.481    -51.973   -999.900   -999.900     -0.508      0.000   -101.900   -101.210    -53.691    -54.007   -999.900   -999.900
    -80.000    -55.590    -54.424   -999.900   -999.900     -1.166      0.000   -106.900   -106.210    -58.580    -59.079   -999.900   -999.900
    -85.000    -57.414    -55.588   -999.900   -999.900     -1.827      0.000   -111.900   -111.210    -63.567    -64.117   -999.900   -999.900
    -90.000    -58.191    -56.031   -999.900   -999.900     -2.159      0.000   -116.900   -116.210    -68.448    -69.228   -999.900   -999.900
    -95.000    -58.484    -56.183   -999.900   -999.900     -2.301      0.000   -121.900   -121.210    -73.571    -74.716   -999.900   -999.900
   -100.000    -58.592    -56.224   -999.900   -999.900     -2.367      0.000   -126.900   -126.210    -80.377    -79.608   -999.900   -999.900
   -105.000    -58.625    -56.238   -999.900   -999.900     -2.386      0.000   -131.900   -131.210    -80.377    -84.740   -999.900   -999.900
   -110.000    -58.617    -56.243   -999.900   -999.900     -2.374      0.000   -136.900   -136.210    -80.377    -91.608   -999.900   -999.900
   -115.000    -58.627    -56.243   -999.900   -999.900     -2.384      0.000   -141.900   -141.210    -80.377    -90.378   -999.900   -999.900
   -120.000    -58.614    -56.253   -999.900   -999.900     -2.360      0.000   -146.900   -146.210    -80.377    -90.378   -999.900   -999.900
