      0.000      3.472      3.672   -999.900   -999.900     -0.199      0.000    -26.900    -26.210      3.472      3.672   -999.900   -999.900
     -5.000      3.436      3.657   -999.900   -999.900     -0.221      0.000    -31.900    -31.210      3.436      3.657   -999.900   -999.900
    -10.000      3.170      3.473   -999.900   -999.900     -0.303      0.000    -36.900    -36.210      3.170      3.473   -999.900   -999.900
    -15.000      2.140      2.668   -999.900   -999.900     -0.528      0.000    -41.900    -41.210      2.140      2.668   -999.900   -999.900
    -20.000     -0.600      0.432   -999.900   -999.900     -1.032      0.000    -46.900    -46.210     -0.600      0.432   -999.900   -999.900
    -25.000     -4.765     -3.597   -999.900   -999.900     -1.167      0.000    -51.900    -51.210     -4.765     -3.597   -999.900   -999.900
    -30.000     -9.403     -8.182   -999.900   -999.900     -1.221      0.000    -56.900    -56.210     -9.403     -8.182   -999.900   -999.900
    -35.000    -14.183    -12.947   -999.900   -999.900     -1.236      0.000    -61.900    -61.210    -14.183    -12.947   -999.900   -999.900
    -40.000    -19.095    -17.865   -999.900   -999.900     -1.230      0.000    -66.900    -66.210    -19.095    -17.865   -999.900   -999.900
    -45.000    -24.050    -22.848   -999.900   -999.900     -1.203      0.000    -71.900    -71.210    -24.052    -22.849   -999.900   -999.900
    -50.000    -29.007    -27.875   -999.900   -999.900     -1.132      0.000    -76.900    -76.210    -29.013    -27.879   -999.900   -999.900
    -55.000    -34.009    -32.999   -999.900   -999.900     -1.010      0.000    -81.900    -81.210    -34.027    -33.013   -999.900   -999.900
    -60.000    -38.764    -38.010   -999.900   -999.900     -0.754      0.000    -86.900    -86.210    -38.817    -38.054   -999.900   -999.900
    -65.000    -43.219    -43.043   -999.900   -999.900     -0.176      0.000    -91.900    -91.210    -43.368    -43.184   -999.900   -999.900
    -70.000    -47.747    -47.533   -999.900   -999.900     -0.214      0.000    -96.900    -96.210    -48.184    -47.944   -999.900   -999.900
    -75.000    -51.898    -51.790   -999.900   -999.900     -0.108      0.000   -101.900   -101.210    -53.141    -52.985   -999.900   -999.900
    -80.000    -54.965    -55.014   -999.900   -999.900      0.050      0.000   -106.900   -106.210    -58.014    -58.071   -999.900   -999.900
    -85.000    -56.810    -56.224   -999.900   -999.900     -0.587      0.000   -111.900   -111.210    -63.225    -61.006   -999.900   -999.900
    -90.000    -57.576    -57.606   -999.900   -999.900      0.030      0.000   -116.900   -116.210    -68.567    -68.454   -999.900   -999.900
    -95.000    -57.856    -57.951   -999.900   -999.900      0.095      0.000   -121.900   -121.210    -75.218    -79.873   -999.900   -999.900
   -100.000    -57.944    -58.037   -999.900   -999.900      0.093      0.000   -126.900   -126.210    -75.218    -79.873   -999.900   -999.900
   -105.000    -57.967    -58.032   -999.900   -999.900      0.065      0.000   -131.900   -131.210    -75.218    -79.873   -999.900   -999.900
   -110.000    -57.980    -58.014   -999.900   -999.900      0.034      0.000   -136.900   -136.210    -75.218    -79.873   -999.900   -999.900
   -115.000    -57.985    -58.074   -999.900   -999.900      0.089      0.000   -141.900   -141.210    -75.218    -79.873   -999.900   -999.900
   -120.000    -57.815    -57.801   -999.900   -999.900     -0.014      0.000   -146.900   -146.210    -75.218    -79.873   -999.900   -999.900
