      0.000      3.753      3.893   -999.900   -999.900     -0.139      0.000    -26.900    -26.210      3.753      3.893   -999.900   -999.900
     -5.000      3.724      3.867   -999.900   -999.900     -0.143      0.000    -31.900    -31.210      3.724      3.867   -999.900   -999.900
    -10.000      3.486      3.652   -999.900   -999.900     -0.166      0.000    -36.900    -36.210      3.486      3.652   -999.900   -999.900
    -15.000      2.503      2.739   -999.900   -999.900     -0.236      0.000    -41.900    -41.210      2.503      2.739   -999.900   -999.900
    -20.000     -0.199      0.147   -999.900   -999.900     -0.347      0.000    -46.900    -46.210     -0.199      0.147   -999.900   -999.900
    -25.000     -4.344     -3.998   -999.900   -999.900     -0.346      0.000    -51.900    -51.210     -4.344     -3.998   -999.900   -999.900
    -30.000     -8.905     -8.580   -999.900   -999.900     -0.325      0.000    -56.900    -56.210     -8.905     -8.580   -999.900   -999.900
    -35.000    -13.751    -13.432   -999.900   -999.900     -0.318      0.000    -61.900    -61.210    -13.751    -13.433   -999.900   -999.900
    -40.000    -18.690    -18.380   -999.900   -999.900     -0.310      0.000    -66.900    -66.210    -18.691    -18.381   -999.900   -999.900
    -45.000    -23.708    -23.405   -999.900   -999.900     -0.303      0.000    -71.900    -71.210    -23.709    -23.408   -999.900   -999.900
    -50.000    -28.789    -28.494   -999.900   -999.900     -0.295      0.000    -76.900    -76.210    -28.794    -28.502   -999.900   -999.900
    -55.000    -33.934    -33.590   -999.900   -999.900     -0.344      0.000    -81.900    -81.210    -33.949    -33.615   -999.900   -999.900
    -60.000    -38.732    -38.607   -999.900   -999.900     -0.125      0.000    -86.900    -86.210    -38.779    -38.688   -999.900   -999.900
    -65.000    -43.639    -43.439   -999.900   -999.900     -0.200      0.000    -91.900    -91.210    -43.785    -43.688   -999.900   -999.900
    -70.000    -48.214    -47.863   -999.900   -999.900     -0.352      0.000    -96.900    -96.210    -48.646    -48.590   -999.900   -999.900
    -75.000    -52.255    -51.689   -999.900   -999.900     -0.567      0.000   -101.900   -101.210    -53.445    -53.711   -999.900   -999.900
    -80.000    -55.399    -54.162   -999.900   -999.900     -1.236      0.000   -106.900   -106.210    -58.359    -58.821   -999.900   -999.900
    -85.000    -57.252    -55.342   -999.900   -999.900     -1.911      0.000   -111.900   -111.210    -63.401    -63.982   -999.900   -999.900
    -90.000    -58.024    -55.753   -999.900   -999.900     -2.272      0.000   -116.900   -116.210    -68.229    -68.673   -999.900   -999.900
    -95.000    -58.327    -55.919   -999.900   -999.900     -2.408      0.000   -121.900   -121.210    -73.537    -74.453   -999.900   -999.900
   -100.000    -58.393    -55.977   -999.900   -999.900     -2.416      0.000   -126.900   -126.210    -76.532    -86.829   -999.900   -999.900
   -105.000    -58.476    -55.991   -999.900   -999.900     -2.485      0.000   -131.900   -131.210    -76.532    -86.829   -999.900   -999.900
   -110.000    -58.453    -55.974   -999.900   -999.900     -2.480      0.000   -136.900   -136.210    -76.532    -86.829   -999.900   -999.900
   -115.000    -58.470    -55.971   -999.900   -999.900     -2.500      0.000   -141.900   -141.210    -76.532    -86.829   -999.900   -999.900
   -120.000    -58.440    -55.985   -999.900   -999.900     -2.455      0.000   -146.900   -146.210    -76.532    -86.829   -999.900   -999.900
