      0.000      3.951      4.020   -999.900   -999.900     -0.070      0.000    -26.900    -26.210      3.951      4.020   -999.900   -999.900
     -5.000      3.935      4.015   -999.900   -999.900     -0.080      0.000    -31.900    -31.210      3.935      4.015   -999.900   -999.900
    -10.000      3.742      3.869   -999.900   -999.900     -0.126      0.000    -36.900    -36.210      3.742      3.869   -999.900   -999.900
    -15.000      2.850      3.125   -999.900   -999.900     -0.275      0.000    -41.900    -41.210      2.850      3.125   -999.900   -999.900
    -20.000      0.250      0.901   -999.900   -999.900     -0.651      0.000    -46.900    -46.210      0.250      0.901   -999.900   -999.900
    -25.000     -3.868     -3.162   -999.900   -999.900     -0.706      0.000    -51.900    -51.210     -3.868     -3.162   -999.900   -999.900
    -30.000     -8.284     -7.586   -999.900   -999.900     -0.697      0.000    -56.900    -56.210     -8.284     -7.586   -999.900   -999.900
    -35.000    -13.201    -12.507   -999.900   -999.900     -0.694      0.000    -61.900    -61.210    -13.201    -12.507   -999.900   -999.900
    -40.000    -18.133    -17.438   -999.900   -999.900     -0.695      0.000    -66.900    -66.210    -18.134    -17.438   -999.900   -999.900
    -45.000    -23.114    -22.424   -999.900   -999.900     -0.689      0.000    -71.900    -71.210    -23.116    -22.426   -999.900   -999.900
    -50.000    -28.206    -27.518   -999.900   -999.900     -0.687      0.000    -76.900    -76.210    -28.212    -27.524   -999.900   -999.900
    -55.000    -33.342    -32.637   -999.900   -999.900     -0.705      0.000    -81.900    -81.210    -33.362    -32.657   -999.900   -999.900
    -60.000    -38.096    -37.595   -999.900   -999.900     -0.501      0.000    -86.900    -86.210    -38.158    -37.658   -999.900   -999.900
    -65.000    -43.011    -42.619   -999.900   -999.900     -0.392      0.000    -91.900    -91.210    -43.206    -42.824   -999.900   -999.900
    -70.000    -47.525    -47.041   -999.900   -999.900     -0.484      0.000    -96.900    -96.210    -48.101    -47.634   -999.900   -999.900
    -75.000    -51.396    -51.020   -999.900   -999.900     -0.375      0.000   -101.900   -101.210    -52.963    -52.689   -999.900   -999.900
    -80.000    -54.188    -53.758   -999.900   -999.900     -0.431      0.000   -106.900   -106.210    -57.918    -57.729   -999.900   -999.900
    -85.000    -55.668    -55.155   -999.900   -999.900     -0.513      0.000   -111.900   -111.210    -62.886    -62.769   -999.900   -999.900
    -90.000    -56.259    -55.683   -999.900   -999.900     -0.576      0.000   -116.900   -116.210    -67.704    -67.458   -999.900   -999.900
    -95.000    -56.486    -55.885   -999.900   -999.900     -0.601      0.000   -121.900   -121.210    -73.079    -72.435   -999.900   -999.900
   -100.000    -56.525    -55.947   -999.900   -999.900     -0.578      0.000   -126.900   -126.210    -75.356    -76.904   -999.900   -999.900
   -105.000    -56.583    -55.982   -999.900   -999.900     -0.601      0.000   -131.900   -131.210    -75.356    -76.904   -999.900   -999.900
   -110.000    -56.570    -55.983   -999.900   -999.900     -0.588      0.000   -136.900   -136.210    -75.356    -76.904   -999.900   -999.900
   -115.000    -56.586    -55.984   -999.900   -999.900     -0.603      0.000   -141.900   -141.210    -75.356    -76.904   -999.900   -999.900
   -120.000    -56.588    -55.979   -999.900   -999.900     -0.609      0.000   -146.900   -146.210    -75.356    -76.904   -999.900   -999.900
