      0.000      3.770      3.912   -999.900   -999.900     -0.142      0.000    -26.900    -26.210      3.770      3.912   -999.900   -999.900
     -5.000      3.741      3.885   -999.900   -999.900     -0.144      0.000    -31.900    -31.210      3.741      3.885   -999.900   -999.900
    -10.000      3.506      3.666   -999.900   -999.900     -0.160      0.000    -36.900    -36.210      3.506      3.666   -999.900   -999.900
    -15.000      2.541      2.752   -999.900   -999.900     -0.211      0.000    -41.900    -41.210      2.541      2.752   -999.900   -999.900
    -20.000     -0.114      0.161   -999.900   -999.900     -0.275      0.000    -46.900    -46.210     -0.114      0.161   -999.900   -999.900
    -25.000     -4.251     -3.989   -999.900   -999.900     -0.261      0.000    -51.900    -51.210     -4.251     -3.989   -999.900   -999.900
    -30.000     -8.832     -8.596   -999.900   -999.900     -0.236      0.000    -56.900    -56.210     -8.832     -8.597   -999.900   -999.900
    -35.000    -13.648    -13.424   -999.900   -999.900     -0.224      0.000    -61.900    -61.210    -13.648    -13.424   -999.900   -999.900
    -40.000    -18.587    -18.372   -999.900   -999.900     -0.215      0.000    -66.900    -66.210    -18.587    -18.373   -999.900   -999.900
    -45.000    -23.603    -23.396   -999.900   -999.900     -0.208      0.000    -71.900    -71.210    -23.605    -23.399   -999.900   -999.900
    -50.000    -28.685    -28.484   -999.900   -999.900     -0.200      0.000    -76.900    -76.210    -28.689    -28.493   -999.900   -999.900
    -55.000    -33.826    -33.576   -999.900   -999.900     -0.250      0.000    -81.900    -81.210    -33.841    -33.605   -999.900   -999.900
    -60.000    -38.638    -38.610   -999.900   -999.900     -0.028      0.000    -86.900    -86.210    -38.683    -38.701   -999.900   -999.900
    -65.000    -43.512    -43.471   -999.900   -999.900     -0.042      0.000    -91.900    -91.210    -43.655    -43.755   -999.900   -999.900
    -70.000    -48.115    -47.801   -999.900   -999.900     -0.314      0.000    -96.900    -96.210    -48.539    -48.619   -999.900   -999.900
    -75.000    -52.180    -51.495   -999.900   -999.900     -0.685      0.000   -101.900   -101.210    -53.357    -53.729   -999.900   -999.900
    -80.000    -55.316    -53.792   -999.900   -999.900     -1.524      0.000   -106.900   -106.210    -58.230    -58.774   -999.900   -999.900
    -85.000    -57.197    -54.852   -999.900   -999.900     -2.345      0.000   -111.900   -111.210    -63.283    -63.746   -999.900   -999.900
    -90.000    -57.979    -55.249   -999.900   -999.900     -2.731      0.000   -116.900   -116.210    -68.085    -68.656   -999.900   -999.900
    -95.000    -58.288    -55.373   -999.900   -999.900     -2.915      0.000   -121.900   -121.210    -73.367    -72.845   -999.900   -999.900
   -100.000    -58.385    -55.414   -999.900   -999.900     -2.970      0.000   -126.900   -126.210    -78.674    -76.107   -999.900   -999.900
   -105.000    -58.421    -55.455   -999.900   -999.900     -2.966      0.000   -131.900   -131.210    -88.539    -76.107   -999.900   -999.900
   -110.000    -58.426    -55.452   -999.900   -999.900     -2.974      0.000   -136.900   -136.210    -88.539    -76.107   -999.900   -999.900
   -115.000    -58.423    -55.456   -999.900   -999.900     -2.967      0.000   -141.900   -141.210    -88.539    -76.107   -999.900   -999.900
   -120.000    -58.431    -55.444   -999.900   -999.900     -2.988      0.000   -146.900   -146.210    -88.539    -76.107   -999.900   -999.900
