      0.000      3.754      3.894   -999.900   -999.900     -0.140      0.000    -26.900    -26.210      3.754      3.894   -999.900   -999.900
     -5.000      3.723      3.867   -999.900   -999.900     -0.144      0.000    -31.900    -31.210      3.723      3.867   -999.900   -999.900
    -10.000      3.483      3.650   -999.900   -999.900     -0.167      0.000    -36.900    -36.210      3.483      3.650   -999.900   -999.900
    -15.000      2.498      2.736   -999.900   -999.900     -0.237      0.000    -41.900    -41.210      2.498      2.736   -999.900   -999.900
    -20.000     -0.203      0.142   -999.900   -999.900     -0.345      0.000    -46.900    -46.210     -0.203      0.142   -999.900   -999.900
    -25.000     -4.346     -4.002   -999.900   -999.900     -0.344      0.000    -51.900    -51.210     -4.346     -4.002   -999.900   -999.900
    -30.000     -8.921     -8.596   -999.900   -999.900     -0.325      0.000    -56.900    -56.210     -8.921     -8.597   -999.900   -999.900
    -35.000    -13.757    -13.440   -999.900   -999.900     -0.317      0.000    -61.900    -61.210    -13.757    -13.440   -999.900   -999.900
    -40.000    -18.697    -18.388   -999.900   -999.900     -0.309      0.000    -66.900    -66.210    -18.697    -18.389   -999.900   -999.900
    -45.000    -23.716    -23.415   -999.900   -999.900     -0.302      0.000    -71.900    -71.210    -23.718    -23.417   -999.900   -999.900
    -50.000    -28.795    -28.502   -999.900   -999.900     -0.293      0.000    -76.900    -76.210    -28.799    -28.510   -999.900   -999.900
    -55.000    -33.938    -33.595   -999.900   -999.900     -0.343      0.000    -81.900    -81.210    -33.953    -33.620   -999.900   -999.900
    -60.000    -38.744    -38.626   -999.900   -999.900     -0.118      0.000    -86.900    -86.210    -38.791    -38.706   -999.900   -999.900
    -65.000    -43.643    -43.462   -999.900   -999.900     -0.181      0.000    -91.900    -91.210    -43.789    -43.709   -999.900   -999.900
    -70.000    -48.226    -47.862   -999.900   -999.900     -0.365      0.000    -96.900    -96.210    -48.659    -48.580   -999.900   -999.900
    -75.000    -52.281    -51.714   -999.900   -999.900     -0.567      0.000   -101.900   -101.210    -53.480    -53.720   -999.900   -999.900
    -80.000    -55.406    -54.199   -999.900   -999.900     -1.207      0.000   -106.900   -106.210    -58.379    -58.829   -999.900   -999.900
    -85.000    -57.231    -55.378   -999.900   -999.900     -1.853      0.000   -111.900   -111.210    -63.332    -63.920   -999.900   -999.900
    -90.000    -58.033    -55.821   -999.900   -999.900     -2.211      0.000   -116.900   -116.210    -68.366    -69.054   -999.900   -999.900
    -95.000    -58.302    -55.947   -999.900   -999.900     -2.355      0.000   -121.900   -121.210    -72.931    -73.058   -999.900   -999.900
   -100.000    -58.410    -56.003   -999.900   -999.900     -2.407      0.000   -126.900   -126.210    -78.346    -77.710   -999.900   -999.900
   -105.000    -58.449    -56.030   -999.900   -999.900     -2.419      0.000   -131.900   -131.210    -87.424    -88.538   -999.900   -999.900
   -110.000    -58.453    -56.046   -999.900   -999.900     -2.407      0.000   -136.900   -136.210    -92.891    -88.538   -999.900   -999.900
   -115.000    -58.462    -56.028   -999.900   -999.900     -2.434      0.000   -141.900   -141.210    -92.891    -88.538   -999.900   -999.900
   -120.000    -58.454    -56.026   -999.900   -999.900     -2.428      0.000   -146.900   -146.210    -92.891    -88.538   -999.900   -999.900
