      0.000      3.665      3.746   -999.900   -999.900     -0.080      0.000    -27.040    -27.130      3.665      3.746   -999.900   -999.900
     -5.000      3.675      3.769   -999.900   -999.900     -0.094      0.000    -32.040    -32.130      3.675      3.769   -999.900   -999.900
    -10.000      3.643      3.745   -999.900   -999.900     -0.103      0.000    -37.040    -37.130      3.643      3.745   -999.900   -999.900
    -15.000      3.405      3.360   -999.900   -999.900      0.045      0.000    -42.040    -42.130      3.405      3.360   -999.900   -999.900
    -20.000      2.545      2.122   -999.900   -999.900      0.424      0.000    -47.040    -47.130      2.545      2.122   -999.900   -999.900
    -25.000      0.069     -1.245   -999.900   -999.900      1.314      0.000    -52.040    -52.130      0.069     -1.245   -999.900   -999.900
    -30.000     -3.959     -5.500   -999.900   -999.900      1.542      0.000    -57.040    -57.130     -3.959     -5.500   -999.900   -999.900
    -35.000     -8.611    -10.274   -999.900   -999.900      1.663      0.000    -62.040    -62.130     -8.611    -10.274   -999.900   -999.900
    -40.000    -13.420    -15.146   -999.900   -999.900      1.726      0.000    -67.040    -67.130    -13.420    -15.147   -999.900   -999.900
    -45.000    -18.321    -20.088   -999.900   -999.900      1.767      0.000    -72.040    -72.130    -18.322    -20.090   -999.900   -999.900
    -50.000    -23.269    -25.079   -999.900   -999.900      1.809      0.000    -77.040    -77.130    -23.274    -25.083   -999.900   -999.900
    -55.000    -28.342    -30.218   -999.900   -999.900      1.876      0.000    -82.040    -82.130    -28.355    -30.234   -999.900   -999.900
    -60.000    -33.296    -35.321   -999.900   -999.900      2.025      0.000    -87.040    -87.130    -33.338    -35.372   -999.900   -999.900
    -65.000    -38.388    -40.307   -999.900   -999.900      1.919      0.000    -92.040    -92.130    -38.525    -40.470   -999.900   -999.900
    -70.000    -43.153    -44.847   -999.900   -999.900      1.694      0.000    -97.040    -97.130    -43.577    -45.326   -999.900   -999.900
    -75.000    -47.369    -49.067   -999.900   -999.900      1.699      0.000   -102.040   -102.130    -48.594    -50.470   -999.900   -999.900
    -80.000    -50.542    -52.060   -999.900   -999.900      1.518      0.000   -107.040   -107.130    -53.643    -55.525   -999.900   -999.900
    -85.000    -52.223    -53.672   -999.900   -999.900      1.449      0.000   -112.040   -112.130    -58.268    -60.592   -999.900   -999.900
    -90.000    -52.988    -54.338   -999.900   -999.900      1.349      0.000   -117.040   -117.130    -62.826    -65.809   -999.900   -999.900
    -95.000    -53.306    -54.541   -999.900   -999.900      1.235      0.000   -122.040   -122.130    -67.764    -70.282   -999.900   -999.900
   -100.000    -53.432    -54.623   -999.900   -999.900      1.191      0.000   -127.040   -127.130    -74.708    -75.485   -999.900   -999.900
   -105.000    -53.461    -54.657   -999.900   -999.900      1.196      0.000   -132.040   -132.130    -85.332    -90.160   -999.900   -999.900
   -110.000    -53.469    -54.659   -999.900   -999.900      1.190      0.000   -137.040   -137.130    -85.332   -109.669   -999.900   -999.900
   -115.000    -53.459    -54.659   -999.900   -999.900      1.201      0.000   -142.040   -142.130    -85.332   -109.669   -999.900   -999.900
   -120.000    -53.468    -54.659   -999.900   -999.900      1.191      0.000   -147.040   -147.130    -85.332   -109.669   -999.900   -999.900
