      0.000      3.429      3.760   -999.900   -999.900     -0.331      0.000    -27.040    -27.130      3.429      3.760   -999.900   -999.900
     -5.000      3.431      3.758   -999.900   -999.900     -0.328      0.000    -32.040    -32.130      3.431      3.758   -999.900   -999.900
    -10.000      3.352      3.679   -999.900   -999.900     -0.327      0.000    -37.040    -37.130      3.352      3.679   -999.900   -999.900
    -15.000      2.939      3.292   -999.900   -999.900     -0.353      0.000    -42.040    -42.130      2.939      3.292   -999.900   -999.900
    -20.000      1.777      2.214   -999.900   -999.900     -0.437      0.000    -47.040    -47.130      1.777      2.214   -999.900   -999.900
    -25.000     -1.280     -0.618   -999.900   -999.900     -0.662      0.000    -52.040    -52.130     -1.280     -0.618   -999.900   -999.900
    -30.000     -5.590     -4.880   -999.900   -999.900     -0.710      0.000    -57.040    -57.130     -5.590     -4.880   -999.900   -999.900
    -35.000    -10.245     -9.512   -999.900   -999.900     -0.733      0.000    -62.040    -62.130    -10.245     -9.512   -999.900   -999.900
    -40.000    -15.094    -14.340   -999.900   -999.900     -0.754      0.000    -67.040    -67.130    -15.094    -14.340   -999.900   -999.900
    -45.000    -20.028    -19.270   -999.900   -999.900     -0.757      0.000    -72.040    -72.130    -20.029    -19.272   -999.900   -999.900
    -50.000    -24.969    -24.205   -999.900   -999.900     -0.764      0.000    -77.040    -77.130    -24.974    -24.211   -999.900   -999.900
    -55.000    -30.059    -29.279   -999.900   -999.900     -0.780      0.000    -82.040    -82.130    -30.076    -29.296   -999.900   -999.900
    -60.000    -35.177    -34.367   -999.900   -999.900     -0.810      0.000    -87.040    -87.130    -35.231    -34.421   -999.900   -999.900
    -65.000    -40.233    -39.465   -999.900   -999.900     -0.768      0.000    -92.040    -92.130    -40.408    -39.644   -999.900   -999.900
    -70.000    -44.986    -44.115   -999.900   -999.900     -0.871      0.000    -97.040    -97.130    -45.533    -44.659   -999.900   -999.900
    -75.000    -49.032    -48.251   -999.900   -999.900     -0.781      0.000   -102.040   -102.130    -50.583    -49.833   -999.900   -999.900
    -80.000    -51.925    -51.069   -999.900   -999.900     -0.856      0.000   -107.040   -107.130    -55.744    -54.879   -999.900   -999.900
    -85.000    -53.327    -52.526   -999.900   -999.900     -0.801      0.000   -112.040   -112.130    -60.489    -59.898   -999.900   -999.900
    -90.000    -54.067    -53.117   -999.900   -999.900     -0.951      0.000   -117.040   -117.130    -67.824    -65.048   -999.900   -999.900
    -95.000    -54.059    -53.317   -999.900   -999.900     -0.743      0.000   -122.040   -122.130    -67.638    -70.311   -999.900   -999.900
   -100.000    -54.435    -53.379   -999.900   -999.900     -1.057      0.000   -127.040   -127.130    -67.638    -75.701   -999.900   -999.900
   -105.000    -54.254    -53.415   -999.900   -999.900     -0.839      0.000   -132.040   -132.130    -67.638    -75.701   -999.900   -999.900
   -110.000    -54.148    -53.407   -999.900   -999.900     -0.741      0.000   -137.040   -137.130    -67.638    -75.701   -999.900   -999.900
   -115.000    -54.257    -53.396   -999.900   -999.900     -0.861      0.000   -142.040   -142.130    -67.638    -75.701   -999.900   -999.900
   -120.000    -54.360    -53.399   -999.900   -999.900     -0.961      0.000   -147.040   -147.130    -67.638    -75.701   -999.900   -999.900
