      0.000      3.605      3.862   -999.900   -999.900     -0.258      0.000    -27.040    -27.130      3.605      3.862   -999.900   -999.900
     -5.000      3.612      3.869   -999.900   -999.900     -0.256      0.000    -32.040    -32.130      3.612      3.869   -999.900   -999.900
    -10.000      3.572      3.826   -999.900   -999.900     -0.254      0.000    -37.040    -37.130      3.572      3.826   -999.900   -999.900
    -15.000      3.304      3.574   -999.900   -999.900     -0.270      0.000    -42.040    -42.130      3.304      3.574   -999.900   -999.900
    -20.000      2.389      2.716   -999.900   -999.900     -0.327      0.000    -47.040    -47.130      2.389      2.716   -999.900   -999.900
    -25.000     -0.191      0.364   -999.900   -999.900     -0.555      0.000    -52.040    -52.130     -0.191      0.364   -999.900   -999.900
    -30.000     -4.321     -3.725   -999.900   -999.900     -0.596      0.000    -57.040    -57.130     -4.321     -3.725   -999.900   -999.900
    -35.000     -8.949     -8.339   -999.900   -999.900     -0.610      0.000    -62.040    -62.130     -8.950     -8.339   -999.900   -999.900
    -40.000    -13.767    -13.143   -999.900   -999.900     -0.624      0.000    -67.040    -67.130    -13.767    -13.143   -999.900   -999.900
    -45.000    -18.682    -18.045   -999.900   -999.900     -0.636      0.000    -72.040    -72.130    -18.683    -18.047   -999.900   -999.900
    -50.000    -23.615    -22.981   -999.900   -999.900     -0.633      0.000    -77.040    -77.130    -23.619    -22.986   -999.900   -999.900
    -55.000    -28.685    -28.057   -999.900   -999.900     -0.629      0.000    -82.040    -82.130    -28.699    -28.072   -999.900   -999.900
    -60.000    -33.705    -33.105   -999.900   -999.900     -0.600      0.000    -87.040    -87.130    -33.748    -33.152   -999.900   -999.900
    -65.000    -38.835    -38.277   -999.900   -999.900     -0.558      0.000    -92.040    -92.130    -38.976    -38.434   -999.900   -999.900
    -70.000    -43.638    -42.918   -999.900   -999.900     -0.720      0.000    -97.040    -97.130    -44.079    -43.393   -999.900   -999.900
    -75.000    -47.812    -47.091   -999.900   -999.900     -0.721      0.000   -102.040   -102.130    -49.076    -48.463   -999.900   -999.900
    -80.000    -50.911    -50.113   -999.900   -999.900     -0.798      0.000   -107.040   -107.130    -54.059    -53.517   -999.900   -999.900
    -85.000    -52.662    -51.750   -999.900   -999.900     -0.912      0.000   -112.040   -112.130    -59.075    -58.572   -999.900   -999.900
    -90.000    -53.409    -52.407   -999.900   -999.900     -1.002      0.000   -117.040   -117.130    -64.190    -63.460   -999.900   -999.900
    -95.000    -53.652    -52.642   -999.900   -999.900     -1.010      0.000   -122.040   -122.130    -68.770    -68.278   -999.900   -999.900
   -100.000    -53.731    -52.717   -999.900   -999.900     -1.014      0.000   -127.040   -127.130    -72.559    -72.557   -999.900   -999.900
   -105.000    -53.795    -52.760   -999.900   -999.900     -1.035      0.000   -132.040   -132.130    -72.559    -85.805   -999.900   -999.900
   -110.000    -53.782    -52.769   -999.900   -999.900     -1.013      0.000   -137.040   -137.130    -72.559    -85.805   -999.900   -999.900
   -115.000    -53.786    -52.763   -999.900   -999.900     -1.022      0.000   -142.040   -142.130    -72.559    -85.805   -999.900   -999.900
   -120.000    -53.790    -52.756   -999.900   -999.900     -1.034      0.000   -147.040   -147.130    -72.559    -85.805   -999.900   -999.900
