      0.000      3.658      3.893   -999.900   -999.900     -0.235      0.000    -27.040    -27.130      3.658      3.893   -999.900   -999.900
     -5.000      3.665      3.900   -999.900   -999.900     -0.234      0.000    -32.040    -32.130      3.665      3.900   -999.900   -999.900
    -10.000      3.631      3.863   -999.900   -999.900     -0.231      0.000    -37.040    -37.130      3.631      3.863   -999.900   -999.900
    -15.000      3.391      3.635   -999.900   -999.900     -0.244      0.000    -42.040    -42.130      3.391      3.635   -999.900   -999.900
    -20.000      2.521      2.815   -999.900   -999.900     -0.294      0.000    -47.040    -47.130      2.521      2.815   -999.900   -999.900
    -25.000      0.024      0.533   -999.900   -999.900     -0.509      0.000    -52.040    -52.130      0.024      0.533   -999.900   -999.900
    -30.000     -4.034     -3.490   -999.900   -999.900     -0.544      0.000    -57.040    -57.130     -4.034     -3.490   -999.900   -999.900
    -35.000     -8.673     -8.119   -999.900   -999.900     -0.554      0.000    -62.040    -62.130     -8.673     -8.119   -999.900   -999.900
    -40.000    -13.484    -12.920   -999.900   -999.900     -0.564      0.000    -67.040    -67.130    -13.484    -12.920   -999.900   -999.900
    -45.000    -18.390    -17.817   -999.900   -999.900     -0.573      0.000    -72.040    -72.130    -18.392    -17.819   -999.900   -999.900
    -50.000    -23.331    -22.768   -999.900   -999.900     -0.563      0.000    -77.040    -77.130    -23.335    -22.773   -999.900   -999.900
    -55.000    -28.407    -27.857   -999.900   -999.900     -0.550      0.000    -82.040    -82.130    -28.421    -27.872   -999.900   -999.900
    -60.000    -33.374    -32.891   -999.900   -999.900     -0.483      0.000    -87.040    -87.130    -33.416    -32.939   -999.900   -999.900
    -65.000    -38.533    -38.048   -999.900   -999.900     -0.485      0.000    -92.040    -92.130    -38.672    -38.208   -999.900   -999.900
    -70.000    -43.302    -42.660   -999.900   -999.900     -0.642      0.000    -97.040    -97.130    -43.734    -43.138   -999.900   -999.900
    -75.000    -47.504    -46.803   -999.900   -999.900     -0.701      0.000   -102.040   -102.130    -48.748    -48.172   -999.900   -999.900
    -80.000    -50.626    -49.816   -999.900   -999.900     -0.810      0.000   -107.040   -107.130    -53.732    -53.199   -999.900   -999.900
    -85.000    -52.398    -51.459   -999.900   -999.900     -0.939      0.000   -112.040   -112.130    -58.751    -58.234   -999.900   -999.900
    -90.000    -53.141    -52.134   -999.900   -999.900     -1.007      0.000   -117.040   -117.130    -63.694    -63.257   -999.900   -999.900
    -95.000    -53.407    -52.365   -999.900   -999.900     -1.042      0.000   -122.040   -122.130    -68.563    -68.073   -999.900   -999.900
   -100.000    -53.496    -52.432   -999.900   -999.900     -1.064      0.000   -127.040   -127.130    -73.286    -71.740   -999.900   -999.900
   -105.000    -53.541    -52.477   -999.900   -999.900     -1.064      0.000   -132.040   -132.130    -93.075    -81.003   -999.900   -999.900
   -110.000    -53.547    -52.489   -999.900   -999.900     -1.059      0.000   -137.040   -137.130    -93.075    -81.003   -999.900   -999.900
   -115.000    -53.536    -52.480   -999.900   -999.900     -1.055      0.000   -142.040   -142.130    -93.075    -81.003   -999.900   -999.900
   -120.000    -53.542    -52.486   -999.900   -999.900     -1.056      0.000   -147.040   -147.130    -93.075    -81.003   -999.900   -999.900
