    -20.000      2.035   -999.900   -999.900   -999.900   1001.935      0.000    -34.750    -34.750      2.035   -999.900   -999.900   -999.900
    -25.000      1.247   -999.900   -999.900   -999.900   1001.147      0.000    -39.750    -39.750      1.247   -999.900   -999.900   -999.900
    -30.000     -0.461   -999.900   -999.900   -999.900    999.439      0.000    -44.750    -44.750     -0.461   -999.900   -999.900   -999.900
    -35.000     -4.177   -999.900   -999.900   -999.900    995.723      0.000    -49.750    -49.750     -4.177   -999.900   -999.900   -999.900
    -40.000     -8.731   -999.900   -999.900   -999.900    991.169      0.000    -54.750    -54.750     -8.731   -999.900   -999.900   -999.900
    -45.000    -13.532   -999.900   -999.900   -999.900    986.368      0.000    -59.750    -59.750    -13.532   -999.900   -999.900   -999.900
    -50.000    -18.401   -999.900   -999.900   -999.900    981.499      0.000    -64.750    -64.750    -18.401   -999.900   -999.900   -999.900
    -55.000    -23.394   -999.900   -999.900   -999.900    976.506      0.000    -69.750    -69.750    -23.395   -999.900   -999.900   -999.900
    -60.000    -28.331   -999.900   -999.900   -999.900    971.569      0.000    -74.750    -74.750    -28.333   -999.900   -999.900   -999.900
    -65.000    -33.377   -999.900   -999.900   -999.900    966.523      0.000    -79.750    -79.750    -33.382   -999.900   -999.900   -999.900
    -70.000    -38.458   -999.900   -999.900   -999.900    961.442      0.000    -84.750    -84.750    -38.476   -999.900   -999.900   -999.900
    -75.000    -43.113   -999.900   -999.900   -999.900    956.787      0.000    -89.750    -89.750    -43.165   -999.900   -999.900   -999.900
    -80.000    -47.993   -999.900   -999.900   -999.900    951.907      0.000    -94.750    -94.750    -48.155   -999.900   -999.900   -999.900
    -85.000    -52.672   -999.900   -999.900   -999.900    947.228      0.000    -99.750    -99.750    -53.164   -999.900   -999.900   -999.900
    -90.000    -56.747   -999.900   -999.900   -999.900    943.153      0.000   -104.750   -104.750    -58.137   -999.900   -999.900   -999.900
    -95.000    -59.726   -999.900   -999.900   -999.900    940.174      0.000   -109.750   -109.750    -63.135   -999.900   -999.900   -999.900
   -100.000    -61.412   -999.900   -999.900   -999.900    938.488      0.000   -114.750   -114.750    -68.440   -999.900   -999.900   -999.900
   -105.000    -62.076   -999.900   -999.900   -999.900    937.824      0.000   -119.750   -119.750    -73.895   -999.900   -999.900   -999.900
   -110.000    -62.314   -999.900   -999.900   -999.900    937.586      0.000   -124.750   -124.750    -81.153   -999.900   -999.900   -999.900
   -115.000    -62.426   -999.900   -999.900   -999.900    937.474      0.000   -129.750   -129.750    -81.153   -999.900   -999.900   -999.900
   -120.000    -62.438   -999.900   -999.900   -999.900    937.462      0.000   -134.750   -134.750    -81.153   -999.900   -999.900   -999.900
   -125.000    -62.445   -999.900   -999.900   -999.900    937.455      0.000   -139.750   -139.750    -81.153   -999.900   -999.900   -999.900
   -130.000    -62.423   -999.900   -999.900   -999.900    937.477      0.000   -144.750   -144.750    -81.153   -999.900   -999.900   -999.900
   -135.000    -62.433   -999.900   -999.900   -999.900    937.467      0.000   -149.750   -149.750    -81.153   -999.900   -999.900   -999.900
   -140.000    -62.428   -999.900   -999.900   -999.900    937.472      0.000   -154.750   -154.750    -81.153   -999.900   -999.900   -999.900
