      0.000      5.723      6.365   -999.900   -999.900     -0.641      0.000    -27.040    -27.130      5.723      6.365   -999.900   -999.900
     -5.000      5.747      6.383   -999.900   -999.900     -0.636      0.000    -32.040    -32.130      5.747      6.383   -999.900   -999.900
    -10.000      5.658      6.281   -999.900   -999.900     -0.623      0.000    -37.040    -37.130      5.658      6.281   -999.900   -999.900
    -15.000      5.135      5.773   -999.900   -999.900     -0.638      0.000    -42.040    -42.130      5.135      5.773   -999.900   -999.900
    -20.000      3.814      4.488   -999.900   -999.900     -0.674      0.000    -47.040    -47.130      3.814      4.488   -999.900   -999.900
    -25.000      0.748      1.452   -999.900   -999.900     -0.704      0.000    -52.040    -52.130      0.748      1.452   -999.900   -999.900
    -30.000     -4.119     -3.385   -999.900   -999.900     -0.734      0.000    -57.040    -57.130     -4.119     -3.385   -999.900   -999.900
    -35.000     -9.123     -8.370   -999.900   -999.900     -0.753      0.000    -62.040    -62.130     -9.123     -8.370   -999.900   -999.900
    -40.000    -14.132    -13.368   -999.900   -999.900     -0.764      0.000    -67.040    -67.130    -14.132    -13.368   -999.900   -999.900
    -45.000    -19.121    -18.359   -999.900   -999.900     -0.762      0.000    -72.040    -72.130    -19.122    -18.360   -999.900   -999.900
    -50.000    -24.132    -23.385   -999.900   -999.900     -0.747      0.000    -77.040    -77.130    -24.134    -23.387   -999.900   -999.900
    -55.000    -29.159    -28.424   -999.900   -999.900     -0.736      0.000    -82.040    -82.130    -29.166    -28.430   -999.900   -999.900
    -60.000    -34.143    -33.459   -999.900   -999.900     -0.684      0.000    -87.040    -87.130    -34.165    -33.480   -999.900   -999.900
    -65.000    -39.211    -38.573   -999.900   -999.900     -0.638      0.000    -92.040    -92.130    -39.279    -38.642   -999.900   -999.900
    -70.000    -44.086    -43.518   -999.900   -999.900     -0.568      0.000    -97.040    -97.130    -44.300    -43.737   -999.900   -999.900
    -75.000    -48.650    -48.082   -999.900   -999.900     -0.568      0.000   -102.040   -102.130    -49.292    -48.742   -999.900   -999.900
    -80.000    -52.518    -51.923   -999.900   -999.900     -0.596      0.000   -107.040   -107.130    -54.289    -53.735   -999.900   -999.900
    -85.000    -55.160    -54.513   -999.900   -999.900     -0.647      0.000   -112.040   -112.130    -59.308    -58.711   -999.900   -999.900
    -90.000    -56.493    -55.821   -999.900   -999.900     -0.672      0.000   -117.040   -117.130    -64.352    -63.708   -999.900   -999.900
    -95.000    -57.021    -56.332   -999.900   -999.900     -0.689      0.000   -122.040   -122.130    -69.573    -68.693   -999.900   -999.900
   -100.000    -57.188    -56.511   -999.900   -999.900     -0.677      0.000   -127.040   -127.130    -74.473    -73.833   -999.900   -999.900
   -105.000    -57.268    -56.599   -999.900   -999.900     -0.670      0.000   -132.040   -132.130    -92.389    -73.833   -999.900   -999.900
   -110.000    -57.271    -56.591   -999.900   -999.900     -0.680      0.000   -137.040   -137.130    -92.389    -73.833   -999.900   -999.900
   -115.000    -57.275    -56.584   -999.900   -999.900     -0.690      0.000   -142.040   -142.130    -92.389    -73.833   -999.900   -999.900
   -120.000    -57.265    -56.594   -999.900   -999.900     -0.671      0.000   -147.040   -147.130    -92.389    -73.833   -999.900   -999.900
