    -20.000      2.029   -999.900   -999.900   -999.900   1001.929      0.000    -34.750    -34.750      2.029   -999.900   -999.900   -999.900
    -25.000      1.245   -999.900   -999.900   -999.900   1001.145      0.000    -39.750    -39.750      1.245   -999.900   -999.900   -999.900
    -30.000     -0.470   -999.900   -999.900   -999.900    999.430      0.000    -44.750    -44.750     -0.470   -999.900   -999.900   -999.900
    -35.000     -4.189   -999.900   -999.900   -999.900    995.711      0.000    -49.750    -49.750     -4.189   -999.900   -999.900   -999.900
    -40.000     -8.743   -999.900   -999.900   -999.900    991.157      0.000    -54.750    -54.750     -8.743   -999.900   -999.900   -999.900
    -45.000    -13.548   -999.900   -999.900   -999.900    986.352      0.000    -59.750    -59.750    -13.548   -999.900   -999.900   -999.900
    -50.000    -18.414   -999.900   -999.900   -999.900    981.486      0.000    -64.750    -64.750    -18.414   -999.900   -999.900   -999.900
    -55.000    -23.412   -999.900   -999.900   -999.900    976.488      0.000    -69.750    -69.750    -23.413   -999.900   -999.900   -999.900
    -60.000    -28.344   -999.900   -999.900   -999.900    971.556      0.000    -74.750    -74.750    -28.345   -999.900   -999.900   -999.900
    -65.000    -33.391   -999.900   -999.900   -999.900    966.509      0.000    -79.750    -79.750    -33.397   -999.900   -999.900   -999.900
    -70.000    -38.471   -999.900   -999.900   -999.900    961.429      0.000    -84.750    -84.750    -38.489   -999.900   -999.900   -999.900
    -75.000    -43.130   -999.900   -999.900   -999.900    956.770      0.000    -89.750    -89.750    -43.182   -999.900   -999.900   -999.900
    -80.000    -48.012   -999.900   -999.900   -999.900    951.888      0.000    -94.750    -94.750    -48.173   -999.900   -999.900   -999.900
    -85.000    -52.695   -999.900   -999.900   -999.900    947.205      0.000    -99.750    -99.750    -53.189   -999.900   -999.900   -999.900
    -90.000    -56.781   -999.900   -999.900   -999.900    943.119      0.000   -104.750   -104.750    -58.178   -999.900   -999.900   -999.900
    -95.000    -59.807   -999.900   -999.900   -999.900    940.093      0.000   -109.750   -109.750    -63.297   -999.900   -999.900   -999.900
   -100.000    -61.417   -999.900   -999.900   -999.900    938.483      0.000   -114.750   -114.750    -68.405   -999.900   -999.900   -999.900
   -105.000    -62.068   -999.900   -999.900   -999.900    937.832      0.000   -119.750   -119.750    -73.581   -999.900   -999.900   -999.900
   -110.000    -62.319   -999.900   -999.900   -999.900    937.581      0.000   -124.750   -124.750    -80.446   -999.900   -999.900   -999.900
   -115.000    -62.409   -999.900   -999.900   -999.900    937.491      0.000   -129.750   -129.750    -80.446   -999.900   -999.900   -999.900
   -120.000    -62.449   -999.900   -999.900   -999.900    937.451      0.000   -134.750   -134.750    -80.446   -999.900   -999.900   -999.900
   -125.000    -62.475   -999.900   -999.900   -999.900    937.425      0.000   -139.750   -139.750    -80.446   -999.900   -999.900   -999.900
   -130.000    -62.476   -999.900   -999.900   -999.900    937.424      0.000   -144.750   -144.750    -80.446   -999.900   -999.900   -999.900
   -135.000    -62.455   -999.900   -999.900   -999.900    937.445      0.000   -149.750   -149.750    -80.446   -999.900   -999.900   -999.900
   -140.000    -62.454   -999.900   -999.900   -999.900    937.446      0.000   -154.750   -154.750    -80.446   -999.900   -999.900   -999.900
