      0.000      3.620      4.007   -999.900   -999.900     -0.387      0.000    -27.380    -27.440      3.620      4.007   -999.900   -999.900
     -5.000      3.644      4.033   -999.900   -999.900     -0.389      0.000    -32.380    -32.440      3.644      4.033   -999.900   -999.900
    -10.000      3.553      3.957   -999.900   -999.900     -0.405      0.000    -37.380    -37.440      3.553      3.957   -999.900   -999.900
    -15.000      3.053      3.516   -999.900   -999.900     -0.463      0.000    -42.380    -42.440      3.053      3.516   -999.900   -999.900
    -20.000      1.461      1.969   -999.900   -999.900     -0.508      0.000    -47.380    -47.440      1.461      1.969   -999.900   -999.900
    -25.000     -2.212     -1.703   -999.900   -999.900     -0.509      0.000    -52.380    -52.440     -2.212     -1.703   -999.900   -999.900
    -30.000     -6.517     -6.042   -999.900   -999.900     -0.475      0.000    -57.380    -57.440     -6.517     -6.042   -999.900   -999.900
    -35.000    -11.329    -10.873   -999.900   -999.900     -0.456      0.000    -62.380    -62.440    -11.329    -10.873   -999.900   -999.900
    -40.000    -16.218    -15.768   -999.900   -999.900     -0.451      0.000    -67.380    -67.440    -16.219    -15.768   -999.900   -999.900
    -45.000    -21.186    -20.723   -999.900   -999.900     -0.463      0.000    -72.380    -72.440    -21.187    -20.725   -999.900   -999.900
    -50.000    -26.181    -25.687   -999.900   -999.900     -0.494      0.000    -77.380    -77.440    -26.185    -25.692   -999.900   -999.900
    -55.000    -31.318    -30.738   -999.900   -999.900     -0.580      0.000    -82.380    -82.440    -31.332    -30.754   -999.900   -999.900
    -60.000    -36.333    -35.568   -999.900   -999.900     -0.764      0.000    -87.380    -87.440    -36.376    -35.616   -999.900   -999.900
    -65.000    -41.676    -40.461   -999.900   -999.900     -1.215      0.000    -92.380    -92.440    -41.826    -40.609   -999.900   -999.900
    -70.000    -46.625    -45.230   -999.900   -999.900     -1.395      0.000    -97.380    -97.440    -47.113    -45.691   -999.900   -999.900
    -75.000    -50.818    -49.521   -999.900   -999.900     -1.298      0.000   -102.380   -102.440    -52.239    -50.891   -999.900   -999.900
    -80.000    -53.741    -52.544   -999.900   -999.900     -1.198      0.000   -107.380   -107.440    -57.181    -55.941   -999.900   -999.900
    -85.000    -55.345    -54.179   -999.900   -999.900     -1.166      0.000   -112.380   -112.440    -62.152    -60.975   -999.900   -999.900
    -90.000    -55.997    -54.834   -999.900   -999.900     -1.163      0.000   -117.380   -117.440    -66.947    -65.780   -999.900   -999.900
    -95.000    -56.244    -55.097   -999.900   -999.900     -1.146      0.000   -122.380   -122.440    -71.972    -71.471   -999.900   -999.900
   -100.000    -56.326    -55.155   -999.900   -999.900     -1.170      0.000   -127.380   -127.440    -77.232    -75.220   -999.900   -999.900
   -105.000    -56.356    -55.208   -999.900   -999.900     -1.148      0.000   -132.380   -132.440    -85.767    -75.220   -999.900   -999.900
   -110.000    -56.358    -55.190   -999.900   -999.900     -1.169      0.000   -137.380   -137.440    -87.785    -75.220   -999.900   -999.900
   -115.000    -56.365    -55.201   -999.900   -999.900     -1.163      0.000   -142.380   -142.440    -87.785    -75.220   -999.900   -999.900
   -120.000    -56.366    -55.195   -999.900   -999.900     -1.172      0.000   -147.380   -147.440    -87.785    -75.220   -999.900   -999.900
