      0.000      8.374   -999.900   -999.900   -999.900   1008.274      0.000    -16.350    -16.350      8.374   -999.900   -999.900   -999.900
     -5.000      8.373   -999.900   -999.900   -999.900   1008.273      0.000    -21.350    -21.350      8.373   -999.900   -999.900   -999.900
    -10.000      8.372   -999.900   -999.900   -999.900   1008.272      0.000    -26.350    -26.350      8.372   -999.900   -999.900   -999.900
    -15.000      8.364   -999.900   -999.900   -999.900   1008.264      0.000    -31.350    -31.350      8.364   -999.900   -999.900   -999.900
    -20.000      8.268   -999.900   -999.900   -999.900   1008.168      0.000    -36.350    -36.350      8.268   -999.900   -999.900   -999.900
    -25.000      7.695   -999.900   -999.900   -999.900   1007.595      0.000    -41.350    -41.350      7.695   -999.900   -999.900   -999.900
    -30.000      4.855   -999.900   -999.900   -999.900   1004.755      0.000    -46.350    -46.350      4.855   -999.900   -999.900   -999.900
    -35.000      0.137   -999.900   -999.900   -999.900   1000.037      0.000    -51.350    -51.350      0.137   -999.900   -999.900   -999.900
    -40.000     -4.791   -999.900   -999.900   -999.900    995.109      0.000    -56.350    -56.350     -4.791   -999.900   -999.900   -999.900
    -45.000     -9.775   -999.900   -999.900   -999.900    990.125      0.000    -61.350    -61.350     -9.775   -999.900   -999.900   -999.900
    -50.000    -14.764   -999.900   -999.900   -999.900    985.136      0.000    -66.350    -66.350    -14.765   -999.900   -999.900   -999.900
    -55.000    -19.823   -999.900   -999.900   -999.900    980.077      0.000    -71.350    -71.350    -19.828   -999.900   -999.900   -999.900
    -60.000    -24.812   -999.900   -999.900   -999.900    975.088      0.000    -76.350    -76.350    -24.827   -999.900   -999.900   -999.900
    -65.000    -29.896   -999.900   -999.900   -999.900    970.004      0.000    -81.350    -81.350    -29.944   -999.900   -999.900   -999.900
    -70.000    -34.875   -999.900   -999.900   -999.900    965.025      0.000    -86.350    -86.350    -35.027   -999.900   -999.900   -999.900
    -75.000    -39.593   -999.900   -999.900   -999.900    960.307      0.000    -91.350    -91.350    -40.058   -999.900   -999.900   -999.900
    -80.000    -43.693   -999.900   -999.900   -999.900    956.207      0.000    -96.350    -96.350    -45.008   -999.900   -999.900   -999.900
    -85.000    -46.748   -999.900   -999.900   -999.900    953.152      0.000   -101.350   -101.350    -50.006   -999.900   -999.900   -999.900
    -90.000    -48.439   -999.900   -999.900   -999.900    951.461      0.000   -106.350   -106.350    -54.991   -999.900   -999.900   -999.900
    -95.000    -49.154   -999.900   -999.900   -999.900    950.746      0.000   -111.350   -111.350    -60.026   -999.900   -999.900   -999.900
   -100.000    -49.408   -999.900   -999.900   -999.900    950.492      0.000   -116.350   -116.350    -65.158   -999.900   -999.900   -999.900
   -105.000    -49.531   -999.900   -999.900   -999.900    950.369      0.000   -121.350   -121.350    -65.158   -999.900   -999.900   -999.900
   -110.000    -49.517   -999.900   -999.900   -999.900    950.383      0.000   -126.350   -126.350    -65.158   -999.900   -999.900   -999.900
   -115.000    -49.523   -999.900   -999.900   -999.900    950.377      0.000   -131.350   -131.350    -65.158   -999.900   -999.900   -999.900
   -120.000    -49.526   -999.900   -999.900   -999.900    950.374      0.000   -136.350   -136.350    -65.158   -999.900   -999.900   -999.900
