      0.000      3.523      4.101   -999.900   -999.900     -0.578      0.000    -26.420    -26.440      3.523      4.101   -999.900   -999.900
     -5.000      3.521      4.032   -999.900   -999.900     -0.511      0.000    -31.420    -31.440      3.521      4.032   -999.900   -999.900
    -10.000      3.388      3.815   -999.900   -999.900     -0.427      0.000    -36.420    -36.440      3.388      3.815   -999.900   -999.900
    -15.000      2.766      3.048   -999.900   -999.900     -0.282      0.000    -41.420    -41.440      2.766      3.048   -999.900   -999.900
    -20.000      0.798      1.062   -999.900   -999.900     -0.264      0.000    -46.420    -46.440      0.798      1.062   -999.900   -999.900
    -25.000     -3.115     -2.926   -999.900   -999.900     -0.189      0.000    -51.420    -51.440     -3.115     -2.926   -999.900   -999.900
    -30.000     -7.522     -7.394   -999.900   -999.900     -0.129      0.000    -56.420    -56.440     -7.522     -7.394   -999.900   -999.900
    -35.000    -12.301    -12.208   -999.900   -999.900     -0.093      0.000    -61.420    -61.440    -12.301    -12.208   -999.900   -999.900
    -40.000    -17.199    -17.126   -999.900   -999.900     -0.073      0.000    -66.420    -66.440    -17.200    -17.126   -999.900   -999.900
    -45.000    -22.188    -22.120   -999.900   -999.900     -0.068      0.000    -71.420    -71.440    -22.189    -22.120   -999.900   -999.900
    -50.000    -27.268    -27.183   -999.900   -999.900     -0.084      0.000    -76.420    -76.440    -27.269    -27.185   -999.900   -999.900
    -55.000    -32.423    -32.314   -999.900   -999.900     -0.109      0.000    -81.420    -81.440    -32.427    -32.318   -999.900   -999.900
    -60.000    -37.469    -37.418   -999.900   -999.900     -0.051      0.000    -86.420    -86.440    -37.484    -37.430   -999.900   -999.900
    -65.000    -42.405    -42.728   -999.900   -999.900      0.323      0.000    -91.420    -91.440    -42.451    -42.769   -999.900   -999.900
    -70.000    -47.284    -47.946   -999.900   -999.900      0.662      0.000    -96.420    -96.440    -47.428    -48.084   -999.900   -999.900
    -75.000    -52.051    -52.858   -999.900   -999.900      0.807      0.000   -101.420   -101.440    -52.498    -53.300   -999.900   -999.900
    -80.000    -56.231    -57.085   -999.900   -999.900      0.854      0.000   -106.420   -106.440    -57.516    -58.368   -999.900   -999.900
    -85.000    -59.332    -60.186   -999.900   -999.900      0.854      0.000   -111.420   -111.440    -62.548    -63.394   -999.900   -999.900
    -90.000    -61.022    -61.890   -999.900   -999.900      0.868      0.000   -116.420   -116.440    -67.442    -68.331   -999.900   -999.900
    -95.000    -61.770    -62.615   -999.900   -999.900      0.845      0.000   -121.420   -121.440    -72.587    -73.253   -999.900   -999.900
   -100.000    -62.022    -62.868   -999.900   -999.900      0.846      0.000   -126.420   -126.440    -77.540    -77.876   -999.900   -999.900
   -105.000    -62.149    -62.995   -999.900   -999.900      0.846      0.000   -131.420   -131.440    -77.540    -88.475   -999.900   -999.900
   -110.000    -62.153    -63.009   -999.900   -999.900      0.855      0.000   -136.420   -136.440    -77.540    -88.475   -999.900   -999.900
   -115.000    -62.132    -63.007   -999.900   -999.900      0.875      0.000   -141.420   -141.440    -77.540    -88.475   -999.900   -999.900
   -120.000    -62.150    -63.019   -999.900   -999.900      0.869      0.000   -146.420   -146.440    -77.540    -88.475   -999.900   -999.900
