      0.000      8.841   -999.900   -999.900   -999.900   1008.741      0.000    -15.000    -15.000      8.841   -999.900   -999.900   -999.900
     -5.000      8.840   -999.900   -999.900   -999.900   1008.740      0.000    -20.000    -20.000      8.840   -999.900   -999.900   -999.900
    -10.000      8.838   -999.900   -999.900   -999.900   1008.738      0.000    -25.000    -25.000      8.838   -999.900   -999.900   -999.900
    -15.000      8.835   -999.900   -999.900   -999.900   1008.735      0.000    -30.000    -30.000      8.835   -999.900   -999.900   -999.900
    -20.000      8.794   -999.900   -999.900   -999.900   1008.694      0.000    -35.000    -35.000      8.794   -999.900   -999.900   -999.900
    -25.000      8.274   -999.900   -999.900   -999.900   1008.174      0.000    -40.000    -40.000      8.274   -999.900   -999.900   -999.900
    -30.000      5.657   -999.900   -999.900   -999.900   1005.557      0.000    -45.000    -45.000      5.657   -999.900   -999.900   -999.900
    -35.000      1.179   -999.900   -999.900   -999.900   1001.079      0.000    -50.000    -50.000      1.179   -999.900   -999.900   -999.900
    -40.000     -3.705   -999.900   -999.900   -999.900    996.195      0.000    -55.000    -55.000     -3.705   -999.900   -999.900   -999.900
    -45.000     -8.662   -999.900   -999.900   -999.900    991.238      0.000    -60.000    -60.000     -8.662   -999.900   -999.900   -999.900
    -50.000    -13.657   -999.900   -999.900   -999.900    986.243      0.000    -65.000    -65.000    -13.658   -999.900   -999.900   -999.900
    -55.000    -18.694   -999.900   -999.900   -999.900    981.206      0.000    -70.000    -70.000    -18.698   -999.900   -999.900   -999.900
    -60.000    -23.702   -999.900   -999.900   -999.900    976.198      0.000    -75.000    -75.000    -23.714   -999.900   -999.900   -999.900
    -65.000    -28.796   -999.900   -999.900   -999.900    971.104      0.000    -80.000    -80.000    -28.837   -999.900   -999.900   -999.900
    -70.000    -33.825   -999.900   -999.900   -999.900    966.075      0.000    -85.000    -85.000    -33.958   -999.900   -999.900   -999.900
    -75.000    -38.729   -999.900   -999.900   -999.900    961.171      0.000    -90.000    -90.000    -39.153   -999.900   -999.900   -999.900
    -80.000    -42.989   -999.900   -999.900   -999.900    956.911      0.000    -95.000    -95.000    -44.230   -999.900   -999.900   -999.900
    -85.000    -46.143   -999.900   -999.900   -999.900    953.757      0.000   -100.000   -100.000    -49.274   -999.900   -999.900   -999.900
    -90.000    -47.892   -999.900   -999.900   -999.900    952.008      0.000   -105.000   -105.000    -54.246   -999.900   -999.900   -999.900
    -95.000    -48.624   -999.900   -999.900   -999.900    951.276      0.000   -110.000   -110.000    -59.067   -999.900   -999.900   -999.900
   -100.000    -48.907   -999.900   -999.900   -999.900    950.993      0.000   -115.000   -115.000    -64.265   -999.900   -999.900   -999.900
   -105.000    -49.037   -999.900   -999.900   -999.900    950.863      0.000   -120.000   -120.000    -64.265   -999.900   -999.900   -999.900
   -110.000    -49.032   -999.900   -999.900   -999.900    950.868      0.000   -125.000   -125.000    -64.265   -999.900   -999.900   -999.900
   -115.000    -49.040   -999.900   -999.900   -999.900    950.860      0.000   -130.000   -130.000    -64.265   -999.900   -999.900   -999.900
   -120.000    -49.033   -999.900   -999.900   -999.900    950.867      0.000   -135.000   -135.000    -64.265   -999.900   -999.900   -999.900
