      0.000      3.315      3.999   -999.900   -999.900     -0.684      0.000    -26.420    -26.440      3.315      3.999   -999.900   -999.900
     -5.000      3.306      3.905   -999.900   -999.900     -0.599      0.000    -31.420    -31.440      3.306      3.905   -999.900   -999.900
    -10.000      3.148      3.611   -999.900   -999.900     -0.463      0.000    -36.420    -36.440      3.148      3.611   -999.900   -999.900
    -15.000      2.460      2.750   -999.900   -999.900     -0.291      0.000    -41.420    -41.440      2.460      2.750   -999.900   -999.900
    -20.000      0.406      0.575   -999.900   -999.900     -0.169      0.000    -46.420    -46.440      0.406      0.575   -999.900   -999.900
    -25.000     -3.534     -3.460   -999.900   -999.900     -0.074      0.000    -51.420    -51.440     -3.534     -3.460   -999.900   -999.900
    -30.000     -8.047     -8.031   -999.900   -999.900     -0.016      0.000    -56.420    -56.440     -8.047     -8.031   -999.900   -999.900
    -35.000    -12.792    -12.802   -999.900   -999.900      0.011      0.000    -61.420    -61.440    -12.792    -12.803   -999.900   -999.900
    -40.000    -17.694    -17.723   -999.900   -999.900      0.029      0.000    -66.420    -66.440    -17.695    -17.724   -999.900   -999.900
    -45.000    -22.696    -22.722   -999.900   -999.900      0.026      0.000    -71.420    -71.440    -22.697    -22.724   -999.900   -999.900
    -50.000    -27.759    -27.769   -999.900   -999.900      0.009      0.000    -76.420    -76.440    -27.763    -27.774   -999.900   -999.900
    -55.000    -32.893    -32.900   -999.900   -999.900      0.007      0.000    -81.420    -81.440    -32.906    -32.919   -999.900   -999.900
    -60.000    -37.963    -38.007   -999.900   -999.900      0.044      0.000    -86.420    -86.440    -38.005    -38.069   -999.900   -999.900
    -65.000    -42.755    -43.141   -999.900   -999.900      0.386      0.000    -91.420    -91.440    -42.881    -43.345   -999.900   -999.900
    -70.000    -47.496    -47.978   -999.900   -999.900      0.482      0.000    -96.420    -96.440    -47.885    -48.631   -999.900   -999.900
    -75.000    -51.807    -51.969   -999.900   -999.900      0.162      0.000   -101.420   -101.440    -52.949    -53.840   -999.900   -999.900
    -80.000    -55.045    -54.536   -999.900   -999.900     -0.509      0.000   -106.420   -106.440    -57.947    -58.881   -999.900   -999.900
    -85.000    -56.926    -55.804   -999.900   -999.900     -1.122      0.000   -111.420   -111.440    -62.973    -63.944   -999.900   -999.900
    -90.000    -57.731    -56.289   -999.900   -999.900     -1.442      0.000   -116.420   -116.440    -67.929    -69.013   -999.900   -999.900
    -95.000    -58.014    -56.448   -999.900   -999.900     -1.565      0.000   -121.420   -121.440    -72.622    -73.899   -999.900   -999.900
   -100.000    -58.128    -56.500   -999.900   -999.900     -1.628      0.000   -126.420   -126.440    -78.645    -78.565   -999.900   -999.900
   -105.000    -58.165    -56.517   -999.900   -999.900     -1.648      0.000   -131.420   -131.440    -92.767    -82.861   -999.900   -999.900
   -110.000    -58.177    -56.525   -999.900   -999.900     -1.652      0.000   -136.420   -136.440    -92.767    -89.519   -999.900   -999.900
   -115.000    -58.166    -56.528   -999.900   -999.900     -1.637      0.000   -141.420   -141.440    -92.767    -89.519   -999.900   -999.900
   -120.000    -58.159    -56.538   -999.900   -999.900     -1.621      0.000   -146.420   -146.440    -92.767    -89.519   -999.900   -999.900
