      0.000      3.368      3.939   -999.900   -999.900     -0.570      0.000    -26.420    -26.440      3.368      3.939   -999.900   -999.900
     -5.000      3.348      3.936   -999.900   -999.900     -0.588      0.000    -31.420    -31.440      3.348      3.936   -999.900   -999.900
    -10.000      3.130      3.858   -999.900   -999.900     -0.728      0.000    -36.420    -36.440      3.130      3.858   -999.900   -999.900
    -15.000      2.257      3.517   -999.900   -999.900     -1.260      0.000    -41.420    -41.440      2.257      3.517   -999.900   -999.900
    -20.000     -0.300      2.554   -999.900   -999.900     -2.854      0.000    -46.420    -46.440     -0.300      2.554   -999.900   -999.900
    -25.000     -4.405      0.011   -999.900   -999.900     -4.415      0.000    -51.420    -51.440     -4.405      0.011   -999.900   -999.900
    -30.000     -8.969     -4.157   -999.900   -999.900     -4.812      0.000    -56.420    -56.440     -8.969     -4.157   -999.900   -999.900
    -35.000    -13.757     -8.734   -999.900   -999.900     -5.023      0.000    -61.420    -61.440    -13.757     -8.734   -999.900   -999.900
    -40.000    -18.702    -13.556   -999.900   -999.900     -5.146      0.000    -66.420    -66.440    -18.702    -13.556   -999.900   -999.900
    -45.000    -23.747    -18.489   -999.900   -999.900     -5.258      0.000    -71.420    -71.440    -23.748    -18.490   -999.900   -999.900
    -50.000    -28.869    -23.521   -999.900   -999.900     -5.347      0.000    -76.420    -76.440    -28.873    -23.524   -999.900   -999.900
    -55.000    -34.144    -28.641   -999.900   -999.900     -5.504      0.000    -81.420    -81.440    -34.158    -28.650   -999.900   -999.900
    -60.000    -39.220    -33.726   -999.900   -999.900     -5.494      0.000    -86.420    -86.440    -39.265    -33.757   -999.900   -999.900
    -65.000    -44.200    -38.695   -999.900   -999.900     -5.505      0.000    -91.420    -91.440    -44.343    -38.793   -999.900   -999.900
    -70.000    -49.277    -43.701   -999.900   -999.900     -5.576      0.000    -96.420    -96.440    -49.755    -44.019   -999.900   -999.900
    -75.000    -53.712    -48.323   -999.900   -999.900     -5.390      0.000   -101.420   -101.440    -55.194    -49.316   -999.900   -999.900
    -80.000    -56.676    -51.776   -999.900   -999.900     -4.900      0.000   -106.420   -106.440    -60.360    -54.394   -999.900   -999.900
    -85.000    -58.161    -53.819   -999.900   -999.900     -4.342      0.000   -111.420   -111.440    -65.261    -59.422   -999.900   -999.900
    -90.000    -58.789    -54.738   -999.900   -999.900     -4.051      0.000   -116.420   -116.440    -70.352    -64.546   -999.900   -999.900
    -95.000    -59.001    -55.067   -999.900   -999.900     -3.933      0.000   -121.420   -121.440    -75.305    -69.754   -999.900   -999.900
   -100.000    -59.079    -55.161   -999.900   -999.900     -3.918      0.000   -126.420   -126.440    -81.580    -74.045   -999.900   -999.900
   -105.000    -59.097    -55.208   -999.900   -999.900     -3.889      0.000   -131.420   -131.440    -87.370    -81.782   -999.900   -999.900
   -110.000    -59.097    -55.233   -999.900   -999.900     -3.864      0.000   -136.420   -136.440    -87.319    -81.782   -999.900   -999.900
   -115.000    -59.101    -55.220   -999.900   -999.900     -3.882      0.000   -141.420   -141.440    -92.284    -81.782   -999.900   -999.900
   -120.000    -59.119    -55.210   -999.900   -999.900     -3.909      0.000   -146.420   -146.440    -92.284    -81.782   -999.900   -999.900
