      0.000      3.316      3.999   -999.900   -999.900     -0.682      0.000    -26.420    -26.440      3.316      3.999   -999.900   -999.900
     -5.000      3.308      3.906   -999.900   -999.900     -0.597      0.000    -31.420    -31.440      3.308      3.906   -999.900   -999.900
    -10.000      3.151      3.612   -999.900   -999.900     -0.462      0.000    -36.420    -36.440      3.151      3.612   -999.900   -999.900
    -15.000      2.464      2.752   -999.900   -999.900     -0.289      0.000    -41.420    -41.440      2.464      2.752   -999.900   -999.900
    -20.000      0.412      0.577   -999.900   -999.900     -0.165      0.000    -46.420    -46.440      0.412      0.577   -999.900   -999.900
    -25.000     -3.526     -3.458   -999.900   -999.900     -0.069      0.000    -51.420    -51.440     -3.526     -3.458   -999.900   -999.900
    -30.000     -8.040     -8.028   -999.900   -999.900     -0.012      0.000    -56.420    -56.440     -8.040     -8.028   -999.900   -999.900
    -35.000    -12.783    -12.800   -999.900   -999.900      0.016      0.000    -61.420    -61.440    -12.784    -12.800   -999.900   -999.900
    -40.000    -17.685    -17.719   -999.900   -999.900      0.034      0.000    -66.420    -66.440    -17.686    -17.720   -999.900   -999.900
    -45.000    -22.687    -22.720   -999.900   -999.900      0.033      0.000    -71.420    -71.440    -22.688    -22.721   -999.900   -999.900
    -50.000    -27.750    -27.767   -999.900   -999.900      0.017      0.000    -76.420    -76.440    -27.754    -27.773   -999.900   -999.900
    -55.000    -32.886    -32.897   -999.900   -999.900      0.011      0.000    -81.420    -81.440    -32.899    -32.916   -999.900   -999.900
    -60.000    -37.953    -38.008   -999.900   -999.900      0.055      0.000    -86.420    -86.440    -37.994    -38.070   -999.900   -999.900
    -65.000    -42.748    -43.139   -999.900   -999.900      0.391      0.000    -91.420    -91.440    -42.874    -43.343   -999.900   -999.900
    -70.000    -47.487    -47.973   -999.900   -999.900      0.485      0.000    -96.420    -96.440    -47.876    -48.628   -999.900   -999.900
    -75.000    -51.796    -51.966   -999.900   -999.900      0.171      0.000   -101.420   -101.440    -52.935    -53.845   -999.900   -999.900
    -80.000    -55.045    -54.544   -999.900   -999.900     -0.502      0.000   -106.420   -106.440    -57.951    -58.930   -999.900   -999.900
    -85.000    -56.927    -55.783   -999.900   -999.900     -1.144      0.000   -111.420   -111.440    -62.992    -63.901   -999.900   -999.900
    -90.000    -57.739    -56.265   -999.900   -999.900     -1.473      0.000   -116.420   -116.440    -68.054    -68.864   -999.900   -999.900
    -95.000    -58.023    -56.432   -999.900   -999.900     -1.591      0.000   -121.420   -121.440    -73.022    -73.885   -999.900   -999.900
   -100.000    -58.114    -56.471   -999.900   -999.900     -1.643      0.000   -126.420   -126.440    -77.694    -76.907   -999.900   -999.900
   -105.000    -58.164    -56.509   -999.900   -999.900     -1.656      0.000   -131.420   -131.440    -77.694    -89.479   -999.900   -999.900
   -110.000    -58.159    -56.503   -999.900   -999.900     -1.656      0.000   -136.420   -136.440    -77.694    -84.099   -999.900   -999.900
   -115.000    -58.160    -56.512   -999.900   -999.900     -1.648      0.000   -141.420   -141.440    -77.694    -84.099   -999.900   -999.900
   -120.000    -58.167    -56.519   -999.900   -999.900     -1.647      0.000   -146.420   -146.440    -77.694    -84.099   -999.900   -999.900
