      0.000      8.456   -999.900   -999.900   -999.900   1008.356      0.000    -15.970    -15.970      8.456   -999.900   -999.900   -999.900
     -5.000      8.455   -999.900   -999.900   -999.900   1008.355      0.000    -20.970    -20.970      8.455   -999.900   -999.900   -999.900
    -10.000      8.453   -999.900   -999.900   -999.900   1008.353      0.000    -25.970    -25.970      8.453   -999.900   -999.900   -999.900
    -15.000      8.444   -999.900   -999.900   -999.900   1008.344      0.000    -30.970    -30.970      8.444   -999.900   -999.900   -999.900
    -20.000      8.336   -999.900   -999.900   -999.900   1008.236      0.000    -35.970    -35.970      8.336   -999.900   -999.900   -999.900
    -25.000      7.561   -999.900   -999.900   -999.900   1007.461      0.000    -40.970    -40.970      7.561   -999.900   -999.900   -999.900
    -30.000      4.017   -999.900   -999.900   -999.900   1003.917      0.000    -45.970    -45.970      4.017   -999.900   -999.900   -999.900
    -35.000     -0.761   -999.900   -999.900   -999.900    999.139      0.000    -50.970    -50.970     -0.761   -999.900   -999.900   -999.900
    -40.000     -5.701   -999.900   -999.900   -999.900    994.199      0.000    -55.970    -55.970     -5.702   -999.900   -999.900   -999.900
    -45.000    -10.686   -999.900   -999.900   -999.900    989.214      0.000    -60.970    -60.970    -10.687   -999.900   -999.900   -999.900
    -50.000    -15.673   -999.900   -999.900   -999.900    984.227      0.000    -65.970    -65.970    -15.674   -999.900   -999.900   -999.900
    -55.000    -20.700   -999.900   -999.900   -999.900    979.200      0.000    -70.970    -70.970    -20.704   -999.900   -999.900   -999.900
    -60.000    -25.680   -999.900   -999.900   -999.900    974.220      0.000    -75.970    -75.970    -25.693   -999.900   -999.900   -999.900
    -65.000    -30.693   -999.900   -999.900   -999.900    969.207      0.000    -80.970    -80.970    -30.734   -999.900   -999.900   -999.900
    -70.000    -35.590   -999.900   -999.900   -999.900    964.310      0.000    -85.970    -85.970    -35.718   -999.900   -999.900   -999.900
    -75.000    -40.293   -999.900   -999.900   -999.900    959.607      0.000    -90.970    -90.970    -40.682   -999.900   -999.900   -999.900
    -80.000    -44.522   -999.900   -999.900   -999.900    955.378      0.000    -95.970    -95.970    -45.640   -999.900   -999.900   -999.900
    -85.000    -47.779   -999.900   -999.900   -999.900    952.121      0.000   -100.970   -100.970    -50.622   -999.900   -999.900   -999.900
    -90.000    -49.675   -999.900   -999.900   -999.900    950.225      0.000   -105.970   -105.970    -55.583   -999.900   -999.900   -999.900
    -95.000    -50.506   -999.900   -999.900   -999.900    949.394      0.000   -110.970   -110.970    -60.517   -999.900   -999.900   -999.900
   -100.000    -50.812   -999.900   -999.900   -999.900    949.088      0.000   -115.970   -115.970    -65.487   -999.900   -999.900   -999.900
   -105.000    -50.963   -999.900   -999.900   -999.900    948.937      0.000   -120.970   -120.970    -65.487   -999.900   -999.900   -999.900
   -110.000    -50.960   -999.900   -999.900   -999.900    948.940      0.000   -125.970   -125.970    -65.487   -999.900   -999.900   -999.900
   -115.000    -50.963   -999.900   -999.900   -999.900    948.937      0.000   -130.970   -130.970    -65.487   -999.900   -999.900   -999.900
   -120.000    -50.964   -999.900   -999.900   -999.900    948.936      0.000   -135.970   -135.970    -65.487   -999.900   -999.900   -999.900
