      0.000      5.717      6.349   -999.900   -999.900     -0.632      0.000    -29.460    -30.460      5.717      6.349   -999.900   -999.900
     -5.000      5.558      5.924   -999.900   -999.900     -0.366      0.000    -34.460    -35.460      5.558      5.924   -999.900   -999.900
    -10.000      4.835      4.857   -999.900   -999.900     -0.022      0.000    -39.460    -40.460      4.835      4.857   -999.900   -999.900
    -15.000      2.824      2.685   -999.900   -999.900      0.139      0.000    -44.460    -45.460      2.824      2.685   -999.900   -999.900
    -20.000     -1.692     -1.951   -999.900   -999.900      0.259      0.000    -49.460    -50.460     -1.692     -1.951   -999.900   -999.900
    -25.000     -6.596     -6.895   -999.900   -999.900      0.299      0.000    -54.460    -55.460     -6.596     -6.895   -999.900   -999.900
    -30.000    -11.556    -11.867   -999.900   -999.900      0.311      0.000    -59.460    -60.460    -11.556    -11.867   -999.900   -999.900
    -35.000    -16.544    -16.856   -999.900   -999.900      0.312      0.000    -64.460    -65.460    -16.545    -16.856   -999.900   -999.900
    -40.000    -21.549    -21.860   -999.900   -999.900      0.311      0.000    -69.460    -70.460    -21.550    -21.861   -999.900   -999.900
    -45.000    -26.573    -26.877   -999.900   -999.900      0.304      0.000    -74.460    -75.460    -26.576    -26.881   -999.900   -999.900
    -50.000    -31.618    -31.889   -999.900   -999.900      0.271      0.000    -79.460    -80.460    -31.628    -31.901   -999.900   -999.900
    -55.000    -36.697    -36.823   -999.900   -999.900      0.126      0.000    -84.460    -85.460    -36.729    -36.861   -999.900   -999.900
    -60.000    -41.418    -41.677   -999.900   -999.900      0.259      0.000    -89.460    -90.460    -41.514    -41.793   -999.900   -999.900
    -65.000    -46.233    -46.386   -999.900   -999.900      0.153      0.000    -94.460    -95.460    -46.529    -46.738   -999.900   -999.900
    -70.000    -50.646    -50.718   -999.900   -999.900      0.072      0.000    -99.460   -100.460    -51.519    -51.748   -999.900   -999.900
    -75.000    -54.208    -54.094   -999.900   -999.900     -0.114      0.000   -104.460   -105.460    -56.525    -56.765   -999.900   -999.900
    -80.000    -56.422    -56.090   -999.900   -999.900     -0.333      0.000   -109.460   -110.460    -61.486    -61.733   -999.900   -999.900
    -85.000    -57.460    -56.978   -999.900   -999.900     -0.482      0.000   -114.460   -115.460    -66.465    -66.660   -999.900   -999.900
    -90.000    -57.846    -57.314   -999.900   -999.900     -0.532      0.000   -119.460   -120.460    -71.347    -71.768   -999.900   -999.900
    -95.000    -57.979    -57.422   -999.900   -999.900     -0.557      0.000   -124.460   -125.460    -76.237    -76.757   -999.900   -999.900
   -100.000    -58.025    -57.457   -999.900   -999.900     -0.568      0.000   -129.460   -130.460    -81.630    -81.973   -999.900   -999.900
   -105.000    -58.046    -57.480   -999.900   -999.900     -0.565      0.000   -134.460   -135.460    -81.630    -81.973   -999.900   -999.900
   -110.000    -58.042    -57.468   -999.900   -999.900     -0.574      0.000   -139.460   -140.460    -81.630    -81.973   -999.900   -999.900
   -115.000    -58.043    -57.475   -999.900   -999.900     -0.567      0.000   -144.460   -145.460    -81.630    -81.973   -999.900   -999.900
   -120.000    -58.046    -57.467   -999.900   -999.900     -0.579      0.000   -149.460   -150.460    -81.630    -81.973   -999.900   -999.900
