      0.000      5.719      6.391   -999.900   -999.900     -0.672      0.000    -29.460    -30.460      5.719      6.391   -999.900   -999.900
     -5.000      5.599      6.030   -999.900   -999.900     -0.431      0.000    -34.460    -35.460      5.599      6.030   -999.900   -999.900
    -10.000      5.004      5.055   -999.900   -999.900     -0.051      0.000    -39.460    -40.460      5.004      5.055   -999.900   -999.900
    -15.000      3.284      3.128   -999.900   -999.900      0.156      0.000    -44.460    -45.460      3.284      3.128   -999.900   -999.900
    -20.000     -0.973     -1.284   -999.900   -999.900      0.310      0.000    -49.460    -50.460     -0.973     -1.284   -999.900   -999.900
    -25.000     -5.868     -6.227   -999.900   -999.900      0.359      0.000    -54.460    -55.460     -5.868     -6.227   -999.900   -999.900
    -30.000    -10.804    -11.180   -999.900   -999.900      0.376      0.000    -59.460    -60.460    -10.804    -11.180   -999.900   -999.900
    -35.000    -15.800    -16.201   -999.900   -999.900      0.402      0.000    -64.460    -65.460    -15.800    -16.202   -999.900   -999.900
    -40.000    -20.844    -21.262   -999.900   -999.900      0.418      0.000    -69.460    -70.460    -20.844    -21.263   -999.900   -999.900
    -45.000    -25.890    -26.358   -999.900   -999.900      0.468      0.000    -74.460    -75.460    -25.892    -26.361   -999.900   -999.900
    -50.000    -30.952    -31.492   -999.900   -999.900      0.540      0.000    -79.460    -80.460    -30.960    -31.501   -999.900   -999.900
    -55.000    -35.983    -36.693   -999.900   -999.900      0.710      0.000    -84.460    -85.460    -36.007    -36.722   -999.900   -999.900
    -60.000    -40.954    -41.752   -999.900   -999.900      0.799      0.000    -89.460    -90.460    -41.030    -41.845   -999.900   -999.900
    -65.000    -45.899    -46.744   -999.900   -999.900      0.845      0.000    -94.460    -95.460    -46.142    -47.045   -999.900   -999.900
    -70.000    -50.487    -51.217   -999.900   -999.900      0.730      0.000    -99.460   -100.460    -51.225    -52.117   -999.900   -999.900
    -75.000    -54.268    -54.752   -999.900   -999.900      0.484      0.000   -104.460   -105.460    -56.297    -57.137   -999.900   -999.900
    -80.000    -56.689    -56.923   -999.900   -999.900      0.234      0.000   -109.460   -110.460    -61.268    -62.099   -999.900   -999.900
    -85.000    -57.874    -57.937   -999.900   -999.900      0.063      0.000   -114.460   -115.460    -66.288    -67.125   -999.900   -999.900
    -90.000    -58.313    -58.313   -999.900   -999.900     -0.000      0.000   -119.460   -120.460    -71.073    -72.188   -999.900   -999.900
    -95.000    -58.485    -58.421   -999.900   -999.900     -0.064      0.000   -124.460   -125.460    -76.784    -76.168   -999.900   -999.900
   -100.000    -58.522    -58.468   -999.900   -999.900     -0.054      0.000   -129.460   -130.460    -80.593    -80.617   -999.900   -999.900
   -105.000    -58.552    -58.490   -999.900   -999.900     -0.062      0.000   -134.460   -135.460    -80.593    -88.043   -999.900   -999.900
   -110.000    -58.553    -58.505   -999.900   -999.900     -0.047      0.000   -139.460   -140.460    -80.593    -88.043   -999.900   -999.900
   -115.000    -58.544    -58.487   -999.900   -999.900     -0.057      0.000   -144.460   -145.460    -80.593    -88.043   -999.900   -999.900
   -120.000    -58.549    -58.497   -999.900   -999.900     -0.052      0.000   -149.460   -150.460    -80.593    -88.043   -999.900   -999.900
