      0.000      5.783      6.166   -999.900   -999.900     -0.383      0.000    -29.460    -33.160      5.783      6.166   -999.900   -999.900
     -5.000      5.616      5.580   -999.900   -999.900      0.036      0.000    -34.460    -38.160      5.616      5.580   -999.900   -999.900
    -10.000      4.873      4.303   -999.900   -999.900      0.570      0.000    -39.460    -43.160      4.873      4.303   -999.900   -999.900
    -15.000      2.726      1.259   -999.900   -999.900      1.467      0.000    -44.460    -48.160      2.726      1.259   -999.900   -999.900
    -20.000     -1.883     -3.638   -999.900   -999.900      1.755      0.000    -49.460    -53.160     -1.883     -3.638   -999.900   -999.900
    -25.000     -6.759     -8.558   -999.900   -999.900      1.799      0.000    -54.460    -58.160     -6.759     -8.558   -999.900   -999.900
    -30.000    -11.699    -13.526   -999.900   -999.900      1.827      0.000    -59.460    -63.160    -11.699    -13.526   -999.900   -999.900
    -35.000    -16.740    -18.577   -999.900   -999.900      1.837      0.000    -64.460    -68.160    -16.740    -18.578   -999.900   -999.900
    -40.000    -21.783    -23.617   -999.900   -999.900      1.834      0.000    -69.460    -73.160    -21.784    -23.619   -999.900   -999.900
    -45.000    -26.817    -28.666   -999.900   -999.900      1.849      0.000    -74.460    -78.160    -26.820    -28.672   -999.900   -999.900
    -50.000    -31.821    -33.632   -999.900   -999.900      1.811      0.000    -79.460    -83.160    -31.829    -33.650   -999.900   -999.900
    -55.000    -36.731    -38.695   -999.900   -999.900      1.964      0.000    -84.460    -88.160    -36.756    -38.751   -999.900   -999.900
    -60.000    -41.510    -43.659   -999.900   -999.900      2.149      0.000    -89.460    -93.160    -41.586    -43.838   -999.900   -999.900
    -65.000    -46.390    -48.434   -999.900   -999.900      2.044      0.000    -94.460    -98.160    -46.630    -48.997   -999.900   -999.900
    -70.000    -50.926    -52.384   -999.900   -999.900      1.458      0.000    -99.460   -103.160    -51.645    -53.945   -999.900   -999.900
    -75.000    -54.706    -55.191   -999.900   -999.900      0.485      0.000   -104.460   -108.160    -56.673    -58.918   -999.900   -999.900
    -80.000    -57.176    -56.669   -999.900   -999.900     -0.507      0.000   -109.460   -113.160    -61.654    -63.874   -999.900   -999.900
    -85.000    -58.388    -57.273   -999.900   -999.900     -1.115      0.000   -114.460   -118.160    -66.640    -68.851   -999.900   -999.900
    -90.000    -58.848    -57.472   -999.900   -999.900     -1.376      0.000   -119.460   -123.160    -71.482    -73.338   -999.900   -999.900
    -95.000    -59.006    -57.565   -999.900   -999.900     -1.441      0.000   -124.460   -128.160    -76.107    -80.732   -999.900   -999.900
   -100.000    -59.073    -57.570   -999.900   -999.900     -1.503      0.000   -129.460   -133.160    -82.789    -81.915   -999.900   -999.900
   -105.000    -59.083    -57.590   -999.900   -999.900     -1.493      0.000   -134.460   -138.160    -86.173    -81.915   -999.900   -999.900
   -110.000    -59.090    -57.579   -999.900   -999.900     -1.511      0.000   -139.460   -143.160    -93.718    -81.915   -999.900   -999.900
   -115.000    -59.098    -57.590   -999.900   -999.900     -1.508      0.000   -144.460   -148.160    -93.718    -81.915   -999.900   -999.900
   -120.000    -59.095    -57.585   -999.900   -999.900     -1.510      0.000   -149.460   -153.160    -93.718    -81.915   -999.900   -999.900
