      0.000      8.840   -999.900   -999.900   -999.900   1008.740      0.000    -16.110    -16.110      8.840   -999.900   -999.900   -999.900
     -5.000      8.838   -999.900   -999.900   -999.900   1008.738      0.000    -21.110    -21.110      8.838   -999.900   -999.900   -999.900
    -10.000      8.837   -999.900   -999.900   -999.900   1008.737      0.000    -26.110    -26.110      8.837   -999.900   -999.900   -999.900
    -15.000      8.833   -999.900   -999.900   -999.900   1008.733      0.000    -31.110    -31.110      8.833   -999.900   -999.900   -999.900
    -20.000      8.791   -999.900   -999.900   -999.900   1008.691      0.000    -36.110    -36.110      8.791   -999.900   -999.900   -999.900
    -25.000      8.251   -999.900   -999.900   -999.900   1008.151      0.000    -41.110    -41.110      8.251   -999.900   -999.900   -999.900
    -30.000      5.589   -999.900   -999.900   -999.900   1005.489      0.000    -46.110    -46.110      5.589   -999.900   -999.900   -999.900
    -35.000      1.100   -999.900   -999.900   -999.900   1001.000      0.000    -51.110    -51.110      1.100   -999.900   -999.900   -999.900
    -40.000     -3.785   -999.900   -999.900   -999.900    996.115      0.000    -56.110    -56.110     -3.785   -999.900   -999.900   -999.900
    -45.000     -8.744   -999.900   -999.900   -999.900    991.156      0.000    -61.110    -61.110     -8.744   -999.900   -999.900   -999.900
    -50.000    -13.740   -999.900   -999.900   -999.900    986.160      0.000    -66.110    -66.110    -13.740   -999.900   -999.900   -999.900
    -55.000    -18.777   -999.900   -999.900   -999.900    981.123      0.000    -71.110    -71.110    -18.779   -999.900   -999.900   -999.900
    -60.000    -23.782   -999.900   -999.900   -999.900    976.118      0.000    -76.110    -76.110    -23.789   -999.900   -999.900   -999.900
    -65.000    -28.884   -999.900   -999.900   -999.900    971.016      0.000    -81.110    -81.110    -28.907   -999.900   -999.900   -999.900
    -70.000    -33.963   -999.900   -999.900   -999.900    965.937      0.000    -86.110    -86.110    -34.037   -999.900   -999.900   -999.900
    -75.000    -38.983   -999.900   -999.900   -999.900    960.917      0.000    -91.110    -91.110    -39.226   -999.900   -999.900   -999.900
    -80.000    -43.566   -999.900   -999.900   -999.900    956.334      0.000    -96.110    -96.110    -44.303   -999.900   -999.900   -999.900
    -85.000    -47.325   -999.900   -999.900   -999.900    952.575      0.000   -101.110   -101.110    -49.337   -999.900   -999.900   -999.900
    -90.000    -49.771   -999.900   -999.900   -999.900    950.129      0.000   -106.110   -106.110    -54.348   -999.900   -999.900   -999.900
    -95.000    -50.958   -999.900   -999.900   -999.900    948.942      0.000   -111.110   -111.110    -59.377   -999.900   -999.900   -999.900
   -100.000    -51.424   -999.900   -999.900   -999.900    948.476      0.000   -116.110   -116.110    -64.704   -999.900   -999.900   -999.900
   -105.000    -51.636   -999.900   -999.900   -999.900    948.264      0.000   -121.110   -121.110    -64.704   -999.900   -999.900   -999.900
   -110.000    -51.638   -999.900   -999.900   -999.900    948.262      0.000   -126.110   -126.110    -64.704   -999.900   -999.900   -999.900
   -115.000    -51.632   -999.900   -999.900   -999.900    948.268      0.000   -131.110   -131.110    -64.704   -999.900   -999.900   -999.900
   -120.000    -51.627   -999.900   -999.900   -999.900    948.273      0.000   -136.110   -136.110    -64.704   -999.900   -999.900   -999.900
