      0.000     -0.737   -999.900   -999.900   -999.900    999.163      0.000    -15.000    -15.000     -0.737   -999.900   -999.900   -999.900
     -5.000     -0.738   -999.900   -999.900   -999.900    999.162      0.000    -20.000    -20.000     -0.738   -999.900   -999.900   -999.900
    -10.000     -0.739   -999.900   -999.900   -999.900    999.161      0.000    -25.000    -25.000     -0.739   -999.900   -999.900   -999.900
    -15.000     -0.744   -999.900   -999.900   -999.900    999.156      0.000    -30.000    -30.000     -0.744   -999.900   -999.900   -999.900
    -20.000     -0.796   -999.900   -999.900   -999.900    999.104      0.000    -35.000    -35.000     -0.796   -999.900   -999.900   -999.900
    -25.000     -1.254   -999.900   -999.900   -999.900    998.646      0.000    -40.000    -40.000     -1.254   -999.900   -999.900   -999.900
    -30.000     -3.066   -999.900   -999.900   -999.900    996.834      0.000    -45.000    -45.000     -3.066   -999.900   -999.900   -999.900
    -35.000     -7.410   -999.900   -999.900   -999.900    992.490      0.000    -50.000    -50.000     -7.410   -999.900   -999.900   -999.900
    -40.000    -12.292   -999.900   -999.900   -999.900    987.608      0.000    -55.000    -55.000    -12.292   -999.900   -999.900   -999.900
    -45.000    -17.249   -999.900   -999.900   -999.900    982.651      0.000    -60.000    -60.000    -17.250   -999.900   -999.900   -999.900
    -50.000    -22.241   -999.900   -999.900   -999.900    977.659      0.000    -65.000    -65.000    -22.243   -999.900   -999.900   -999.900
    -55.000    -27.283   -999.900   -999.900   -999.900    972.617      0.000    -70.000    -70.000    -27.287   -999.900   -999.900   -999.900
    -60.000    -32.302   -999.900   -999.900   -999.900    967.598      0.000    -75.000    -75.000    -32.316   -999.900   -999.900   -999.900
    -65.000    -37.393   -999.900   -999.900   -999.900    962.507      0.000    -80.000    -80.000    -37.437   -999.900   -999.900   -999.900
    -70.000    -42.224   -999.900   -999.900   -999.900    957.676      0.000    -85.000    -85.000    -42.359   -999.900   -999.900   -999.900
    -75.000    -46.807   -999.900   -999.900   -999.900    953.093      0.000    -90.000    -90.000    -47.208   -999.900   -999.900   -999.900
    -80.000    -51.023   -999.900   -999.900   -999.900    948.877      0.000    -95.000    -95.000    -52.175   -999.900   -999.900   -999.900
    -85.000    -54.256   -999.900   -999.900   -999.900    945.644      0.000   -100.000   -100.000    -57.185   -999.900   -999.900   -999.900
    -90.000    -56.113   -999.900   -999.900   -999.900    943.787      0.000   -105.000   -105.000    -62.175   -999.900   -999.900   -999.900
    -95.000    -56.919   -999.900   -999.900   -999.900    942.981      0.000   -110.000   -110.000    -67.172   -999.900   -999.900   -999.900
   -100.000    -57.204   -999.900   -999.900   -999.900    942.696      0.000   -115.000   -115.000    -72.046   -999.900   -999.900   -999.900
   -105.000    -57.354   -999.900   -999.900   -999.900    942.546      0.000   -120.000   -120.000    -72.046   -999.900   -999.900   -999.900
   -110.000    -57.350   -999.900   -999.900   -999.900    942.550      0.000   -125.000   -125.000    -72.046   -999.900   -999.900   -999.900
   -115.000    -57.346   -999.900   -999.900   -999.900    942.554      0.000   -130.000   -130.000    -72.046   -999.900   -999.900   -999.900
   -120.000    -57.346   -999.900   -999.900   -999.900    942.554      0.000   -135.000   -135.000    -72.046   -999.900   -999.900   -999.900
