      0.000      8.352   -999.900   -999.900   -999.900   1008.252      0.000    -15.910    -15.910      8.352   -999.900   -999.900   -999.900
     -5.000      8.351   -999.900   -999.900   -999.900   1008.251      0.000    -20.910    -20.910      8.351   -999.900   -999.900   -999.900
    -10.000      8.351   -999.900   -999.900   -999.900   1008.251      0.000    -25.910    -25.910      8.351   -999.900   -999.900   -999.900
    -15.000      8.346   -999.900   -999.900   -999.900   1008.246      0.000    -30.910    -30.910      8.346   -999.900   -999.900   -999.900
    -20.000      8.293   -999.900   -999.900   -999.900   1008.193      0.000    -35.910    -35.910      8.293   -999.900   -999.900   -999.900
    -25.000      7.830   -999.900   -999.900   -999.900   1007.730      0.000    -40.910    -40.910      7.830   -999.900   -999.900   -999.900
    -30.000      6.017   -999.900   -999.900   -999.900   1005.917      0.000    -45.910    -45.910      6.017   -999.900   -999.900   -999.900
    -35.000      1.675   -999.900   -999.900   -999.900   1001.575      0.000    -50.910    -50.910      1.675   -999.900   -999.900   -999.900
    -40.000     -3.205   -999.900   -999.900   -999.900    996.695      0.000    -55.910    -55.910     -3.205   -999.900   -999.900   -999.900
    -45.000     -8.157   -999.900   -999.900   -999.900    991.743      0.000    -60.910    -60.910     -8.158   -999.900   -999.900   -999.900
    -50.000    -13.143   -999.900   -999.900   -999.900    986.757      0.000    -65.910    -65.910    -13.144   -999.900   -999.900   -999.900
    -55.000    -18.175   -999.900   -999.900   -999.900    981.725      0.000    -70.910    -70.910    -18.179   -999.900   -999.900   -999.900
    -60.000    -23.141   -999.900   -999.900   -999.900    976.759      0.000    -75.910    -75.910    -23.153   -999.900   -999.900   -999.900
    -65.000    -28.163   -999.900   -999.900   -999.900    971.737      0.000    -80.910    -80.910    -28.201   -999.900   -999.900   -999.900
    -70.000    -33.135   -999.900   -999.900   -999.900    966.765      0.000    -85.910    -85.910    -33.256   -999.900   -999.900   -999.900
    -75.000    -37.962   -999.900   -999.900   -999.900    961.938      0.000    -90.910    -90.910    -38.338   -999.900   -999.900   -999.900
    -80.000    -42.231   -999.900   -999.900   -999.900    957.669      0.000    -95.910    -95.910    -43.322   -999.900   -999.900   -999.900
    -85.000    -45.527   -999.900   -999.900   -999.900    954.373      0.000   -100.910   -100.910    -48.321   -999.900   -999.900   -999.900
    -90.000    -47.453   -999.900   -999.900   -999.900    952.447      0.000   -105.910   -105.910    -53.290   -999.900   -999.900   -999.900
    -95.000    -48.304   -999.900   -999.900   -999.900    951.596      0.000   -110.910   -110.910    -58.269   -999.900   -999.900   -999.900
   -100.000    -48.623   -999.900   -999.900   -999.900    951.277      0.000   -115.910   -115.910    -63.528   -999.900   -999.900   -999.900
   -105.000    -48.765   -999.900   -999.900   -999.900    951.135      0.000   -120.910   -120.910    -86.756   -999.900   -999.900   -999.900
   -110.000    -48.759   -999.900   -999.900   -999.900    951.141      0.000   -125.910   -125.910    -76.938   -999.900   -999.900   -999.900
   -115.000    -48.775   -999.900   -999.900   -999.900    951.125      0.000   -130.910   -130.910    -76.938   -999.900   -999.900   -999.900
   -120.000    -48.763   -999.900   -999.900   -999.900    951.137      0.000   -135.910   -135.910    -76.938   -999.900   -999.900   -999.900
