      0.000      3.265   -999.900   -999.900   -999.900   1003.165      0.000    -15.000    -15.000      3.265   -999.900   -999.900   -999.900
     -5.000      3.265   -999.900   -999.900   -999.900   1003.165      0.000    -20.000    -20.000      3.265   -999.900   -999.900   -999.900
    -10.000      3.263   -999.900   -999.900   -999.900   1003.163      0.000    -25.000    -25.000      3.263   -999.900   -999.900   -999.900
    -15.000      3.259   -999.900   -999.900   -999.900   1003.159      0.000    -30.000    -30.000      3.259   -999.900   -999.900   -999.900
    -20.000      3.207   -999.900   -999.900   -999.900   1003.107      0.000    -35.000    -35.000      3.207   -999.900   -999.900   -999.900
    -25.000      2.751   -999.900   -999.900   -999.900   1002.651      0.000    -40.000    -40.000      2.751   -999.900   -999.900   -999.900
    -30.000      0.946   -999.900   -999.900   -999.900   1000.846      0.000    -45.000    -45.000      0.946   -999.900   -999.900   -999.900
    -35.000     -3.392   -999.900   -999.900   -999.900    996.508      0.000    -50.000    -50.000     -3.392   -999.900   -999.900   -999.900
    -40.000     -8.275   -999.900   -999.900   -999.900    991.625      0.000    -55.000    -55.000     -8.275   -999.900   -999.900   -999.900
    -45.000    -13.227   -999.900   -999.900   -999.900    986.673      0.000    -60.000    -60.000    -13.228   -999.900   -999.900   -999.900
    -50.000    -18.214   -999.900   -999.900   -999.900    981.686      0.000    -65.000    -65.000    -18.215   -999.900   -999.900   -999.900
    -55.000    -23.253   -999.900   -999.900   -999.900    976.647      0.000    -70.000    -70.000    -23.257   -999.900   -999.900   -999.900
    -60.000    -28.230   -999.900   -999.900   -999.900    971.670      0.000    -75.000    -75.000    -28.243   -999.900   -999.900   -999.900
    -65.000    -33.295   -999.900   -999.900   -999.900    966.605      0.000    -80.000    -80.000    -33.335   -999.900   -999.900   -999.900
    -70.000    -38.275   -999.900   -999.900   -999.900    961.625      0.000    -85.000    -85.000    -38.401   -999.900   -999.900   -999.900
    -75.000    -42.970   -999.900   -999.900   -999.900    956.930      0.000    -90.000    -90.000    -43.353   -999.900   -999.900   -999.900
    -80.000    -47.157   -999.900   -999.900   -999.900    952.743      0.000    -95.000    -95.000    -48.245   -999.900   -999.900   -999.900
    -85.000    -50.452   -999.900   -999.900   -999.900    949.448      0.000   -100.000   -100.000    -53.233   -999.900   -999.900   -999.900
    -90.000    -52.375   -999.900   -999.900   -999.900    947.525      0.000   -105.000   -105.000    -58.168   -999.900   -999.900   -999.900
    -95.000    -53.247   -999.900   -999.900   -999.900    946.653      0.000   -110.000   -110.000    -63.256   -999.900   -999.900   -999.900
   -100.000    -53.574   -999.900   -999.900   -999.900    946.326      0.000   -115.000   -115.000    -68.899   -999.900   -999.900   -999.900
   -105.000    -53.705   -999.900   -999.900   -999.900    946.195      0.000   -120.000   -120.000    -68.899   -999.900   -999.900   -999.900
   -110.000    -53.704   -999.900   -999.900   -999.900    946.196      0.000   -125.000   -125.000    -68.899   -999.900   -999.900   -999.900
   -115.000    -53.710   -999.900   -999.900   -999.900    946.190      0.000   -130.000   -130.000    -68.899   -999.900   -999.900   -999.900
   -120.000    -53.693   -999.900   -999.900   -999.900    946.207      0.000   -135.000   -135.000    -68.899   -999.900   -999.900   -999.900
