      0.000      8.374   -999.900   -999.900   -999.900   1008.274      0.000    -15.000    -15.000      8.374   -999.900   -999.900   -999.900
     -5.000      8.373   -999.900   -999.900   -999.900   1008.273      0.000    -20.000    -20.000      8.373   -999.900   -999.900   -999.900
    -10.000      8.372   -999.900   -999.900   -999.900   1008.272      0.000    -25.000    -25.000      8.372   -999.900   -999.900   -999.900
    -15.000      8.367   -999.900   -999.900   -999.900   1008.267      0.000    -30.000    -30.000      8.367   -999.900   -999.900   -999.900
    -20.000      8.315   -999.900   -999.900   -999.900   1008.215      0.000    -35.000    -35.000      8.315   -999.900   -999.900   -999.900
    -25.000      7.856   -999.900   -999.900   -999.900   1007.756      0.000    -40.000    -40.000      7.856   -999.900   -999.900   -999.900
    -30.000      6.060   -999.900   -999.900   -999.900   1005.960      0.000    -45.000    -45.000      6.060   -999.900   -999.900   -999.900
    -35.000      1.721   -999.900   -999.900   -999.900   1001.621      0.000    -50.000    -50.000      1.721   -999.900   -999.900   -999.900
    -40.000     -3.159   -999.900   -999.900   -999.900    996.741      0.000    -55.000    -55.000     -3.159   -999.900   -999.900   -999.900
    -45.000     -8.112   -999.900   -999.900   -999.900    991.788      0.000    -60.000    -60.000     -8.113   -999.900   -999.900   -999.900
    -50.000    -13.092   -999.900   -999.900   -999.900    986.808      0.000    -65.000    -65.000    -13.093   -999.900   -999.900   -999.900
    -55.000    -18.125   -999.900   -999.900   -999.900    981.775      0.000    -70.000    -70.000    -18.129   -999.900   -999.900   -999.900
    -60.000    -23.094   -999.900   -999.900   -999.900    976.806      0.000    -75.000    -75.000    -23.105   -999.900   -999.900   -999.900
    -65.000    -28.119   -999.900   -999.900   -999.900    971.781      0.000    -80.000    -80.000    -28.156   -999.900   -999.900   -999.900
    -70.000    -33.086   -999.900   -999.900   -999.900    966.814      0.000    -85.000    -85.000    -33.204   -999.900   -999.900   -999.900
    -75.000    -37.922   -999.900   -999.900   -999.900    961.978      0.000    -90.000    -90.000    -38.292   -999.900   -999.900   -999.900
    -80.000    -42.200   -999.900   -999.900   -999.900    957.700      0.000    -95.000    -95.000    -43.274   -999.900   -999.900   -999.900
    -85.000    -45.514   -999.900   -999.900   -999.900    954.386      0.000   -100.000   -100.000    -48.272   -999.900   -999.900   -999.900
    -90.000    -47.464   -999.900   -999.900   -999.900    952.436      0.000   -105.000   -105.000    -53.254   -999.900   -999.900   -999.900
    -95.000    -48.333   -999.900   -999.900   -999.900    951.567      0.000   -110.000   -110.000    -58.311   -999.900   -999.900   -999.900
   -100.000    -48.645   -999.900   -999.900   -999.900    951.255      0.000   -115.000   -115.000    -63.399   -999.900   -999.900   -999.900
   -105.000    -48.798   -999.900   -999.900   -999.900    951.102      0.000   -120.000   -120.000    -63.399   -999.900   -999.900   -999.900
   -110.000    -48.802   -999.900   -999.900   -999.900    951.098      0.000   -125.000   -125.000    -63.399   -999.900   -999.900   -999.900
   -115.000    -48.796   -999.900   -999.900   -999.900    951.104      0.000   -130.000   -130.000    -63.399   -999.900   -999.900   -999.900
   -120.000    -48.776   -999.900   -999.900   -999.900    951.124      0.000   -135.000   -135.000    -63.399   -999.900   -999.900   -999.900
