      0.000      8.370   -999.900   -999.900   -999.900   1008.270      0.000    -15.000    -15.000      8.370   -999.900   -999.900   -999.900
     -5.000      8.370   -999.900   -999.900   -999.900   1008.270      0.000    -20.000    -20.000      8.370   -999.900   -999.900   -999.900
    -10.000      8.368   -999.900   -999.900   -999.900   1008.268      0.000    -25.000    -25.000      8.368   -999.900   -999.900   -999.900
    -15.000      8.363   -999.900   -999.900   -999.900   1008.263      0.000    -30.000    -30.000      8.363   -999.900   -999.900   -999.900
    -20.000      8.311   -999.900   -999.900   -999.900   1008.211      0.000    -35.000    -35.000      8.311   -999.900   -999.900   -999.900
    -25.000      7.852   -999.900   -999.900   -999.900   1007.752      0.000    -40.000    -40.000      7.852   -999.900   -999.900   -999.900
    -30.000      6.052   -999.900   -999.900   -999.900   1005.952      0.000    -45.000    -45.000      6.052   -999.900   -999.900   -999.900
    -35.000      1.717   -999.900   -999.900   -999.900   1001.617      0.000    -50.000    -50.000      1.717   -999.900   -999.900   -999.900
    -40.000     -3.162   -999.900   -999.900   -999.900    996.738      0.000    -55.000    -55.000     -3.162   -999.900   -999.900   -999.900
    -45.000     -8.115   -999.900   -999.900   -999.900    991.785      0.000    -60.000    -60.000     -8.116   -999.900   -999.900   -999.900
    -50.000    -13.095   -999.900   -999.900   -999.900    986.805      0.000    -65.000    -65.000    -13.096   -999.900   -999.900   -999.900
    -55.000    -18.127   -999.900   -999.900   -999.900    981.773      0.000    -70.000    -70.000    -18.131   -999.900   -999.900   -999.900
    -60.000    -23.100   -999.900   -999.900   -999.900    976.800      0.000    -75.000    -75.000    -23.112   -999.900   -999.900   -999.900
    -65.000    -28.118   -999.900   -999.900   -999.900    971.782      0.000    -80.000    -80.000    -28.156   -999.900   -999.900   -999.900
    -70.000    -33.094   -999.900   -999.900   -999.900    966.806      0.000    -85.000    -85.000    -33.212   -999.900   -999.900   -999.900
    -75.000    -37.923   -999.900   -999.900   -999.900    961.977      0.000    -90.000    -90.000    -38.292   -999.900   -999.900   -999.900
    -80.000    -42.205   -999.900   -999.900   -999.900    957.695      0.000    -95.000    -95.000    -43.276   -999.900   -999.900   -999.900
    -85.000    -45.533   -999.900   -999.900   -999.900    954.367      0.000   -100.000   -100.000    -48.293   -999.900   -999.900   -999.900
    -90.000    -47.477   -999.900   -999.900   -999.900    952.423      0.000   -105.000   -105.000    -53.262   -999.900   -999.900   -999.900
    -95.000    -48.341   -999.900   -999.900   -999.900    951.559      0.000   -110.000   -110.000    -58.257   -999.900   -999.900   -999.900
   -100.000    -48.655   -999.900   -999.900   -999.900    951.245      0.000   -115.000   -115.000    -63.242   -999.900   -999.900   -999.900
   -105.000    -48.810   -999.900   -999.900   -999.900    951.090      0.000   -120.000   -120.000    -63.242   -999.900   -999.900   -999.900
   -110.000    -48.809   -999.900   -999.900   -999.900    951.091      0.000   -125.000   -125.000    -63.242   -999.900   -999.900   -999.900
   -115.000    -48.808   -999.900   -999.900   -999.900    951.092      0.000   -130.000   -130.000    -63.242   -999.900   -999.900   -999.900
   -120.000    -48.807   -999.900   -999.900   -999.900    951.093      0.000   -135.000   -135.000    -63.242   -999.900   -999.900   -999.900
