      0.000      8.465   -999.900   -999.900   -999.900   1008.365      0.000    -16.220    -16.220      8.465   -999.900   -999.900   -999.900
     -5.000      8.464   -999.900   -999.900   -999.900   1008.364      0.000    -21.220    -21.220      8.464   -999.900   -999.900   -999.900
    -10.000      8.464   -999.900   -999.900   -999.900   1008.364      0.000    -26.220    -26.220      8.464   -999.900   -999.900   -999.900
    -15.000      8.464   -999.900   -999.900   -999.900   1008.364      0.000    -31.220    -31.220      8.464   -999.900   -999.900   -999.900
    -20.000      8.408   -999.900   -999.900   -999.900   1008.308      0.000    -36.220    -36.220      8.408   -999.900   -999.900   -999.900
    -25.000      7.925   -999.900   -999.900   -999.900   1007.825      0.000    -41.220    -41.220      7.925   -999.900   -999.900   -999.900
    -30.000      5.230   -999.900   -999.900   -999.900   1005.130      0.000    -46.220    -46.220      5.230   -999.900   -999.900   -999.900
    -35.000      0.560   -999.900   -999.900   -999.900   1000.460      0.000    -51.220    -51.220      0.560   -999.900   -999.900   -999.900
    -40.000     -4.373   -999.900   -999.900   -999.900    995.527      0.000    -56.220    -56.220     -4.374   -999.900   -999.900   -999.900
    -45.000     -9.349   -999.900   -999.900   -999.900    990.551      0.000    -61.220    -61.220     -9.349   -999.900   -999.900   -999.900
    -50.000    -14.345   -999.900   -999.900   -999.900    985.555      0.000    -66.220    -66.220    -14.346   -999.900   -999.900   -999.900
    -55.000    -19.392   -999.900   -999.900   -999.900    980.508      0.000    -71.220    -71.220    -19.395   -999.900   -999.900   -999.900
    -60.000    -24.395   -999.900   -999.900   -999.900    975.505      0.000    -76.220    -76.220    -24.404   -999.900   -999.900   -999.900
    -65.000    -29.451   -999.900   -999.900   -999.900    970.449      0.000    -81.220    -81.220    -29.478   -999.900   -999.900   -999.900
    -70.000    -34.523   -999.900   -999.900   -999.900    965.377      0.000    -86.220    -86.220    -34.611   -999.900   -999.900   -999.900
    -75.000    -39.506   -999.900   -999.900   -999.900    960.394      0.000    -91.220    -91.220    -39.790   -999.900   -999.900   -999.900
    -80.000    -43.982   -999.900   -999.900   -999.900    955.918      0.000    -96.220    -96.220    -44.830   -999.900   -999.900   -999.900
    -85.000    -47.601   -999.900   -999.900   -999.900    952.299      0.000   -101.220   -101.220    -49.879   -999.900   -999.900   -999.900
    -90.000    -49.852   -999.900   -999.900   -999.900    950.048      0.000   -106.220   -106.220    -54.873   -999.900   -999.900   -999.900
    -95.000    -50.905   -999.900   -999.900   -999.900    948.995      0.000   -111.220   -111.220    -59.881   -999.900   -999.900   -999.900
   -100.000    -51.292   -999.900   -999.900   -999.900    948.608      0.000   -116.220   -116.220    -64.721   -999.900   -999.900   -999.900
   -105.000    -51.494   -999.900   -999.900   -999.900    948.406      0.000   -121.220   -121.220    -64.721   -999.900   -999.900   -999.900
   -110.000    -51.492   -999.900   -999.900   -999.900    948.408      0.000   -126.220   -126.220    -64.721   -999.900   -999.900   -999.900
   -115.000    -51.489   -999.900   -999.900   -999.900    948.411      0.000   -131.220   -131.220    -64.721   -999.900   -999.900   -999.900
   -120.000    -51.499   -999.900   -999.900   -999.900    948.401      0.000   -136.220   -136.220    -64.721   -999.900   -999.900   -999.900
