     15.000      3.824      3.933   -999.900   -999.900     -0.109      0.000    -12.040    -12.130      3.824      3.933   -999.900   -999.900
     10.000     -1.084     -0.972   -999.900   -999.900     -0.112      0.000    -17.040    -17.130     -1.084     -0.972   -999.900   -999.900
      5.000     -5.997     -5.885   -999.900   -999.900     -0.112      0.000    -22.040    -22.130     -5.997     -5.885   -999.900   -999.900
      0.000    -11.021    -10.921   -999.900   -999.900     -0.100      0.000    -27.040    -27.130    -11.021    -10.921   -999.900   -999.900
     -5.000    -15.999    -15.900   -999.900   -999.900     -0.099      0.000    -32.040    -32.130    -15.999    -15.900   -999.900   -999.900
    -10.000    -20.878    -20.800   -999.900   -999.900     -0.078      0.000    -37.040    -37.130    -20.878    -20.800   -999.900   -999.900
    -15.000    -25.895    -25.826   -999.900   -999.900     -0.069      0.000    -42.040    -42.130    -25.895    -25.826   -999.900   -999.900
    -20.000    -30.869    -30.815   -999.900   -999.900     -0.054      0.000    -47.040    -47.130    -30.869    -30.815   -999.900   -999.900
    -25.000    -35.802    -35.946   -999.900   -999.900      0.144      0.000    -52.040    -52.130    -35.803    -35.947   -999.900   -999.900
    -30.000    -41.029    -41.291   -999.900   -999.900      0.262      0.000    -57.040    -57.130    -41.032    -41.295   -999.900   -999.900
    -35.000    -46.369    -46.732   -999.900   -999.900      0.363      0.000    -62.040    -62.130    -46.378    -46.746   -999.900   -999.900
    -40.000    -52.418    -51.953   -999.900   -999.900     -0.465      0.000    -67.040    -67.130    -52.453    -51.998   -999.900   -999.900
    -45.000    -57.964    -57.174   -999.900   -999.900     -0.790      0.000    -72.040    -72.130    -58.090    -57.326   -999.900   -999.900
    -50.000    -61.918    -61.360   -999.900   -999.900     -0.558      0.000    -77.040    -77.130    -62.238    -61.770   -999.900   -999.900
    -55.000    -65.923    -65.379   -999.900   -999.900     -0.544      0.000    -82.040    -82.130    -66.777    -66.500   -999.900   -999.900
    -60.000    -69.449    -68.611   -999.900   -999.900     -0.838      0.000    -87.040    -87.130    -71.684    -71.440   -999.900   -999.900
    -65.000    -71.786    -70.574   -999.900   -999.900     -1.212      0.000    -92.040    -92.130    -76.857    -76.634   -999.900   -999.900
    -70.000    -72.841    -71.387   -999.900   -999.900     -1.454      0.000    -97.040    -97.130    -81.989    -81.709   -999.900   -999.900
    -75.000    -73.274    -71.721   -999.900   -999.900     -1.553      0.000   -102.040   -102.130    -88.564    -88.641   -999.900   -999.900
    -80.000    -73.478    -71.859   -999.900   -999.900     -1.619      0.000   -107.040   -107.130    -88.564    -88.641   -999.900   -999.900
    -85.000    -73.557    -71.922   -999.900   -999.900     -1.635      0.000   -112.040   -112.130    -88.564    -88.641   -999.900   -999.900
    -90.000    -73.577    -71.934   -999.900   -999.900     -1.643      0.000   -117.040   -117.130    -88.564    -88.641   -999.900   -999.900
    -95.000    -73.627    -71.974   -999.900   -999.900     -1.653      0.000   -122.040   -122.130    -88.564    -88.641   -999.900   -999.900
   -100.000    -73.531    -71.904   -999.900   -999.900     -1.627      0.000   -127.040   -127.130    -88.564    -88.641   -999.900   -999.900
