     10.000    -11.014    -10.913   -999.900   -999.900     -0.101      0.000    -17.040    -17.130   -999.900   -999.900   -999.900   -999.900
      5.000    -15.990    -15.891   -999.900   -999.900     -0.099      0.000    -22.040    -22.130   -999.900   -999.900   -999.900   -999.900
      0.000    -20.872    -20.793   -999.900   -999.900     -0.079      0.000    -27.040    -27.130   -999.900   -999.900   -999.900   -999.900
     -5.000    -25.899    -25.829   -999.900   -999.900     -0.070      0.000    -32.040    -32.130   -999.900   -999.900   -999.900   -999.900
    -10.000    -30.880    -30.823   -999.900   -999.900     -0.057      0.000    -37.040    -37.130   -999.900   -999.900   -999.900   -999.900
    -15.000    -35.826    -35.949   -999.900   -999.900      0.123      0.000    -42.040    -42.130   -999.900   -999.900   -999.900   -999.900
    -20.000    -41.056    -41.260   -999.900   -999.900      0.204      0.000    -47.040    -47.130   -999.900   -999.900   -999.900   -999.900
    -25.000    -46.396    -46.723   -999.900   -999.900      0.328      0.000    -52.040    -52.130   -999.900   -999.900   -999.900   -999.900
    -30.000    -52.379    -51.919   -999.900   -999.900     -0.460      0.000    -57.040    -57.130   -999.900   -999.900   -999.900   -999.900
    -35.000    -57.819    -57.058   -999.900   -999.900     -0.761      0.000    -62.040    -62.130   -999.900   -999.900   -999.900   -999.900
    -40.000    -61.668    -61.311   -999.900   -999.900     -0.357      0.000    -67.040    -67.130   -999.900   -999.900   -999.900   -999.900
    -45.000    -65.778    -65.342   -999.900   -999.900     -0.437      0.000    -72.040    -72.130   -999.900   -999.900   -999.900   -999.900
    -50.000    -69.164    -68.499   -999.900   -999.900     -0.665      0.000    -77.040    -77.130   -999.900   -999.900   -999.900   -999.900
    -55.000    -71.645    -70.476   -999.900   -999.900     -1.169      0.000    -82.040    -82.130   -999.900   -999.900   -999.900   -999.900
    -60.000    -72.920    -71.415   -999.900   -999.900     -1.505      0.000    -87.040    -87.130   -999.900   -999.900   -999.900   -999.900
    -65.000    -73.148    -71.616   -999.900   -999.900     -1.532      0.000    -92.040    -92.130   -999.900   -999.900   -999.900   -999.900
    -70.000    -73.424    -71.788   -999.900   -999.900     -1.636      0.000    -97.040    -97.130   -999.900   -999.900   -999.900   -999.900
    -75.000    -73.379    -71.784   -999.900   -999.900     -1.595      0.000   -102.040   -102.130   -999.900   -999.900   -999.900   -999.900
    -80.000    -73.421    -71.803   -999.900   -999.900     -1.618      0.000   -107.040   -107.130   -999.900   -999.900   -999.900   -999.900
    -85.000    -73.425    -71.820   -999.900   -999.900     -1.605      0.000   -112.040   -112.130   -999.900   -999.900   -999.900   -999.900
    -90.000    -73.321    -71.767   -999.900   -999.900     -1.553      0.000   -117.040   -117.130   -999.900   -999.900   -999.900   -999.900
    -95.000    -73.457    -71.820   -999.900   -999.900     -1.636      0.000   -122.040   -122.130   -999.900   -999.900   -999.900   -999.900
   -100.000    -73.445    -71.811   -999.900   -999.900     -1.634      0.000   -127.040   -127.130   -999.900   -999.900   -999.900   -999.900
