     10.000     -1.081     -0.969   -999.900   -999.900     -0.112      0.000    -17.040    -17.130     -1.081     -0.969   -999.900   -999.900
      5.000     -5.993     -5.880   -999.900   -999.900     -0.113      0.000    -22.040    -22.130     -5.993     -5.880   -999.900   -999.900
      0.000    -11.021    -10.920   -999.900   -999.900     -0.101      0.000    -27.040    -27.130    -11.021    -10.920   -999.900   -999.900
     -5.000    -15.997    -15.898   -999.900   -999.900     -0.099      0.000    -32.040    -32.130    -15.997    -15.898   -999.900   -999.900
    -10.000    -20.876    -20.798   -999.900   -999.900     -0.078      0.000    -37.040    -37.130    -20.876    -20.798   -999.900   -999.900
    -15.000    -25.899    -25.830   -999.900   -999.900     -0.069      0.000    -42.040    -42.130    -25.899    -25.830   -999.900   -999.900
    -20.000    -30.872    -30.818   -999.900   -999.900     -0.054      0.000    -47.040    -47.130    -30.872    -30.818   -999.900   -999.900
    -25.000    -35.807    -35.952   -999.900   -999.900      0.145      0.000    -52.040    -52.130    -35.808    -35.953   -999.900   -999.900
    -30.000    -41.020    -41.277   -999.900   -999.900      0.257      0.000    -57.040    -57.130    -41.023    -41.281   -999.900   -999.900
    -35.000    -46.369    -46.724   -999.900   -999.900      0.355      0.000    -62.040    -62.130    -46.378    -46.738   -999.900   -999.900
    -40.000    -52.398    -51.949   -999.900   -999.900     -0.449      0.000    -67.040    -67.130    -52.433    -51.994   -999.900   -999.900
    -45.000    -57.921    -57.147   -999.900   -999.900     -0.774      0.000    -72.040    -72.130    -58.046    -57.299   -999.900   -999.900
    -50.000    -61.873    -61.367   -999.900   -999.900     -0.506      0.000    -77.040    -77.130    -62.191    -61.779   -999.900   -999.900
    -55.000    -65.880    -65.378   -999.900   -999.900     -0.502      0.000    -82.040    -82.130    -66.730    -66.503   -999.900   -999.900
    -60.000    -69.420    -68.613   -999.900   -999.900     -0.807      0.000    -87.040    -87.130    -71.650    -71.457   -999.900   -999.900
    -65.000    -71.667    -70.523   -999.900   -999.900     -1.144      0.000    -92.040    -92.130    -76.532    -76.474   -999.900   -999.900
    -70.000    -72.947    -71.441   -999.900   -999.900     -1.506      0.000    -97.040    -97.130    -83.158    -82.496   -999.900   -999.900
    -75.000    -73.271    -71.717   -999.900   -999.900     -1.554      0.000   -102.040   -102.130    -89.261    -89.174   -999.900   -999.900
    -80.000    -73.479    -71.869   -999.900   -999.900     -1.610      0.000   -107.040   -107.130    -89.261    -89.174   -999.900   -999.900
    -85.000    -73.501    -71.890   -999.900   -999.900     -1.611      0.000   -112.040   -112.130    -89.261    -89.174   -999.900   -999.900
    -90.000    -73.555    -71.933   -999.900   -999.900     -1.622      0.000   -117.040   -117.130    -89.261    -89.174   -999.900   -999.900
    -95.000    -73.565    -71.912   -999.900   -999.900     -1.653      0.000   -122.040   -122.130    -89.261    -89.174   -999.900   -999.900
   -100.000    -73.388    -71.829   -999.900   -999.900     -1.559      0.000   -127.040   -127.130    -89.261    -89.174   -999.900   -999.900
