      0.000      8.375   -999.900   -999.900   -999.900   1008.275      0.000    -15.000    -15.000      8.375   -999.900   -999.900   -999.900
     -5.000      8.374   -999.900   -999.900   -999.900   1008.274      0.000    -20.000    -20.000      8.374   -999.900   -999.900   -999.900
    -10.000      8.373   -999.900   -999.900   -999.900   1008.273      0.000    -25.000    -25.000      8.373   -999.900   -999.900   -999.900
    -15.000      8.366   -999.900   -999.900   -999.900   1008.266      0.000    -30.000    -30.000      8.366   -999.900   -999.900   -999.900
    -20.000      8.272   -999.900   -999.900   -999.900   1008.172      0.000    -35.000    -35.000      8.272   -999.900   -999.900   -999.900
    -25.000      7.713   -999.900   -999.900   -999.900   1007.613      0.000    -40.000    -40.000      7.713   -999.900   -999.900   -999.900
    -30.000      4.928   -999.900   -999.900   -999.900   1004.828      0.000    -45.000    -45.000      4.928   -999.900   -999.900   -999.900
    -35.000      0.213   -999.900   -999.900   -999.900   1000.113      0.000    -50.000    -50.000      0.213   -999.900   -999.900   -999.900
    -40.000     -4.715   -999.900   -999.900   -999.900    995.185      0.000    -55.000    -55.000     -4.715   -999.900   -999.900   -999.900
    -45.000     -9.696   -999.900   -999.900   -999.900    990.204      0.000    -60.000    -60.000     -9.697   -999.900   -999.900   -999.900
    -50.000    -14.686   -999.900   -999.900   -999.900    985.214      0.000    -65.000    -65.000    -14.688   -999.900   -999.900   -999.900
    -55.000    -19.745   -999.900   -999.900   -999.900    980.155      0.000    -70.000    -70.000    -19.752   -999.900   -999.900   -999.900
    -60.000    -24.739   -999.900   -999.900   -999.900    975.161      0.000    -75.000    -75.000    -24.759   -999.900   -999.900   -999.900
    -65.000    -29.813   -999.900   -999.900   -999.900    970.087      0.000    -80.000    -80.000    -29.878   -999.900   -999.900   -999.900
    -70.000    -34.758   -999.900   -999.900   -999.900    965.142      0.000    -85.000    -85.000    -34.965   -999.900   -999.900   -999.900
    -75.000    -39.369   -999.900   -999.900   -999.900    960.531      0.000    -90.000    -90.000    -39.997   -999.900   -999.900   -999.900
    -80.000    -43.235   -999.900   -999.900   -999.900    956.665      0.000    -95.000    -95.000    -44.961   -999.900   -999.900   -999.900
    -85.000    -45.901   -999.900   -999.900   -999.900    953.999      0.000   -100.000   -100.000    -49.947   -999.900   -999.900   -999.900
    -90.000    -47.262   -999.900   -999.900   -999.900    952.638      0.000   -105.000   -105.000    -54.938   -999.900   -999.900   -999.900
    -95.000    -47.805   -999.900   -999.900   -999.900    952.095      0.000   -110.000   -110.000    -60.004   -999.900   -999.900   -999.900
   -100.000    -47.983   -999.900   -999.900   -999.900    951.917      0.000   -115.000   -115.000    -64.776   -999.900   -999.900   -999.900
   -105.000    -48.083   -999.900   -999.900   -999.900    951.817      0.000   -120.000   -120.000    -64.776   -999.900   -999.900   -999.900
   -110.000    -48.068   -999.900   -999.900   -999.900    951.832      0.000   -125.000   -125.000    -64.776   -999.900   -999.900   -999.900
   -115.000    -48.070   -999.900   -999.900   -999.900    951.830      0.000   -130.000   -130.000    -64.776   -999.900   -999.900   -999.900
   -120.000    -48.078   -999.900   -999.900   -999.900    951.822      0.000   -135.000   -135.000    -64.776   -999.900   -999.900   -999.900
