      0.000      8.374   -999.900   -999.900   -999.900   1008.274      0.000    -16.350    -16.350      8.374   -999.900   -999.900   -999.900
     -5.000      8.373   -999.900   -999.900   -999.900   1008.273      0.000    -21.350    -21.350      8.373   -999.900   -999.900   -999.900
    -10.000      8.371   -999.900   -999.900   -999.900   1008.271      0.000    -26.350    -26.350      8.371   -999.900   -999.900   -999.900
    -15.000      8.364   -999.900   -999.900   -999.900   1008.264      0.000    -31.350    -31.350      8.364   -999.900   -999.900   -999.900
    -20.000      8.267   -999.900   -999.900   -999.900   1008.167      0.000    -36.350    -36.350      8.267   -999.900   -999.900   -999.900
    -25.000      7.691   -999.900   -999.900   -999.900   1007.591      0.000    -41.350    -41.350      7.691   -999.900   -999.900   -999.900
    -30.000      4.851   -999.900   -999.900   -999.900   1004.751      0.000    -46.350    -46.350      4.851   -999.900   -999.900   -999.900
    -35.000      0.127   -999.900   -999.900   -999.900   1000.027      0.000    -51.350    -51.350      0.127   -999.900   -999.900   -999.900
    -40.000     -4.802   -999.900   -999.900   -999.900    995.098      0.000    -56.350    -56.350     -4.802   -999.900   -999.900   -999.900
    -45.000     -9.784   -999.900   -999.900   -999.900    990.116      0.000    -61.350    -61.350     -9.785   -999.900   -999.900   -999.900
    -50.000    -14.775   -999.900   -999.900   -999.900    985.125      0.000    -66.350    -66.350    -14.777   -999.900   -999.900   -999.900
    -55.000    -19.834   -999.900   -999.900   -999.900    980.066      0.000    -71.350    -71.350    -19.840   -999.900   -999.900   -999.900
    -60.000    -24.820   -999.900   -999.900   -999.900    975.080      0.000    -76.350    -76.350    -24.841   -999.900   -999.900   -999.900
    -65.000    -29.896   -999.900   -999.900   -999.900    970.004      0.000    -81.350    -81.350    -29.962   -999.900   -999.900   -999.900
    -70.000    -34.837   -999.900   -999.900   -999.900    965.063      0.000    -86.350    -86.350    -35.049   -999.900   -999.900   -999.900
    -75.000    -39.434   -999.900   -999.900   -999.900    960.466      0.000    -91.350    -91.350    -40.074   -999.900   -999.900   -999.900
    -80.000    -43.275   -999.900   -999.900   -999.900    956.625      0.000    -96.350    -96.350    -45.026   -999.900   -999.900   -999.900
    -85.000    -45.926   -999.900   -999.900   -999.900    953.974      0.000   -101.350   -101.350    -50.028   -999.900   -999.900   -999.900
    -90.000    -47.268   -999.900   -999.900   -999.900    952.632      0.000   -106.350   -106.350    -55.031   -999.900   -999.900   -999.900
    -95.000    -47.797   -999.900   -999.900   -999.900    952.103      0.000   -111.350   -111.350    -60.038   -999.900   -999.900   -999.900
   -100.000    -47.983   -999.900   -999.900   -999.900    951.917      0.000   -116.350   -116.350    -65.317   -999.900   -999.900   -999.900
   -105.000    -48.063   -999.900   -999.900   -999.900    951.837      0.000   -121.350   -121.350    -82.838   -999.900   -999.900   -999.900
   -110.000    -48.067   -999.900   -999.900   -999.900    951.833      0.000   -126.350   -126.350    -82.838   -999.900   -999.900   -999.900
   -115.000    -48.066   -999.900   -999.900   -999.900    951.834      0.000   -131.350   -131.350    -82.838   -999.900   -999.900   -999.900
   -120.000    -48.060   -999.900   -999.900   -999.900    951.840      0.000   -136.350   -136.350    -82.838   -999.900   -999.900   -999.900
