      0.000      5.705      6.377   -999.900   -999.900     -0.672      0.000    -29.460    -30.460      5.705      6.377   -999.900   -999.900
     -5.000      5.586      6.017   -999.900   -999.900     -0.432      0.000    -34.460    -35.460      5.586      6.017   -999.900   -999.900
    -10.000      4.991      5.042   -999.900   -999.900     -0.051      0.000    -39.460    -40.460      4.991      5.042   -999.900   -999.900
    -15.000      3.271      3.116   -999.900   -999.900      0.155      0.000    -44.460    -45.460      3.271      3.116   -999.900   -999.900
    -20.000     -0.986     -1.294   -999.900   -999.900      0.308      0.000    -49.460    -50.460     -0.986     -1.294   -999.900   -999.900
    -25.000     -5.881     -6.238   -999.900   -999.900      0.357      0.000    -54.460    -55.460     -5.881     -6.238   -999.900   -999.900
    -30.000    -10.816    -11.190   -999.900   -999.900      0.373      0.000    -59.460    -60.460    -10.817    -11.190   -999.900   -999.900
    -35.000    -15.813    -16.213   -999.900   -999.900      0.400      0.000    -64.460    -65.460    -15.813    -16.213   -999.900   -999.900
    -40.000    -20.857    -21.273   -999.900   -999.900      0.416      0.000    -69.460    -70.460    -20.857    -21.273   -999.900   -999.900
    -45.000    -25.903    -26.367   -999.900   -999.900      0.464      0.000    -74.460    -75.460    -25.904    -26.369   -999.900   -999.900
    -50.000    -30.965    -31.503   -999.900   -999.900      0.538      0.000    -79.460    -80.460    -30.971    -31.510   -999.900   -999.900
    -55.000    -36.000    -36.711   -999.900   -999.900      0.711      0.000    -84.460    -85.460    -36.019    -36.733   -999.900   -999.900
    -60.000    -40.979    -41.783   -999.900   -999.900      0.803      0.000    -89.460    -90.460    -41.039    -41.856   -999.900   -999.900
    -65.000    -45.965    -46.817   -999.900   -999.900      0.852      0.000    -94.460    -95.460    -46.157    -47.054   -999.900   -999.900
    -70.000    -50.657    -51.409   -999.900   -999.900      0.752      0.000    -99.460   -100.460    -51.246    -52.127   -999.900   -999.900
    -75.000    -54.642    -55.172   -999.900   -999.900      0.530      0.000   -104.460   -105.460    -56.303    -57.128   -999.900   -999.900
    -80.000    -57.374    -57.657   -999.900   -999.900      0.283      0.000   -109.460   -110.460    -61.312    -62.124   -999.900   -999.900
    -85.000    -58.775    -58.875   -999.900   -999.900      0.100      0.000   -114.460   -115.460    -66.295    -67.125   -999.900   -999.900
    -90.000    -59.351    -59.333   -999.900   -999.900     -0.017      0.000   -119.460   -120.460    -71.544    -71.930   -999.900   -999.900
    -95.000    -59.548    -59.491   -999.900   -999.900     -0.056      0.000   -124.460   -125.460    -77.331    -76.495   -999.900   -999.900
   -100.000    -59.603    -59.545   -999.900   -999.900     -0.059      0.000   -129.460   -130.460    -83.532    -80.580   -999.900   -999.900
   -105.000    -59.615    -59.581   -999.900   -999.900     -0.034      0.000   -134.460   -135.460    -88.201    -80.580   -999.900   -999.900
   -110.000    -59.622    -59.574   -999.900   -999.900     -0.048      0.000   -139.460   -140.460    -88.201    -80.580   -999.900   -999.900
   -115.000    -59.624    -59.585   -999.900   -999.900     -0.040      0.000   -144.460   -145.460    -88.201    -80.580   -999.900   -999.900
   -120.000    -59.623    -59.576   -999.900   -999.900     -0.046      0.000   -149.460   -150.460    -88.201    -80.580   -999.900   -999.900
