      0.000      3.388      4.040   -999.900   -999.900     -0.652      0.000    -26.420    -26.440      3.388      4.040   -999.900   -999.900
     -5.000      3.383      3.955   -999.900   -999.900     -0.571      0.000    -31.420    -31.440      3.383      3.955   -999.900   -999.900
    -10.000      3.237      3.686   -999.900   -999.900     -0.448      0.000    -36.420    -36.440      3.237      3.686   -999.900   -999.900
    -15.000      2.585      2.851   -999.900   -999.900     -0.267      0.000    -41.420    -41.440      2.585      2.851   -999.900   -999.900
    -20.000      0.588      0.719   -999.900   -999.900     -0.130      0.000    -46.420    -46.440      0.588      0.718   -999.900   -999.900
    -25.000     -3.328     -3.309   -999.900   -999.900     -0.019      0.000    -51.420    -51.440     -3.328     -3.309   -999.900   -999.900
    -30.000     -7.797     -7.843   -999.900   -999.900      0.046      0.000    -56.420    -56.440     -7.797     -7.843   -999.900   -999.900
    -35.000    -12.554    -12.637   -999.900   -999.900      0.083      0.000    -61.420    -61.440    -12.554    -12.637   -999.900   -999.900
    -40.000    -17.453    -17.555   -999.900   -999.900      0.102      0.000    -66.420    -66.440    -17.453    -17.556   -999.900   -999.900
    -45.000    -22.449    -22.553   -999.900   -999.900      0.103      0.000    -71.420    -71.440    -22.451    -22.555   -999.900   -999.900
    -50.000    -27.515    -27.602   -999.900   -999.900      0.088      0.000    -76.420    -76.440    -27.519    -27.608   -999.900   -999.900
    -55.000    -32.658    -32.726   -999.900   -999.900      0.068      0.000    -81.420    -81.440    -32.671    -32.745   -999.900   -999.900
    -60.000    -37.710    -37.825   -999.900   -999.900      0.115      0.000    -86.420    -86.440    -37.751    -37.886   -999.900   -999.900
    -65.000    -42.537    -42.987   -999.900   -999.900      0.451      0.000    -91.420    -91.440    -42.662    -43.191   -999.900   -999.900
    -70.000    -47.261    -47.831   -999.900   -999.900      0.570      0.000    -96.420    -96.440    -47.644    -48.484   -999.900   -999.900
    -75.000    -51.581    -51.832   -999.900   -999.900      0.250      0.000   -101.420   -101.440    -52.707    -53.709   -999.900   -999.900
    -80.000    -54.835    -54.407   -999.900   -999.900     -0.428      0.000   -106.420   -106.440    -57.701    -58.785   -999.900   -999.900
    -85.000    -56.732    -55.644   -999.900   -999.900     -1.088      0.000   -111.420   -111.440    -62.710    -63.725   -999.900   -999.900
    -90.000    -57.557    -56.149   -999.900   -999.900     -1.407      0.000   -116.420   -116.440    -67.728    -69.039   -999.900   -999.900
    -95.000    -57.847    -56.309   -999.900   -999.900     -1.538      0.000   -121.420   -121.440    -72.579    -74.317   -999.900   -999.900
   -100.000    -57.933    -56.354   -999.900   -999.900     -1.579      0.000   -126.420   -126.440    -76.409    -78.941   -999.900   -999.900
   -105.000    -57.986    -56.376   -999.900   -999.900     -1.609      0.000   -131.420   -131.440    -84.329    -88.968   -999.900   -999.900
   -110.000    -58.002    -56.378   -999.900   -999.900     -1.624      0.000   -136.420   -136.440    -84.329    -94.820   -999.900   -999.900
   -115.000    -57.998    -56.373   -999.900   -999.900     -1.625      0.000   -141.420   -141.440    -84.329    -85.225   -999.900   -999.900
   -120.000    -57.997    -56.387   -999.900   -999.900     -1.610      0.000   -146.420   -146.440    -84.329    -85.225   -999.900   -999.900
