      0.000      3.387      4.039   -999.900   -999.900     -0.652      0.000    -26.420    -26.440      3.387      4.039   -999.900   -999.900
     -5.000      3.382      3.954   -999.900   -999.900     -0.572      0.000    -31.420    -31.440      3.382      3.954   -999.900   -999.900
    -10.000      3.236      3.684   -999.900   -999.900     -0.448      0.000    -36.420    -36.440      3.236      3.684   -999.900   -999.900
    -15.000      2.582      2.849   -999.900   -999.900     -0.267      0.000    -41.420    -41.440      2.582      2.849   -999.900   -999.900
    -20.000      0.585      0.715   -999.900   -999.900     -0.130      0.000    -46.420    -46.440      0.585      0.715   -999.900   -999.900
    -25.000     -3.333     -3.314   -999.900   -999.900     -0.019      0.000    -51.420    -51.440     -3.333     -3.314   -999.900   -999.900
    -30.000     -7.804     -7.851   -999.900   -999.900      0.048      0.000    -56.420    -56.440     -7.804     -7.851   -999.900   -999.900
    -35.000    -12.559    -12.643   -999.900   -999.900      0.084      0.000    -61.420    -61.440    -12.559    -12.643   -999.900   -999.900
    -40.000    -17.458    -17.562   -999.900   -999.900      0.104      0.000    -66.420    -66.440    -17.458    -17.563   -999.900   -999.900
    -45.000    -22.455    -22.560   -999.900   -999.900      0.106      0.000    -71.420    -71.440    -22.456    -22.562   -999.900   -999.900
    -50.000    -27.519    -27.610   -999.900   -999.900      0.090      0.000    -76.420    -76.440    -27.523    -27.615   -999.900   -999.900
    -55.000    -32.662    -32.733   -999.900   -999.900      0.072      0.000    -81.420    -81.440    -32.674    -32.752   -999.900   -999.900
    -60.000    -37.718    -37.832   -999.900   -999.900      0.114      0.000    -86.420    -86.440    -37.759    -37.893   -999.900   -999.900
    -65.000    -42.541    -43.000   -999.900   -999.900      0.458      0.000    -91.420    -91.440    -42.667    -43.204   -999.900   -999.900
    -70.000    -47.266    -47.846   -999.900   -999.900      0.580      0.000    -96.420    -96.440    -47.650    -48.501   -999.900   -999.900
    -75.000    -51.583    -51.833   -999.900   -999.900      0.250      0.000   -101.420   -101.440    -52.709    -53.709   -999.900   -999.900
    -80.000    -54.850    -54.398   -999.900   -999.900     -0.452      0.000   -106.420   -106.440    -57.729    -58.753   -999.900   -999.900
    -85.000    -56.729    -55.656   -999.900   -999.900     -1.073      0.000   -111.420   -111.440    -62.695    -63.772   -999.900   -999.900
    -90.000    -57.560    -56.136   -999.900   -999.900     -1.424      0.000   -116.420   -116.440    -67.754    -68.697   -999.900   -999.900
    -95.000    -57.837    -56.291   -999.900   -999.900     -1.547      0.000   -121.420   -121.440    -72.280    -73.042   -999.900   -999.900
   -100.000    -57.940    -56.363   -999.900   -999.900     -1.577      0.000   -126.420   -126.440    -76.845    -79.571   -999.900   -999.900
   -105.000    -57.999    -56.401   -999.900   -999.900     -1.599      0.000   -131.420   -131.440    -76.845    -79.571   -999.900   -999.900
   -110.000    -57.997    -56.384   -999.900   -999.900     -1.613      0.000   -136.420   -136.440    -76.845    -79.571   -999.900   -999.900
   -115.000    -57.997    -56.362   -999.900   -999.900     -1.635      0.000   -141.420   -141.440    -76.845    -79.571   -999.900   -999.900
   -120.000    -57.992    -56.388   -999.900   -999.900     -1.605      0.000   -146.420   -146.440    -76.845    -79.571   -999.900   -999.900
