      0.000      3.441      4.058   -999.900   -999.900     -0.616      0.000    -26.420    -26.440      3.441      4.058   -999.900   -999.900
     -5.000      3.437      3.985   -999.900   -999.900     -0.548      0.000    -31.420    -31.440      3.437      3.985   -999.900   -999.900
    -10.000      3.295      3.751   -999.900   -999.900     -0.455      0.000    -36.420    -36.440      3.295      3.751   -999.900   -999.900
    -15.000      2.650      2.973   -999.900   -999.900     -0.323      0.000    -41.420    -41.440      2.650      2.973   -999.900   -999.900
    -20.000      0.646      0.980   -999.900   -999.900     -0.334      0.000    -46.420    -46.440      0.646      0.980   -999.900   -999.900
    -25.000     -3.275     -2.995   -999.900   -999.900     -0.280      0.000    -51.420    -51.440     -3.275     -2.995   -999.900   -999.900
    -30.000     -7.725     -7.494   -999.900   -999.900     -0.231      0.000    -56.420    -56.440     -7.725     -7.494   -999.900   -999.900
    -35.000    -12.492    -12.287   -999.900   -999.900     -0.204      0.000    -61.420    -61.440    -12.492    -12.288   -999.900   -999.900
    -40.000    -17.390    -17.199   -999.900   -999.900     -0.191      0.000    -66.420    -66.440    -17.390    -17.199   -999.900   -999.900
    -45.000    -22.382    -22.192   -999.900   -999.900     -0.191      0.000    -71.420    -71.440    -22.384    -22.193   -999.900   -999.900
    -50.000    -27.447    -27.240   -999.900   -999.900     -0.207      0.000    -76.420    -76.440    -27.451    -27.243   -999.900   -999.900
    -55.000    -32.590    -32.370   -999.900   -999.900     -0.221      0.000    -81.420    -81.440    -32.603    -32.381   -999.900   -999.900
    -60.000    -37.644    -37.469   -999.900   -999.900     -0.175      0.000    -86.420    -86.440    -37.686    -37.505   -999.900   -999.900
    -65.000    -42.495    -42.679   -999.900   -999.900      0.184      0.000    -91.420    -91.440    -42.624    -42.800   -999.900   -999.900
    -70.000    -47.222    -47.692   -999.900   -999.900      0.470      0.000    -96.420    -96.440    -47.617    -48.089   -999.900   -999.900
    -75.000    -51.519    -52.129   -999.900   -999.900      0.610      0.000   -101.420   -101.440    -52.677    -53.338   -999.900   -999.900
    -80.000    -54.743    -55.329   -999.900   -999.900      0.587      0.000   -106.420   -106.440    -57.678    -58.404   -999.900   -999.900
    -85.000    -56.602    -57.118   -999.900   -999.900      0.515      0.000   -111.420   -111.440    -62.692    -63.424   -999.900   -999.900
    -90.000    -57.398    -57.870   -999.900   -999.900      0.472      0.000   -116.420   -116.440    -67.641    -68.366   -999.900   -999.900
    -95.000    -57.652    -58.130   -999.900   -999.900      0.477      0.000   -121.420   -121.440    -71.642    -72.925   -999.900   -999.900
   -100.000    -57.792    -58.231   -999.900   -999.900      0.438      0.000   -126.420   -126.440    -78.519    -78.054   -999.900   -999.900
   -105.000    -57.828    -58.275   -999.900   -999.900      0.448      0.000   -131.420   -131.440    -92.402    -96.613   -999.900   -999.900
   -110.000    -57.837    -58.258   -999.900   -999.900      0.421      0.000   -136.420   -136.440    -92.402    -82.052   -999.900   -999.900
   -115.000    -57.824    -58.277   -999.900   -999.900      0.452      0.000   -141.420   -141.440    -92.402    -82.052   -999.900   -999.900
   -120.000    -57.828    -58.294   -999.900   -999.900      0.466      0.000   -146.420   -146.440    -92.402    -82.052   -999.900   -999.900
