      0.000      5.911      6.286   -999.900   -999.900     -0.375      0.000    -29.460    -30.460      5.911      6.286   -999.900   -999.900
     -5.000      5.720      5.724   -999.900   -999.900     -0.004      0.000    -34.460    -35.460      5.720      5.724   -999.900   -999.900
    -10.000      4.899      4.518   -999.900   -999.900      0.380      0.000    -39.460    -40.460      4.899      4.518   -999.900   -999.900
    -15.000      2.829      1.980   -999.900   -999.900      0.849      0.000    -44.460    -45.460      2.829      1.980   -999.900   -999.900
    -20.000     -1.700     -2.798   -999.900   -999.900      1.098      0.000    -49.460    -50.460     -1.700     -2.798   -999.900   -999.900
    -25.000     -6.572     -7.710   -999.900   -999.900      1.138      0.000    -54.460    -55.460     -6.572     -7.710   -999.900   -999.900
    -30.000    -11.580    -12.751   -999.900   -999.900      1.171      0.000    -59.460    -60.460    -11.580    -12.751   -999.900   -999.900
    -35.000    -16.559    -17.759   -999.900   -999.900      1.200      0.000    -64.460    -65.460    -16.559    -17.759   -999.900   -999.900
    -40.000    -21.621    -22.835   -999.900   -999.900      1.215      0.000    -69.460    -70.460    -21.621    -22.836   -999.900   -999.900
    -45.000    -26.690    -27.972   -999.900   -999.900      1.282      0.000    -74.460    -75.460    -26.691    -27.974   -999.900   -999.900
    -50.000    -31.753    -33.107   -999.900   -999.900      1.353      0.000    -79.460    -80.460    -31.759    -33.114   -999.900   -999.900
    -55.000    -36.810    -38.348   -999.900   -999.900      1.537      0.000    -84.460    -85.460    -36.828    -38.373   -999.900   -999.900
    -60.000    -41.836    -43.478   -999.900   -999.900      1.641      0.000    -89.460    -90.460    -41.893    -43.560   -999.900   -999.900
    -65.000    -46.787    -48.434   -999.900   -999.900      1.648      0.000    -94.460    -95.460    -46.967    -48.696   -999.900   -999.900
    -70.000    -51.493    -52.914   -999.900   -999.900      1.421      0.000    -99.460   -100.460    -52.050    -53.692   -999.900   -999.900
    -75.000    -55.519    -56.591   -999.900   -999.900      1.072      0.000   -104.460   -105.460    -57.094    -58.687   -999.900   -999.900
    -80.000    -58.306    -58.945   -999.900   -999.900      0.639      0.000   -109.460   -110.460    -62.052    -63.609   -999.900   -999.900
    -85.000    -59.779    -60.095   -999.900   -999.900      0.315      0.000   -114.460   -115.460    -67.020    -68.566   -999.900   -999.900
    -90.000    -60.377    -60.548   -999.900   -999.900      0.171      0.000   -119.460   -120.460    -71.980    -73.750   -999.900   -999.900
    -95.000    -60.570    -60.688   -999.900   -999.900      0.118      0.000   -124.460   -125.460    -76.296    -78.485   -999.900   -999.900
   -100.000    -60.645    -60.724   -999.900   -999.900      0.080      0.000   -129.460   -130.460    -80.661    -81.460   -999.900   -999.900
   -105.000    -60.689    -60.740   -999.900   -999.900      0.051      0.000   -134.460   -135.460    -80.661    -83.938   -999.900   -999.900
   -110.000    -60.692    -60.772   -999.900   -999.900      0.080      0.000   -139.460   -140.460    -80.661    -83.938   -999.900   -999.900
   -115.000    -60.700    -60.753   -999.900   -999.900      0.053      0.000   -144.460   -145.460    -80.661    -83.938   -999.900   -999.900
   -120.000    -60.671    -60.779   -999.900   -999.900      0.108      0.000   -149.460   -150.460    -80.661    -83.938   -999.900   -999.900
