      0.000      3.511      4.042   -999.900   -999.900     -0.531      0.000    -26.420    -26.440      3.511      4.042   -999.900   -999.900
     -5.000      3.507      3.969   -999.900   -999.900     -0.462      0.000    -31.420    -31.440      3.507      3.969   -999.900   -999.900
    -10.000      3.371      3.615   -999.900   -999.900     -0.244      0.000    -36.420    -36.440      3.371      3.615   -999.900   -999.900
    -15.000      2.737      2.593   -999.900   -999.900      0.144      0.000    -41.420    -41.440      2.737      2.593   -999.900   -999.900
    -20.000      0.752     -0.185   -999.900   -999.900      0.938      0.000    -46.420    -46.440      0.752     -0.186   -999.900   -999.900
    -25.000     -3.172     -4.401   -999.900   -999.900      1.229      0.000    -51.420    -51.440     -3.172     -4.401   -999.900   -999.900
    -30.000     -7.570     -8.946   -999.900   -999.900      1.376      0.000    -56.420    -56.440     -7.570     -8.946   -999.900   -999.900
    -35.000    -12.354    -13.823   -999.900   -999.900      1.469      0.000    -61.420    -61.440    -12.354    -13.823   -999.900   -999.900
    -40.000    -17.252    -18.762   -999.900   -999.900      1.511      0.000    -66.420    -66.440    -17.252    -18.763   -999.900   -999.900
    -45.000    -22.240    -23.775   -999.900   -999.900      1.536      0.000    -71.420    -71.440    -22.240    -23.776   -999.900   -999.900
    -50.000    -27.325    -28.860   -999.900   -999.900      1.535      0.000    -76.420    -76.440    -27.328    -28.863   -999.900   -999.900
    -55.000    -32.482    -33.969   -999.900   -999.900      1.487      0.000    -81.420    -81.440    -32.491    -33.978   -999.900   -999.900
    -60.000    -37.510    -39.124   -999.900   -999.900      1.614      0.000    -86.420    -86.440    -37.538    -39.152   -999.900   -999.900
    -65.000    -42.418    -44.405   -999.900   -999.900      1.987      0.000    -91.420    -91.440    -42.507    -44.501   -999.900   -999.900
    -70.000    -47.212    -49.517   -999.900   -999.900      2.305      0.000    -96.420    -96.440    -47.486    -49.836   -999.900   -999.900
    -75.000    -51.742    -54.047   -999.900   -999.900      2.305      0.000   -101.420   -101.440    -52.570    -55.019   -999.900   -999.900
    -80.000    -55.373    -57.498   -999.900   -999.900      2.126      0.000   -106.420   -106.440    -57.593    -60.048   -999.900   -999.900
    -85.000    -57.679    -59.583   -999.900   -999.900      1.904      0.000   -111.420   -111.440    -62.638    -65.074   -999.900   -999.900
    -90.000    -58.742    -60.508   -999.900   -999.900      1.766      0.000   -116.420   -116.440    -67.585    -70.013   -999.900   -999.900
    -95.000    -59.148    -60.857   -999.900   -999.900      1.708      0.000   -121.420   -121.440    -72.606    -75.077   -999.900   -999.900
   -100.000    -59.297    -60.954   -999.900   -999.900      1.657      0.000   -126.420   -126.440    -78.561    -78.912   -999.900   -999.900
   -105.000    -59.349    -61.044   -999.900   -999.900      1.695      0.000   -131.420   -131.440   -101.925    -78.912   -999.900   -999.900
   -110.000    -59.345    -61.026   -999.900   -999.900      1.680      0.000   -136.420   -136.440    -90.209    -78.912   -999.900   -999.900
   -115.000    -59.353    -61.011   -999.900   -999.900      1.658      0.000   -141.420   -141.440    -90.209    -78.912   -999.900   -999.900
   -120.000    -59.348    -61.016   -999.900   -999.900      1.668      0.000   -146.420   -146.440    -90.209    -78.912   -999.900   -999.900
