      0.000      3.511      4.037   -999.900   -999.900     -0.527      0.000    -26.420    -26.440      3.511      4.037   -999.900   -999.900
     -5.000      3.508      3.967   -999.900   -999.900     -0.459      0.000    -31.420    -31.440      3.508      3.967   -999.900   -999.900
    -10.000      3.373      3.615   -999.900   -999.900     -0.242      0.000    -36.420    -36.440      3.373      3.615   -999.900   -999.900
    -15.000      2.737      2.594   -999.900   -999.900      0.143      0.000    -41.420    -41.440      2.737      2.594   -999.900   -999.900
    -20.000      0.744     -0.189   -999.900   -999.900      0.933      0.000    -46.420    -46.440      0.744     -0.189   -999.900   -999.900
    -25.000     -3.186     -4.408   -999.900   -999.900      1.222      0.000    -51.420    -51.440     -3.186     -4.408   -999.900   -999.900
    -30.000     -7.576     -8.942   -999.900   -999.900      1.366      0.000    -56.420    -56.440     -7.576     -8.942   -999.900   -999.900
    -35.000    -12.368    -13.828   -999.900   -999.900      1.460      0.000    -61.420    -61.440    -12.368    -13.828   -999.900   -999.900
    -40.000    -17.265    -18.768   -999.900   -999.900      1.503      0.000    -66.420    -66.440    -17.266    -18.768   -999.900   -999.900
    -45.000    -22.252    -23.779   -999.900   -999.900      1.527      0.000    -71.420    -71.440    -22.253    -23.780   -999.900   -999.900
    -50.000    -27.341    -28.866   -999.900   -999.900      1.524      0.000    -76.420    -76.440    -27.344    -28.868   -999.900   -999.900
    -55.000    -32.498    -33.975   -999.900   -999.900      1.477      0.000    -81.420    -81.440    -32.507    -33.983   -999.900   -999.900
    -60.000    -37.518    -39.126   -999.900   -999.900      1.608      0.000    -86.420    -86.440    -37.546    -39.154   -999.900   -999.900
    -65.000    -42.430    -44.412   -999.900   -999.900      1.982      0.000    -91.420    -91.440    -42.519    -44.508   -999.900   -999.900
    -70.000    -47.223    -49.523   -999.900   -999.900      2.300      0.000    -96.420    -96.440    -47.498    -49.841   -999.900   -999.900
    -75.000    -51.752    -54.043   -999.900   -999.900      2.292      0.000   -101.420   -101.440    -52.583    -55.012   -999.900   -999.900
    -80.000    -55.380    -57.502   -999.900   -999.900      2.122      0.000   -106.420   -106.440    -57.612    -60.047   -999.900   -999.900
    -85.000    -57.671    -59.588   -999.900   -999.900      1.917      0.000   -111.420   -111.440    -62.633    -65.068   -999.900   -999.900
    -90.000    -58.724    -60.527   -999.900   -999.900      1.802      0.000   -116.420   -116.440    -67.519    -70.109   -999.900   -999.900
    -95.000    -59.143    -60.871   -999.900   -999.900      1.728      0.000   -121.420   -121.440    -72.699    -75.240   -999.900   -999.900
   -100.000    -59.274    -60.988   -999.900   -999.900      1.714      0.000   -126.420   -126.440    -77.555    -80.868   -999.900   -999.900
   -105.000    -59.337    -61.035   -999.900   -999.900      1.698      0.000   -131.420   -131.440    -93.152    -80.868   -999.900   -999.900
   -110.000    -59.339    -61.030   -999.900   -999.900      1.691      0.000   -136.420   -136.440    -93.152    -80.868   -999.900   -999.900
   -115.000    -59.342    -61.044   -999.900   -999.900      1.701      0.000   -141.420   -141.440    -93.152    -80.868   -999.900   -999.900
   -120.000    -59.337    -61.024   -999.900   -999.900      1.687      0.000   -146.420   -146.440    -93.152    -80.868   -999.900   -999.900
