      0.000      3.342      4.006   -999.900   -999.900     -0.663      0.000    -26.420    -26.440      3.342      4.006   -999.900   -999.900
     -5.000      3.336      3.926   -999.900   -999.900     -0.590      0.000    -31.420    -31.440      3.336      3.926   -999.900   -999.900
    -10.000      3.187      3.669   -999.900   -999.900     -0.482      0.000    -36.420    -36.440      3.187      3.669   -999.900   -999.900
    -15.000      2.515      2.867   -999.900   -999.900     -0.352      0.000    -41.420    -41.440      2.515      2.867   -999.900   -999.900
    -20.000      0.470      0.839   -999.900   -999.900     -0.369      0.000    -46.420    -46.440      0.470      0.839   -999.900   -999.900
    -25.000     -3.461     -3.133   -999.900   -999.900     -0.327      0.000    -51.420    -51.440     -3.461     -3.133   -999.900   -999.900
    -30.000     -7.950     -7.663   -999.900   -999.900     -0.286      0.000    -56.420    -56.440     -7.950     -7.663   -999.900   -999.900
    -35.000    -12.714    -12.449   -999.900   -999.900     -0.265      0.000    -61.420    -61.440    -12.714    -12.449   -999.900   -999.900
    -40.000    -17.618    -17.364   -999.900   -999.900     -0.254      0.000    -66.420    -66.440    -17.618    -17.364   -999.900   -999.900
    -45.000    -22.618    -22.360   -999.900   -999.900     -0.258      0.000    -71.420    -71.440    -22.619    -22.361   -999.900   -999.900
    -50.000    -27.676    -27.396   -999.900   -999.900     -0.280      0.000    -76.420    -76.440    -27.679    -27.398   -999.900   -999.900
    -55.000    -32.820    -32.542   -999.900   -999.900     -0.278      0.000    -81.420    -81.440    -32.829    -32.550   -999.900   -999.900
    -60.000    -37.903    -37.654   -999.900   -999.900     -0.249      0.000    -86.420    -86.440    -37.933    -37.681   -999.900   -999.900
    -65.000    -42.766    -42.861   -999.900   -999.900      0.095      0.000    -91.420    -91.440    -42.858    -42.951   -999.900   -999.900
    -70.000    -47.605    -47.962   -999.900   -999.900      0.357      0.000    -96.420    -96.440    -47.893    -48.261   -999.900   -999.900
    -75.000    -52.090    -52.620   -999.900   -999.900      0.530      0.000   -101.420   -101.440    -52.952    -53.557   -999.900   -999.900
    -80.000    -55.674    -56.151   -999.900   -999.900      0.476      0.000   -106.420   -106.440    -57.974    -58.652   -999.900   -999.900
    -85.000    -57.910    -58.272   -999.900   -999.900      0.362      0.000   -111.420   -111.440    -62.966    -63.703   -999.900   -999.900
    -90.000    -58.950    -59.224   -999.900   -999.900      0.274      0.000   -116.420   -116.440    -67.940    -68.746   -999.900   -999.900
    -95.000    -59.339    -59.571   -999.900   -999.900      0.232      0.000   -121.420   -121.440    -72.878    -73.820   -999.900   -999.900
   -100.000    -59.475    -59.689   -999.900   -999.900      0.214      0.000   -126.420   -126.440    -78.101    -79.223   -999.900   -999.900
   -105.000    -59.525    -59.736   -999.900   -999.900      0.211      0.000   -131.420   -131.440    -85.838    -94.292   -999.900   -999.900
   -110.000    -59.545    -59.746   -999.900   -999.900      0.201      0.000   -136.420   -136.440    -85.838    -94.292   -999.900   -999.900
   -115.000    -59.538    -59.740   -999.900   -999.900      0.202      0.000   -141.420   -141.440    -85.838    -94.292   -999.900   -999.900
   -120.000    -59.533    -59.729   -999.900   -999.900      0.195      0.000   -146.420   -146.440    -85.838    -94.292   -999.900   -999.900
