      0.000      3.381      4.035   -999.900   -999.900     -0.654      0.000    -26.420    -26.440      3.381      4.035   -999.900   -999.900
     -5.000      3.379      3.952   -999.900   -999.900     -0.573      0.000    -31.420    -31.440      3.379      3.952   -999.900   -999.900
    -10.000      3.235      3.684   -999.900   -999.900     -0.449      0.000    -36.420    -36.440      3.235      3.684   -999.900   -999.900
    -15.000      2.586      2.848   -999.900   -999.900     -0.262      0.000    -41.420    -41.440      2.586      2.848   -999.900   -999.900
    -20.000      0.592      0.705   -999.900   -999.900     -0.113      0.000    -46.420    -46.440      0.592      0.705   -999.900   -999.900
    -25.000     -3.327     -3.329   -999.900   -999.900      0.002      0.000    -51.420    -51.440     -3.327     -3.329   -999.900   -999.900
    -30.000     -7.771     -7.841   -999.900   -999.900      0.070      0.000    -56.420    -56.440     -7.771     -7.841   -999.900   -999.900
    -35.000    -12.544    -12.652   -999.900   -999.900      0.108      0.000    -61.420    -61.440    -12.544    -12.652   -999.900   -999.900
    -40.000    -17.443    -17.572   -999.900   -999.900      0.129      0.000    -66.420    -66.440    -17.444    -17.572   -999.900   -999.900
    -45.000    -22.438    -22.568   -999.900   -999.900      0.131      0.000    -71.420    -71.440    -22.439    -22.570   -999.900   -999.900
    -50.000    -27.510    -27.626   -999.900   -999.900      0.116      0.000    -76.420    -76.440    -27.513    -27.631   -999.900   -999.900
    -55.000    -32.654    -32.752   -999.900   -999.900      0.099      0.000    -81.420    -81.440    -32.663    -32.765   -999.900   -999.900
    -60.000    -37.702    -37.855   -999.900   -999.900      0.153      0.000    -86.420    -86.440    -37.731    -37.898   -999.900   -999.900
    -65.000    -42.574    -43.090   -999.900   -999.900      0.515      0.000    -91.420    -91.440    -42.664    -43.234   -999.900   -999.900
    -70.000    -47.357    -48.067   -999.900   -999.900      0.710      0.000    -96.420    -96.440    -47.632    -48.539   -999.900   -999.900
    -75.000    -51.887    -52.345   -999.900   -999.900      0.458      0.000   -101.420   -101.440    -52.717    -53.745   -999.900   -999.900
    -80.000    -55.511    -55.355   -999.900   -999.900     -0.157      0.000   -106.420   -106.440    -57.734    -58.831   -999.900   -999.900
    -85.000    -57.809    -56.952   -999.900   -999.900     -0.857      0.000   -111.420   -111.440    -62.756    -63.851   -999.900   -999.900
    -90.000    -58.882    -57.610   -999.900   -999.900     -1.272      0.000   -116.420   -116.440    -67.761    -68.913   -999.900   -999.900
    -95.000    -59.289    -57.862   -999.900   -999.900     -1.427      0.000   -121.420   -121.440    -72.859    -75.156   -999.900   -999.900
   -100.000    -59.420    -57.923   -999.900   -999.900     -1.497      0.000   -126.420   -126.440    -77.734    -81.013   -999.900   -999.900
   -105.000    -59.464    -57.919   -999.900   -999.900     -1.546      0.000   -131.420   -131.440    -82.870    -80.239   -999.900   -999.900
   -110.000    -59.491    -57.956   -999.900   -999.900     -1.535      0.000   -136.420   -136.440    -82.870    -80.239   -999.900   -999.900
   -115.000    -59.491    -57.946   -999.900   -999.900     -1.545      0.000   -141.420   -141.440    -82.870    -80.239   -999.900   -999.900
   -120.000    -59.491    -57.956   -999.900   -999.900     -1.534      0.000   -146.420   -146.440    -82.870    -80.239   -999.900   -999.900
