      0.000      3.452      3.984   -999.900   -999.900     -0.532      0.000    -26.420    -26.440      3.452      3.984   -999.900   -999.900
     -5.000      3.434      3.981   -999.900   -999.900     -0.547      0.000    -31.420    -31.440      3.434      3.981   -999.900   -999.900
    -10.000      3.230      3.912   -999.900   -999.900     -0.682      0.000    -36.420    -36.440      3.230      3.912   -999.900   -999.900
    -15.000      2.391      3.600   -999.900   -999.900     -1.209      0.000    -41.420    -41.440      2.391      3.600   -999.900   -999.900
    -20.000     -0.139      2.669   -999.900   -999.900     -2.809      0.000    -46.420    -46.440     -0.139      2.669   -999.900   -999.900
    -25.000     -4.230      0.148   -999.900   -999.900     -4.378      0.000    -51.420    -51.440     -4.230      0.148   -999.900   -999.900
    -30.000     -8.750     -3.981   -999.900   -999.900     -4.769      0.000    -56.420    -56.440     -8.750     -3.981   -999.900   -999.900
    -35.000    -13.557     -8.578   -999.900   -999.900     -4.978      0.000    -61.420    -61.440    -13.557     -8.578   -999.900   -999.900
    -40.000    -18.498    -13.396   -999.900   -999.900     -5.101      0.000    -66.420    -66.440    -18.498    -13.397   -999.900   -999.900
    -45.000    -23.533    -18.322   -999.900   -999.900     -5.211      0.000    -71.420    -71.440    -23.534    -18.323   -999.900   -999.900
    -50.000    -28.656    -23.360   -999.900   -999.900     -5.296      0.000    -76.420    -76.440    -28.659    -23.362   -999.900   -999.900
    -55.000    -33.922    -28.480   -999.900   -999.900     -5.442      0.000    -81.420    -81.440    -33.931    -28.486   -999.900   -999.900
    -60.000    -39.009    -33.559   -999.900   -999.900     -5.450      0.000    -86.420    -86.440    -39.040    -33.580   -999.900   -999.900
    -65.000    -44.025    -38.568   -999.900   -999.900     -5.457      0.000    -91.420    -91.440    -44.126    -38.636   -999.900   -999.900
    -70.000    -49.187    -43.643   -999.900   -999.900     -5.544      0.000    -96.420    -96.440    -49.527    -43.867   -999.900   -999.900
    -75.000    -53.853    -48.400   -999.900   -999.900     -5.453      0.000   -101.420   -101.440    -54.936    -49.108   -999.900   -999.900
    -80.000    -57.245    -52.235   -999.900   -999.900     -5.010      0.000   -106.420   -106.440    -60.102    -54.199   -999.900   -999.900
    -85.000    -59.167    -54.736   -999.900   -999.900     -4.431      0.000   -111.420   -111.440    -65.195    -59.259   -999.900   -999.900
    -90.000    -59.983    -55.928   -999.900   -999.900     -4.054      0.000   -116.420   -116.440    -70.226    -64.212   -999.900   -999.900
    -95.000    -60.298    -56.396   -999.900   -999.900     -3.902      0.000   -121.420   -121.440    -76.100    -69.264   -999.900   -999.900
   -100.000    -60.368    -56.574   -999.900   -999.900     -3.794      0.000   -126.420   -126.440    -80.179    -75.795   -999.900   -999.900
   -105.000    -60.409    -56.637   -999.900   -999.900     -3.772      0.000   -131.420   -131.440    -89.767    -75.795   -999.900   -999.900
   -110.000    -60.424    -56.620   -999.900   -999.900     -3.805      0.000   -136.420   -136.440    -89.767    -75.795   -999.900   -999.900
   -115.000    -60.414    -56.624   -999.900   -999.900     -3.790      0.000   -141.420   -141.440    -89.767    -75.795   -999.900   -999.900
   -120.000    -60.409    -56.625   -999.900   -999.900     -3.784      0.000   -146.420   -146.440    -89.767    -75.795   -999.900   -999.900
