      0.000      3.505      4.039   -999.900   -999.900     -0.534      0.000    -26.420    -26.440      3.505      4.039   -999.900   -999.900
     -5.000      3.501      3.965   -999.900   -999.900     -0.464      0.000    -31.420    -31.440      3.501      3.965   -999.900   -999.900
    -10.000      3.366      3.610   -999.900   -999.900     -0.245      0.000    -36.420    -36.440      3.366      3.610   -999.900   -999.900
    -15.000      2.732      2.591   -999.900   -999.900      0.141      0.000    -41.420    -41.440      2.732      2.591   -999.900   -999.900
    -20.000      0.750     -0.183   -999.900   -999.900      0.933      0.000    -46.420    -46.440      0.750     -0.183   -999.900   -999.900
    -25.000     -3.172     -4.397   -999.900   -999.900      1.225      0.000    -51.420    -51.440     -3.172     -4.397   -999.900   -999.900
    -30.000     -7.579     -8.950   -999.900   -999.900      1.371      0.000    -56.420    -56.440     -7.579     -8.950   -999.900   -999.900
    -35.000    -12.357    -13.821   -999.900   -999.900      1.464      0.000    -61.420    -61.440    -12.357    -13.821   -999.900   -999.900
    -40.000    -17.254    -18.760   -999.900   -999.900      1.505      0.000    -66.420    -66.440    -17.255    -18.760   -999.900   -999.900
    -45.000    -22.244    -23.775   -999.900   -999.900      1.532      0.000    -71.420    -71.440    -22.244    -23.776   -999.900   -999.900
    -50.000    -27.329    -28.858   -999.900   -999.900      1.529      0.000    -76.420    -76.440    -27.331    -28.861   -999.900   -999.900
    -55.000    -32.485    -33.970   -999.900   -999.900      1.485      0.000    -81.420    -81.440    -32.494    -33.978   -999.900   -999.900
    -60.000    -37.515    -39.129   -999.900   -999.900      1.614      0.000    -86.420    -86.440    -37.544    -39.157   -999.900   -999.900
    -65.000    -42.416    -44.411   -999.900   -999.900      1.995      0.000    -91.420    -91.440    -42.504    -44.506   -999.900   -999.900
    -70.000    -47.212    -49.514   -999.900   -999.900      2.301      0.000    -96.420    -96.440    -47.486    -49.830   -999.900   -999.900
    -75.000    -51.742    -54.011   -999.900   -999.900      2.270      0.000   -101.420   -101.440    -52.566    -54.969   -999.900   -999.900
    -80.000    -55.383    -57.477   -999.900   -999.900      2.094      0.000   -106.420   -106.440    -57.602    -59.994   -999.900   -999.900
    -85.000    -57.687    -59.588   -999.900   -999.900      1.901      0.000   -111.420   -111.440    -62.633    -65.040   -999.900   -999.900
    -90.000    -58.758    -60.515   -999.900   -999.900      1.757      0.000   -116.420   -116.440    -67.617    -69.908   -999.900   -999.900
    -95.000    -59.169    -60.872   -999.900   -999.900      1.703      0.000   -121.420   -121.440    -72.761    -74.942   -999.900   -999.900
   -100.000    -59.295    -60.988   -999.900   -999.900      1.693      0.000   -126.420   -126.440    -77.385    -79.799   -999.900   -999.900
   -105.000    -59.362    -61.058   -999.900   -999.900      1.695      0.000   -131.420   -131.440    -96.108    -79.799   -999.900   -999.900
   -110.000    -59.361    -61.036   -999.900   -999.900      1.675      0.000   -136.420   -136.440    -92.175    -79.799   -999.900   -999.900
   -115.000    -59.362    -61.023   -999.900   -999.900      1.661      0.000   -141.420   -141.440    -95.691    -79.799   -999.900   -999.900
   -120.000    -59.367    -61.065   -999.900   -999.900      1.697      0.000   -146.420   -146.440    -95.691    -79.799   -999.900   -999.900
