      0.000      3.570      4.106   -999.900   -999.900     -0.535      0.000    -26.420    -26.440      3.570      4.106   -999.900   -999.900
     -5.000      3.570      4.044   -999.900   -999.900     -0.474      0.000    -31.420    -31.440      3.570      4.044   -999.900   -999.900
    -10.000      3.443      3.841   -999.900   -999.900     -0.398      0.000    -36.420    -36.440      3.443      3.841   -999.900   -999.900
    -15.000      2.826      3.068   -999.900   -999.900     -0.242      0.000    -41.420    -41.440      2.826      3.068   -999.900   -999.900
    -20.000      0.838      1.032   -999.900   -999.900     -0.194      0.000    -46.420    -46.440      0.838      1.032   -999.900   -999.900
    -25.000     -3.090     -2.991   -999.900   -999.900     -0.098      0.000    -51.420    -51.440     -3.090     -2.991   -999.900   -999.900
    -30.000     -7.431     -7.404   -999.900   -999.900     -0.028      0.000    -56.420    -56.440     -7.431     -7.404   -999.900   -999.900
    -35.000    -12.255    -12.271   -999.900   -999.900      0.015      0.000    -61.420    -61.440    -12.255    -12.271   -999.900   -999.900
    -40.000    -17.150    -17.191   -999.900   -999.900      0.042      0.000    -66.420    -66.440    -17.150    -17.192   -999.900   -999.900
    -45.000    -22.124    -22.175   -999.900   -999.900      0.051      0.000    -71.420    -71.440    -22.126    -22.177   -999.900   -999.900
    -50.000    -27.211    -27.250   -999.900   -999.900      0.038      0.000    -76.420    -76.440    -27.217    -27.255   -999.900   -999.900
    -55.000    -32.361    -32.366   -999.900   -999.900      0.005      0.000    -81.420    -81.440    -32.380    -32.382   -999.900   -999.900
    -60.000    -37.349    -37.395   -999.900   -999.900      0.046      0.000    -86.420    -86.440    -37.409    -37.447   -999.900   -999.900
    -65.000    -42.228    -42.620   -999.900   -999.900      0.392      0.000    -91.420    -91.440    -42.416    -42.797   -999.900   -999.900
    -70.000    -46.821    -47.494   -999.900   -999.900      0.674      0.000    -96.420    -96.440    -47.386    -48.062   -999.900   -999.900
    -75.000    -50.856    -51.606   -999.900   -999.900      0.749      0.000   -101.420   -101.440    -52.463    -53.255   -999.900   -999.900
    -80.000    -53.639    -54.378   -999.900   -999.900      0.740      0.000   -106.420   -106.440    -57.478    -58.340   -999.900   -999.900
    -85.000    -55.085    -55.767   -999.900   -999.900      0.682      0.000   -111.420   -111.440    -62.505    -63.311   -999.900   -999.900
    -90.000    -55.655    -56.305   -999.900   -999.900      0.649      0.000   -116.420   -116.440    -67.445    -68.009   -999.900   -999.900
    -95.000    -55.864    -56.505   -999.900   -999.900      0.641      0.000   -121.420   -121.440    -72.770    -72.761   -999.900   -999.900
   -100.000    -55.929    -56.588   -999.900   -999.900      0.659      0.000   -126.420   -126.440    -78.579    -79.840   -999.900   -999.900
   -105.000    -55.956    -56.597   -999.900   -999.900      0.641      0.000   -131.420   -131.440    -78.579    -82.532   -999.900   -999.900
   -110.000    -55.945    -56.621   -999.900   -999.900      0.676      0.000   -136.420   -136.440    -78.579    -82.532   -999.900   -999.900
   -115.000    -55.954    -56.610   -999.900   -999.900      0.655      0.000   -141.420   -141.440    -78.579    -82.532   -999.900   -999.900
   -120.000    -55.956    -56.606   -999.900   -999.900      0.650      0.000   -146.420   -146.440    -78.579    -82.532   -999.900   -999.900
