      0.000      3.386      4.028   -999.900   -999.900     -0.642      0.000    -26.420    -26.440      3.386      4.028   -999.900   -999.900
     -5.000      3.381      3.952   -999.900   -999.900     -0.572      0.000    -31.420    -31.440      3.381      3.952   -999.900   -999.900
    -10.000      3.235      3.708   -999.900   -999.900     -0.473      0.000    -36.420    -36.440      3.235      3.708   -999.900   -999.900
    -15.000      2.573      2.917   -999.900   -999.900     -0.344      0.000    -41.420    -41.440      2.573      2.917   -999.900   -999.900
    -20.000      0.536      0.902   -999.900   -999.900     -0.366      0.000    -46.420    -46.440      0.536      0.902   -999.900   -999.900
    -25.000     -3.386     -3.068   -999.900   -999.900     -0.319      0.000    -51.420    -51.440     -3.386     -3.068   -999.900   -999.900
    -30.000     -7.853     -7.583   -999.900   -999.900     -0.270      0.000    -56.420    -56.440     -7.853     -7.583   -999.900   -999.900
    -35.000    -12.629    -12.379   -999.900   -999.900     -0.250      0.000    -61.420    -61.440    -12.629    -12.379   -999.900   -999.900
    -40.000    -17.532    -17.294   -999.900   -999.900     -0.238      0.000    -66.420    -66.440    -17.533    -17.294   -999.900   -999.900
    -45.000    -22.529    -22.288   -999.900   -999.900     -0.240      0.000    -71.420    -71.440    -22.530    -22.289   -999.900   -999.900
    -50.000    -27.581    -27.319   -999.900   -999.900     -0.262      0.000    -76.420    -76.440    -27.585    -27.323   -999.900   -999.900
    -55.000    -32.725    -32.459   -999.900   -999.900     -0.266      0.000    -81.420    -81.440    -32.739    -32.471   -999.900   -999.900
    -60.000    -37.785    -37.542   -999.900   -999.900     -0.243      0.000    -86.420    -86.440    -37.828    -37.581   -999.900   -999.900
    -65.000    -42.623    -42.739   -999.900   -999.900      0.115      0.000    -91.420    -91.440    -42.756    -42.869   -999.900   -999.900
    -70.000    -47.359    -47.752   -999.900   -999.900      0.394      0.000    -96.420    -96.440    -47.766    -48.181   -999.900   -999.900
    -75.000    -51.649    -52.149   -999.900   -999.900      0.500      0.000   -101.420   -101.440    -52.843    -53.449   -999.900   -999.900
    -80.000    -54.751    -55.216   -999.900   -999.900      0.465      0.000   -106.420   -106.440    -57.685    -58.443   -999.900   -999.900
    -85.000    -56.661    -56.942   -999.900   -999.900      0.281      0.000   -111.420   -111.440    -62.905    -63.521   -999.900   -999.900
    -90.000    -57.426    -57.650   -999.900   -999.900      0.225      0.000   -116.420   -116.440    -67.853    -68.537   -999.900   -999.900
    -95.000    -57.701    -57.908   -999.900   -999.900      0.207      0.000   -121.420   -121.440    -72.766    -73.864   -999.900   -999.900
   -100.000    -57.801    -57.994   -999.900   -999.900      0.192      0.000   -126.420   -126.440    -78.498    -80.248   -999.900   -999.900
   -105.000    -57.835    -58.017   -999.900   -999.900      0.183      0.000   -131.420   -131.440    -88.267    -90.698   -999.900   -999.900
   -110.000    -57.842    -58.029   -999.900   -999.900      0.187      0.000   -136.420   -136.440    -88.267    -90.698   -999.900   -999.900
   -115.000    -57.833    -58.009   -999.900   -999.900      0.176      0.000   -141.420   -141.440    -88.267    -90.698   -999.900   -999.900
   -120.000    -57.844    -58.023   -999.900   -999.900      0.179      0.000   -146.420   -146.440    -88.267    -90.698   -999.900   -999.900
