      0.000      3.389      4.041   -999.900   -999.900     -0.653      0.000    -26.420    -26.440      3.389      4.041   -999.900   -999.900
     -5.000      3.384      3.956   -999.900   -999.900     -0.571      0.000    -31.420    -31.440      3.384      3.956   -999.900   -999.900
    -10.000      3.239      3.687   -999.900   -999.900     -0.448      0.000    -36.420    -36.440      3.239      3.687   -999.900   -999.900
    -15.000      2.589      2.852   -999.900   -999.900     -0.263      0.000    -41.420    -41.440      2.589      2.852   -999.900   -999.900
    -20.000      0.595      0.713   -999.900   -999.900     -0.117      0.000    -46.420    -46.440      0.595      0.713   -999.900   -999.900
    -25.000     -3.323     -3.320   -999.900   -999.900     -0.003      0.000    -51.420    -51.440     -3.323     -3.320   -999.900   -999.900
    -30.000     -7.779     -7.843   -999.900   -999.900      0.064      0.000    -56.420    -56.440     -7.779     -7.843   -999.900   -999.900
    -35.000    -12.543    -12.644   -999.900   -999.900      0.102      0.000    -61.420    -61.440    -12.543    -12.645   -999.900   -999.900
    -40.000    -17.442    -17.565   -999.900   -999.900      0.123      0.000    -66.420    -66.440    -17.442    -17.565   -999.900   -999.900
    -45.000    -22.437    -22.561   -999.900   -999.900      0.124      0.000    -71.420    -71.440    -22.438    -22.563   -999.900   -999.900
    -50.000    -27.506    -27.615   -999.900   -999.900      0.109      0.000    -76.420    -76.440    -27.510    -27.621   -999.900   -999.900
    -55.000    -32.647    -32.736   -999.900   -999.900      0.088      0.000    -81.420    -81.440    -32.660    -32.755   -999.900   -999.900
    -60.000    -37.694    -37.827   -999.900   -999.900      0.133      0.000    -86.420    -86.440    -37.735    -37.889   -999.900   -999.900
    -65.000    -42.532    -43.002   -999.900   -999.900      0.470      0.000    -91.420    -91.440    -42.658    -43.207   -999.900   -999.900
    -70.000    -47.246    -47.834   -999.900   -999.900      0.588      0.000    -96.420    -96.440    -47.630    -48.492   -999.900   -999.900
    -75.000    -51.570    -51.812   -999.900   -999.900      0.242      0.000   -101.420   -101.440    -52.699    -53.692   -999.900   -999.900
    -80.000    -54.836    -54.387   -999.900   -999.900     -0.449      0.000   -106.420   -106.440    -57.721    -58.769   -999.900   -999.900
    -85.000    -56.721    -55.631   -999.900   -999.900     -1.091      0.000   -111.420   -111.440    -62.730    -63.761   -999.900   -999.900
    -90.000    -57.531    -56.101   -999.900   -999.900     -1.430      0.000   -116.420   -116.440    -67.656    -68.537   -999.900   -999.900
    -95.000    -57.834    -56.273   -999.900   -999.900     -1.561      0.000   -121.420   -121.440    -72.795    -73.481   -999.900   -999.900
   -100.000    -57.926    -56.288   -999.900   -999.900     -1.638      0.000   -126.420   -126.440    -77.435    -74.369   -999.900   -999.900
   -105.000    -57.982    -56.353   -999.900   -999.900     -1.629      0.000   -131.420   -131.440    -77.435    -87.437   -999.900   -999.900
   -110.000    -57.969    -56.361   -999.900   -999.900     -1.607      0.000   -136.420   -136.440    -77.435    -87.437   -999.900   -999.900
   -115.000    -57.975    -56.359   -999.900   -999.900     -1.615      0.000   -141.420   -141.440    -77.435    -87.437   -999.900   -999.900
   -120.000    -57.974    -56.351   -999.900   -999.900     -1.624      0.000   -146.420   -146.440    -77.435    -87.437   -999.900   -999.900
