      0.000      3.429      4.053   -999.900   -999.900     -0.624      0.000    -26.420    -26.440      3.429      4.053   -999.900   -999.900
     -5.000      3.425      3.979   -999.900   -999.900     -0.554      0.000    -31.420    -31.440      3.425      3.979   -999.900   -999.900
    -10.000      3.282      3.741   -999.900   -999.900     -0.459      0.000    -36.420    -36.440      3.282      3.741   -999.900   -999.900
    -15.000      2.635      2.960   -999.900   -999.900     -0.326      0.000    -41.420    -41.440      2.635      2.960   -999.900   -999.900
    -20.000      0.631      0.967   -999.900   -999.900     -0.337      0.000    -46.420    -46.440      0.631      0.967   -999.900   -999.900
    -25.000     -3.291     -3.007   -999.900   -999.900     -0.284      0.000    -51.420    -51.440     -3.291     -3.007   -999.900   -999.900
    -30.000     -7.747     -7.511   -999.900   -999.900     -0.236      0.000    -56.420    -56.440     -7.747     -7.511   -999.900   -999.900
    -35.000    -12.510    -12.300   -999.900   -999.900     -0.210      0.000    -61.420    -61.440    -12.510    -12.300   -999.900   -999.900
    -40.000    -17.408    -17.211   -999.900   -999.900     -0.197      0.000    -66.420    -66.440    -17.408    -17.211   -999.900   -999.900
    -45.000    -22.401    -22.204   -999.900   -999.900     -0.196      0.000    -71.420    -71.440    -22.402    -22.206   -999.900   -999.900
    -50.000    -27.464    -27.249   -999.900   -999.900     -0.215      0.000    -76.420    -76.440    -27.470    -27.254   -999.900   -999.900
    -55.000    -32.606    -32.376   -999.900   -999.900     -0.230      0.000    -81.420    -81.440    -32.625    -32.392   -999.900   -999.900
    -60.000    -37.651    -37.466   -999.900   -999.900     -0.185      0.000    -86.420    -86.440    -37.710    -37.519   -999.900   -999.900
    -65.000    -42.468    -42.633   -999.900   -999.900      0.165      0.000    -91.420    -91.440    -42.650    -42.808   -999.900   -999.900
    -70.000    -47.095    -47.529   -999.900   -999.900      0.434      0.000    -96.420    -96.440    -47.646    -48.095   -999.900   -999.900
    -75.000    -51.145    -51.674   -999.900   -999.900      0.529      0.000   -101.420   -101.440    -52.711    -53.331   -999.900   -999.900
    -80.000    -53.969    -54.441   -999.900   -999.900      0.472      0.000   -106.420   -106.440    -57.734    -58.420   -999.900   -999.900
    -85.000    -55.439    -55.828   -999.900   -999.900      0.389      0.000   -111.420   -111.440    -62.732    -63.417   -999.900   -999.900
    -90.000    -56.050    -56.407   -999.900   -999.900      0.357      0.000   -116.420   -116.440    -68.013    -68.889   -999.900   -999.900
    -95.000    -56.241    -56.566   -999.900   -999.900      0.325      0.000   -121.420   -121.440    -72.902    -73.284   -999.900   -999.900
   -100.000    -56.302    -56.629   -999.900   -999.900      0.327      0.000   -126.420   -126.440    -77.437    -78.183   -999.900   -999.900
   -105.000    -56.326    -56.660   -999.900   -999.900      0.334      0.000   -131.420   -131.440    -83.134    -78.183   -999.900   -999.900
   -110.000    -56.347    -56.656   -999.900   -999.900      0.309      0.000   -136.420   -136.440    -83.134    -78.183   -999.900   -999.900
   -115.000    -56.330    -56.668   -999.900   -999.900      0.338      0.000   -141.420   -141.440    -83.134    -78.183   -999.900   -999.900
   -120.000    -56.338    -56.654   -999.900   -999.900      0.316      0.000   -146.420   -146.440    -83.134    -78.183   -999.900   -999.900
