      0.000      3.388      4.039   -999.900   -999.900     -0.651      0.000    -26.420    -26.440      3.388      4.039   -999.900   -999.900
     -5.000      3.385      3.955   -999.900   -999.900     -0.571      0.000    -31.420    -31.440      3.385      3.955   -999.900   -999.900
    -10.000      3.239      3.687   -999.900   -999.900     -0.447      0.000    -36.420    -36.440      3.239      3.687   -999.900   -999.900
    -15.000      2.588      2.851   -999.900   -999.900     -0.263      0.000    -41.420    -41.440      2.588      2.851   -999.900   -999.900
    -20.000      0.594      0.714   -999.900   -999.900     -0.121      0.000    -46.420    -46.440      0.594      0.714   -999.900   -999.900
    -25.000     -3.324     -3.316   -999.900   -999.900     -0.007      0.000    -51.420    -51.440     -3.324     -3.317   -999.900   -999.900
    -30.000     -7.785     -7.844   -999.900   -999.900      0.059      0.000    -56.420    -56.440     -7.785     -7.844   -999.900   -999.900
    -35.000    -12.546    -12.643   -999.900   -999.900      0.097      0.000    -61.420    -61.440    -12.546    -12.643   -999.900   -999.900
    -40.000    -17.445    -17.563   -999.900   -999.900      0.118      0.000    -66.420    -66.440    -17.445    -17.563   -999.900   -999.900
    -45.000    -22.440    -22.559   -999.900   -999.900      0.119      0.000    -71.420    -71.440    -22.442    -22.561   -999.900   -999.900
    -50.000    -27.509    -27.612   -999.900   -999.900      0.103      0.000    -76.420    -76.440    -27.513    -27.618   -999.900   -999.900
    -55.000    -32.651    -32.734   -999.900   -999.900      0.083      0.000    -81.420    -81.440    -32.664    -32.753   -999.900   -999.900
    -60.000    -37.699    -37.832   -999.900   -999.900      0.133      0.000    -86.420    -86.440    -37.740    -37.894   -999.900   -999.900
    -65.000    -42.529    -43.002   -999.900   -999.900      0.473      0.000    -91.420    -91.440    -42.655    -43.208   -999.900   -999.900
    -70.000    -47.255    -47.846   -999.900   -999.900      0.591      0.000    -96.420    -96.440    -47.640    -48.506   -999.900   -999.900
    -75.000    -51.574    -51.816   -999.900   -999.900      0.242      0.000   -101.420   -101.440    -52.704    -53.699   -999.900   -999.900
    -80.000    -54.828    -54.392   -999.900   -999.900     -0.436      0.000   -106.420   -106.440    -57.706    -58.785   -999.900   -999.900
    -85.000    -56.735    -55.634   -999.900   -999.900     -1.101      0.000   -111.420   -111.440    -62.780    -63.790   -999.900   -999.900
    -90.000    -57.540    -56.096   -999.900   -999.900     -1.444      0.000   -116.420   -116.440    -67.737    -68.469   -999.900   -999.900
    -95.000    -57.828    -56.278   -999.900   -999.900     -1.550      0.000   -121.420   -121.440    -72.583    -73.841   -999.900   -999.900
   -100.000    -57.929    -56.316   -999.900   -999.900     -1.613      0.000   -126.420   -126.440    -77.627    -76.815   -999.900   -999.900
   -105.000    -57.965    -56.362   -999.900   -999.900     -1.602      0.000   -131.420   -131.440    -83.855    -76.815   -999.900   -999.900
   -110.000    -57.975    -56.356   -999.900   -999.900     -1.620      0.000   -136.420   -136.440    -98.807    -76.815   -999.900   -999.900
   -115.000    -57.982    -56.349   -999.900   -999.900     -1.633      0.000   -141.420   -141.440    -98.807    -76.815   -999.900   -999.900
   -120.000    -57.981    -56.351   -999.900   -999.900     -1.630      0.000   -146.420   -146.440    -98.807    -76.815   -999.900   -999.900
