      0.000      3.312      3.997   -999.900   -999.900     -0.685      0.000    -26.420    -26.440      3.312      3.997   -999.900   -999.900
     -5.000      3.303      3.903   -999.900   -999.900     -0.600      0.000    -31.420    -31.440      3.303      3.903   -999.900   -999.900
    -10.000      3.144      3.607   -999.900   -999.900     -0.463      0.000    -36.420    -36.440      3.144      3.607   -999.900   -999.900
    -15.000      2.454      2.745   -999.900   -999.900     -0.291      0.000    -41.420    -41.440      2.454      2.745   -999.900   -999.900
    -20.000      0.398      0.565   -999.900   -999.900     -0.166      0.000    -46.420    -46.440      0.398      0.565   -999.900   -999.900
    -25.000     -3.542     -3.471   -999.900   -999.900     -0.071      0.000    -51.420    -51.440     -3.542     -3.471   -999.900   -999.900
    -30.000     -8.058     -8.045   -999.900   -999.900     -0.013      0.000    -56.420    -56.440     -8.058     -8.045   -999.900   -999.900
    -35.000    -12.801    -12.817   -999.900   -999.900      0.015      0.000    -61.420    -61.440    -12.801    -12.817   -999.900   -999.900
    -40.000    -17.704    -17.737   -999.900   -999.900      0.032      0.000    -66.420    -66.440    -17.705    -17.737   -999.900   -999.900
    -45.000    -22.706    -22.737   -999.900   -999.900      0.031      0.000    -71.420    -71.440    -22.707    -22.739   -999.900   -999.900
    -50.000    -27.769    -27.784   -999.900   -999.900      0.015      0.000    -76.420    -76.440    -27.773    -27.790   -999.900   -999.900
    -55.000    -32.904    -32.914   -999.900   -999.900      0.011      0.000    -81.420    -81.440    -32.916    -32.933   -999.900   -999.900
    -60.000    -37.974    -38.023   -999.900   -999.900      0.048      0.000    -86.420    -86.440    -38.016    -38.084   -999.900   -999.900
    -65.000    -42.766    -43.150   -999.900   -999.900      0.384      0.000    -91.420    -91.440    -42.893    -43.354   -999.900   -999.900
    -70.000    -47.507    -47.986   -999.900   -999.900      0.478      0.000    -96.420    -96.440    -47.897    -48.641   -999.900   -999.900
    -75.000    -51.808    -51.974   -999.900   -999.900      0.166      0.000   -101.420   -101.440    -52.948    -53.850   -999.900   -999.900
    -80.000    -55.050    -54.543   -999.900   -999.900     -0.507      0.000   -106.420   -106.440    -57.950    -58.904   -999.900   -999.900
    -85.000    -56.929    -55.816   -999.900   -999.900     -1.113      0.000   -111.420   -111.440    -62.961    -64.035   -999.900   -999.900
    -90.000    -57.758    -56.287   -999.900   -999.900     -1.471      0.000   -116.420   -116.440    -68.150    -69.029   -999.900   -999.900
    -95.000    -58.035    -56.451   -999.900   -999.900     -1.584      0.000   -121.420   -121.440    -73.034    -74.184   -999.900   -999.900
   -100.000    -58.137    -56.490   -999.900   -999.900     -1.647      0.000   -126.420   -126.440    -78.848    -77.451   -999.900   -999.900
   -105.000    -58.166    -56.525   -999.900   -999.900     -1.641      0.000   -131.420   -131.440    -85.268   -101.995   -999.900   -999.900
   -110.000    -58.171    -56.533   -999.900   -999.900     -1.639      0.000   -136.420   -136.440    -90.003   -101.995   -999.900   -999.900
   -115.000    -58.179    -56.522   -999.900   -999.900     -1.657      0.000   -141.420   -141.440    -90.003   -101.995   -999.900   -999.900
   -120.000    -58.181    -56.520   -999.900   -999.900     -1.660      0.000   -146.420   -146.440    -90.003   -101.995   -999.900   -999.900
