      0.000      3.264      3.910   -999.900   -999.900     -0.646      0.000    -26.420    -26.440      3.264      3.910   -999.900   -999.900
     -5.000      3.260      3.812   -999.900   -999.900     -0.551      0.000    -31.420    -31.440      3.260      3.812   -999.900   -999.900
    -10.000      3.110      3.394   -999.900   -999.900     -0.284      0.000    -36.420    -36.440      3.110      3.394   -999.900   -999.900
    -15.000      2.435      2.327   -999.900   -999.900      0.108      0.000    -41.420    -41.440      2.435      2.327   -999.900   -999.900
    -20.000      0.435     -0.442   -999.900   -999.900      0.876      0.000    -46.420    -46.440      0.435     -0.442   -999.900   -999.900
    -25.000     -3.489     -4.646   -999.900   -999.900      1.157      0.000    -51.420    -51.440     -3.489     -4.646   -999.900   -999.900
    -30.000     -7.986     -9.276   -999.900   -999.900      1.290      0.000    -56.420    -56.440     -7.986     -9.276   -999.900   -999.900
    -35.000    -12.724    -14.091   -999.900   -999.900      1.367      0.000    -61.420    -61.440    -12.724    -14.091   -999.900   -999.900
    -40.000    -17.630    -19.035   -999.900   -999.900      1.406      0.000    -66.420    -66.440    -17.630    -19.036   -999.900   -999.900
    -45.000    -22.639    -24.062   -999.900   -999.900      1.423      0.000    -71.420    -71.440    -22.641    -24.064   -999.900   -999.900
    -50.000    -27.728    -29.145   -999.900   -999.900      1.417      0.000    -76.420    -76.440    -27.732    -29.149   -999.900   -999.900
    -55.000    -32.890    -34.275   -999.900   -999.900      1.386      0.000    -81.420    -81.440    -32.902    -34.288   -999.900   -999.900
    -60.000    -37.946    -39.480   -999.900   -999.900      1.534      0.000    -86.420    -86.440    -37.986    -39.522   -999.900   -999.900
    -65.000    -42.780    -44.701   -999.900   -999.900      1.921      0.000    -91.420    -91.440    -42.902    -44.840   -999.900   -999.900
    -70.000    -47.537    -49.754   -999.900   -999.900      2.217      0.000    -96.420    -96.440    -47.915    -50.218   -999.900   -999.900
    -75.000    -51.882    -54.008   -999.900   -999.900      2.126      0.000   -101.420   -101.440    -52.998    -55.372   -999.900   -999.900
    -80.000    -55.161    -57.017   -999.900   -999.900      1.856      0.000   -106.420   -106.440    -58.021    -60.382   -999.900   -999.900
    -85.000    -57.073    -58.654   -999.900   -999.900      1.581      0.000   -111.420   -111.440    -63.077    -65.346   -999.900   -999.900
    -90.000    -57.896    -59.377   -999.900   -999.900      1.481      0.000   -116.420   -116.440    -68.141    -70.821   -999.900   -999.900
    -95.000    -58.194    -59.615   -999.900   -999.900      1.421      0.000   -121.420   -121.440    -73.392    -76.735   -999.900   -999.900
   -100.000    -58.296    -59.671   -999.900   -999.900      1.376      0.000   -126.420   -126.440    -79.626    -81.437   -999.900   -999.900
   -105.000    -58.312    -59.663   -999.900   -999.900      1.352      0.000   -131.420   -131.440    -82.648    -80.368   -999.900   -999.900
   -110.000    -58.332    -59.692   -999.900   -999.900      1.360      0.000   -136.420   -136.440    -82.648    -87.079   -999.900   -999.900
   -115.000    -58.346    -59.713   -999.900   -999.900      1.367      0.000   -141.420   -141.440    -82.648    -87.079   -999.900   -999.900
   -120.000    -58.321    -59.733   -999.900   -999.900      1.412      0.000   -146.420   -146.440    -82.648    -87.079   -999.900   -999.900
