      0.000      3.234      3.949   -999.900   -999.900     -0.716      0.000    -26.420    -26.440      3.234      3.949   -999.900   -999.900
     -5.000      3.225      3.860   -999.900   -999.900     -0.635      0.000    -31.420    -31.440      3.225      3.860   -999.900   -999.900
    -10.000      3.064      3.573   -999.900   -999.900     -0.509      0.000    -36.420    -36.440      3.064      3.573   -999.900   -999.900
    -15.000      2.353      2.737   -999.900   -999.900     -0.385      0.000    -41.420    -41.440      2.353      2.737   -999.900   -999.900
    -20.000      0.253      0.670   -999.900   -999.900     -0.416      0.000    -46.420    -46.440      0.253      0.670   -999.900   -999.900
    -25.000     -3.703     -3.310   -999.900   -999.900     -0.393      0.000    -51.420    -51.440     -3.703     -3.310   -999.900   -999.900
    -30.000     -8.229     -7.868   -999.900   -999.900     -0.361      0.000    -56.420    -56.440     -8.229     -7.868   -999.900   -999.900
    -35.000    -12.986    -12.641   -999.900   -999.900     -0.346      0.000    -61.420    -61.440    -12.986    -12.641   -999.900   -999.900
    -40.000    -17.898    -17.561   -999.900   -999.900     -0.337      0.000    -66.420    -66.440    -17.898    -17.561   -999.900   -999.900
    -45.000    -22.906    -22.560   -999.900   -999.900     -0.346      0.000    -71.420    -71.440    -22.907    -22.561   -999.900   -999.900
    -50.000    -27.963    -27.593   -999.900   -999.900     -0.370      0.000    -76.420    -76.440    -27.967    -27.597   -999.900   -999.900
    -55.000    -33.103    -32.746   -999.900   -999.900     -0.357      0.000    -81.420    -81.440    -33.117    -32.759   -999.900   -999.900
    -60.000    -38.189    -37.857   -999.900   -999.900     -0.332      0.000    -86.420    -86.440    -38.233    -37.898   -999.900   -999.900
    -65.000    -43.004    -42.996   -999.900   -999.900     -0.008      0.000    -91.420    -91.440    -43.138    -43.130   -999.900   -999.900
    -70.000    -47.764    -47.983   -999.900   -999.900      0.219      0.000    -96.420    -96.440    -48.178    -48.422   -999.900   -999.900
    -75.000    -52.028    -52.371   -999.900   -999.900      0.343      0.000   -101.420   -101.440    -53.235    -53.701   -999.900   -999.900
    -80.000    -55.211    -55.456   -999.900   -999.900      0.245      0.000   -106.420   -106.440    -58.262    -58.796   -999.900   -999.900
    -85.000    -57.021    -57.127   -999.900   -999.900      0.105      0.000   -111.420   -111.440    -63.325    -63.871   -999.900   -999.900
    -90.000    -57.783    -57.813   -999.900   -999.900      0.031      0.000   -116.420   -116.440    -68.364    -68.970   -999.900   -999.900
    -95.000    -58.048    -58.049   -999.900   -999.900      0.001      0.000   -121.420   -121.440    -73.286    -74.070   -999.900   -999.900
   -100.000    -58.151    -58.134   -999.900   -999.900     -0.016      0.000   -126.420   -126.440    -79.868    -80.567   -999.900   -999.900
   -105.000    -58.189    -58.180   -999.900   -999.900     -0.008      0.000   -131.420   -131.440    -79.868    -80.567   -999.900   -999.900
   -110.000    -58.165    -58.129   -999.900   -999.900     -0.037      0.000   -136.420   -136.440    -79.868    -80.567   -999.900   -999.900
   -115.000    -58.187    -58.163   -999.900   -999.900     -0.024      0.000   -141.420   -141.440    -79.868    -80.567   -999.900   -999.900
   -120.000    -58.179    -58.165   -999.900   -999.900     -0.014      0.000   -146.420   -146.440    -79.868    -80.567   -999.900   -999.900
