      0.000      3.405      4.055   -999.900   -999.900     -0.649      0.000    -26.420    -26.440      3.405      4.055   -999.900   -999.900
     -5.000      3.400      3.968   -999.900   -999.900     -0.567      0.000    -31.420    -31.440      3.400      3.968   -999.900   -999.900
    -10.000      3.253      3.693   -999.900   -999.900     -0.439      0.000    -36.420    -36.440      3.253      3.693   -999.900   -999.900
    -15.000      2.600      2.849   -999.900   -999.900     -0.249      0.000    -41.420    -41.440      2.600      2.849   -999.900   -999.900
    -20.000      0.608      0.683   -999.900   -999.900     -0.076      0.000    -46.420    -46.440      0.608      0.683   -999.900   -999.900
    -25.000     -3.313     -3.364   -999.900   -999.900      0.050      0.000    -51.420    -51.440     -3.313     -3.364   -999.900   -999.900
    -30.000     -7.786     -7.907   -999.900   -999.900      0.121      0.000    -56.420    -56.440     -7.786     -7.907   -999.900   -999.900
    -35.000    -12.529    -12.691   -999.900   -999.900      0.161      0.000    -61.420    -61.440    -12.529    -12.691   -999.900   -999.900
    -40.000    -17.427    -17.611   -999.900   -999.900      0.185      0.000    -66.420    -66.440    -17.427    -17.612   -999.900   -999.900
    -45.000    -22.425    -22.610   -999.900   -999.900      0.185      0.000    -71.420    -71.440    -22.426    -22.612   -999.900   -999.900
    -50.000    -27.496    -27.666   -999.900   -999.900      0.170      0.000    -76.420    -76.440    -27.500    -27.673   -999.900   -999.900
    -55.000    -32.638    -32.784   -999.900   -999.900      0.146      0.000    -81.420    -81.440    -32.651    -32.806   -999.900   -999.900
    -60.000    -37.686    -37.874   -999.900   -999.900      0.188      0.000    -86.420    -86.440    -37.727    -37.945   -999.900   -999.900
    -65.000    -42.489    -43.007   -999.900   -999.900      0.517      0.000    -91.420    -91.440    -42.614    -43.242   -999.900   -999.900
    -70.000    -47.215    -47.762   -999.900   -999.900      0.547      0.000    -96.420    -96.440    -47.597    -48.507   -999.900   -999.900
    -75.000    -51.545    -51.610   -999.900   -999.900      0.066      0.000   -101.420   -101.440    -52.671    -53.702   -999.900   -999.900
    -80.000    -54.810    -54.009   -999.900   -999.900     -0.802      0.000   -106.420   -106.440    -57.688    -58.744   -999.900   -999.900
    -85.000    -56.708    -55.148   -999.900   -999.900     -1.560      0.000   -111.420   -111.440    -62.729    -63.779   -999.900   -999.900
    -90.000    -57.520    -55.567   -999.900   -999.900     -1.953      0.000   -116.420   -116.440    -67.704    -68.607   -999.900   -999.900
    -95.000    -57.829    -55.708   -999.900   -999.900     -2.121      0.000   -121.420   -121.440    -73.175    -73.120   -999.900   -999.900
   -100.000    -57.902    -55.790   -999.900   -999.900     -2.112      0.000   -126.420   -126.440    -76.885    -73.120   -999.900   -999.900
   -105.000    -57.962    -55.779   -999.900   -999.900     -2.183      0.000   -131.420   -131.440    -76.885    -73.120   -999.900   -999.900
   -110.000    -57.948    -55.788   -999.900   -999.900     -2.160      0.000   -136.420   -136.440    -76.885    -73.120   -999.900   -999.900
   -115.000    -57.962    -55.789   -999.900   -999.900     -2.173      0.000   -141.420   -141.440    -76.885    -73.120   -999.900   -999.900
   -120.000    -57.958    -55.796   -999.900   -999.900     -2.163      0.000   -146.420   -146.440    -76.885    -73.120   -999.900   -999.900
