      0.000      3.182      3.923   -999.900   -999.900     -0.741      0.000    -26.420    -26.440      3.182      3.923   -999.900   -999.900
     -5.000      3.171      3.824   -999.900   -999.900     -0.653      0.000    -31.420    -31.440      3.171      3.824   -999.900   -999.900
    -10.000      3.001      3.517   -999.900   -999.900     -0.516      0.000    -36.420    -36.440      3.001      3.517   -999.900   -999.900
    -15.000      2.266      2.657   -999.900   -999.900     -0.392      0.000    -41.420    -41.440      2.266      2.657   -999.900   -999.900
    -20.000      0.149      0.563   -999.900   -999.900     -0.414      0.000    -46.420    -46.440      0.149      0.563   -999.900   -999.900
    -25.000     -3.824     -3.432   -999.900   -999.900     -0.392      0.000    -51.420    -51.440     -3.824     -3.432   -999.900   -999.900
    -30.000     -8.375     -8.010   -999.900   -999.900     -0.365      0.000    -56.420    -56.440     -8.375     -8.010   -999.900   -999.900
    -35.000    -13.111    -12.759   -999.900   -999.900     -0.352      0.000    -61.420    -61.440    -13.111    -12.759   -999.900   -999.900
    -40.000    -18.023    -17.677   -999.900   -999.900     -0.346      0.000    -66.420    -66.440    -18.023    -17.677   -999.900   -999.900
    -45.000    -23.035    -22.678   -999.900   -999.900     -0.358      0.000    -71.420    -71.440    -23.037    -22.679   -999.900   -999.900
    -50.000    -28.104    -27.726   -999.900   -999.900     -0.378      0.000    -76.420    -76.440    -28.108    -27.730   -999.900   -999.900
    -55.000    -33.240    -32.877   -999.900   -999.900     -0.363      0.000    -81.420    -81.440    -33.253    -32.889   -999.900   -999.900
    -60.000    -38.338    -38.009   -999.900   -999.900     -0.329      0.000    -86.420    -86.440    -38.381    -38.050   -999.900   -999.900
    -65.000    -43.147    -43.115   -999.900   -999.900     -0.032      0.000    -91.420    -91.440    -43.278    -43.249   -999.900   -999.900
    -70.000    -47.926    -48.127   -999.900   -999.900      0.200      0.000    -96.420    -96.440    -48.334    -48.566   -999.900   -999.900
    -75.000    -52.211    -52.532   -999.900   -999.900      0.322      0.000   -101.420   -101.440    -53.403    -53.872   -999.900   -999.900
    -80.000    -55.406    -55.596   -999.900   -999.900      0.190      0.000   -106.420   -106.440    -58.427    -58.944   -999.900   -999.900
    -85.000    -57.227    -57.245   -999.900   -999.900      0.018      0.000   -111.420   -111.440    -63.463    -63.932   -999.900   -999.900
    -90.000    -58.000    -57.941   -999.900   -999.900     -0.059      0.000   -116.420   -116.440    -68.493    -69.033   -999.900   -999.900
    -95.000    -58.287    -58.170   -999.900   -999.900     -0.117      0.000   -121.420   -121.440    -73.945    -73.724   -999.900   -999.900
   -100.000    -58.382    -58.252   -999.900   -999.900     -0.130      0.000   -126.420   -126.440    -80.932    -78.609   -999.900   -999.900
   -105.000    -58.407    -58.292   -999.900   -999.900     -0.116      0.000   -131.420   -131.440    -80.932    -95.783   -999.900   -999.900
   -110.000    -58.415    -58.297   -999.900   -999.900     -0.118      0.000   -136.420   -136.440    -80.932    -95.783   -999.900   -999.900
   -115.000    -58.405    -58.283   -999.900   -999.900     -0.122      0.000   -141.420   -141.440    -80.932    -95.783   -999.900   -999.900
   -120.000    -58.399    -58.298   -999.900   -999.900     -0.101      0.000   -146.420   -146.440    -80.932    -95.783   -999.900   -999.900
