      0.000      3.821      3.939   -999.900   -999.900     -0.118      0.000    -26.900    -26.210      3.821      3.939   -999.900   -999.900
     -5.000      3.793      3.919   -999.900   -999.900     -0.126      0.000    -31.900    -31.210      3.793      3.919   -999.900   -999.900
    -10.000      3.561      3.728   -999.900   -999.900     -0.167      0.000    -36.900    -36.210      3.561      3.728   -999.900   -999.900
    -15.000      2.591      2.880   -999.900   -999.900     -0.289      0.000    -41.900    -41.210      2.591      2.880   -999.900   -999.900
    -20.000     -0.111      0.431   -999.900   -999.900     -0.543      0.000    -46.900    -46.210     -0.111      0.431   -999.900   -999.900
    -25.000     -4.248     -3.668   -999.900   -999.900     -0.579      0.000    -51.900    -51.210     -4.248     -3.668   -999.900   -999.900
    -30.000     -8.806     -8.236   -999.900   -999.900     -0.570      0.000    -56.900    -56.210     -8.806     -8.236   -999.900   -999.900
    -35.000    -13.652    -13.081   -999.900   -999.900     -0.571      0.000    -61.900    -61.210    -13.652    -13.081   -999.900   -999.900
    -40.000    -18.591    -18.023   -999.900   -999.900     -0.568      0.000    -66.900    -66.210    -18.591    -18.024   -999.900   -999.900
    -45.000    -23.604    -23.044   -999.900   -999.900     -0.561      0.000    -71.900    -71.210    -23.606    -23.045   -999.900   -999.900
    -50.000    -28.683    -28.128   -999.900   -999.900     -0.556      0.000    -76.900    -76.210    -28.688    -28.132   -999.900   -999.900
    -55.000    -33.829    -33.233   -999.900   -999.900     -0.595      0.000    -81.900    -81.210    -33.843    -33.248   -999.900   -999.900
    -60.000    -38.638    -38.263   -999.900   -999.900     -0.375      0.000    -86.900    -86.210    -38.684    -38.310   -999.900   -999.900
    -65.000    -43.530    -43.243   -999.900   -999.900     -0.287      0.000    -91.900    -91.210    -43.671    -43.392   -999.900   -999.900
    -70.000    -48.130    -47.773   -999.900   -999.900     -0.357      0.000    -96.900    -96.210    -48.548    -48.211   -999.900   -999.900
    -75.000    -52.224    -52.017   -999.900   -999.900     -0.206      0.000   -101.900   -101.210    -53.392    -53.295   -999.900   -999.900
    -80.000    -55.376    -55.120   -999.900   -999.900     -0.255      0.000   -106.900   -106.210    -58.279    -58.315   -999.900   -999.900
    -85.000    -57.236    -56.855   -999.900   -999.900     -0.380      0.000   -111.900   -111.210    -63.225    -63.365   -999.900   -999.900
    -90.000    -58.036    -57.583   -999.900   -999.900     -0.453      0.000   -116.900   -116.210    -68.017    -68.458   -999.900   -999.900
    -95.000    -58.354    -57.831   -999.900   -999.900     -0.523      0.000   -121.900   -121.210    -73.273    -73.395   -999.900   -999.900
   -100.000    -58.441    -57.909   -999.900   -999.900     -0.532      0.000   -126.900   -126.210    -77.474    -77.854   -999.900   -999.900
   -105.000    -58.509    -57.958   -999.900   -999.900     -0.551      0.000   -131.900   -131.210    -77.474    -77.854   -999.900   -999.900
   -110.000    -58.503    -57.957   -999.900   -999.900     -0.546      0.000   -136.900   -136.210    -77.474    -77.854   -999.900   -999.900
   -115.000    -58.494    -57.950   -999.900   -999.900     -0.544      0.000   -141.900   -141.210    -77.474    -77.854   -999.900   -999.900
   -120.000    -58.478    -57.948   -999.900   -999.900     -0.530      0.000   -146.900   -146.210    -77.474    -77.854   -999.900   -999.900
