      0.000      3.907      3.993   -999.900   -999.900     -0.086      0.000    -26.900    -26.210      3.907      3.993   -999.900   -999.900
     -5.000      3.888      3.984   -999.900   -999.900     -0.096      0.000    -31.900    -31.210      3.888      3.984   -999.900   -999.900
    -10.000      3.687      3.829   -999.900   -999.900     -0.142      0.000    -36.900    -36.210      3.687      3.829   -999.900   -999.900
    -15.000      2.790      3.075   -999.900   -999.900     -0.285      0.000    -41.900    -41.210      2.790      3.075   -999.900   -999.900
    -20.000      0.207      0.840   -999.900   -999.900     -0.633      0.000    -46.900    -46.210      0.207      0.840   -999.900   -999.900
    -25.000     -3.897     -3.209   -999.900   -999.900     -0.688      0.000    -51.900    -51.210     -3.897     -3.209   -999.900   -999.900
    -30.000     -8.386     -7.706   -999.900   -999.900     -0.681      0.000    -56.900    -56.210     -8.386     -7.706   -999.900   -999.900
    -35.000    -13.254    -12.574   -999.900   -999.900     -0.680      0.000    -61.900    -61.210    -13.254    -12.574   -999.900   -999.900
    -40.000    -18.187    -17.506   -999.900   -999.900     -0.681      0.000    -66.900    -66.210    -18.188    -17.507   -999.900   -999.900
    -45.000    -23.183    -22.508   -999.900   -999.900     -0.675      0.000    -71.900    -71.210    -23.184    -22.509   -999.900   -999.900
    -50.000    -28.267    -27.596   -999.900   -999.900     -0.672      0.000    -76.900    -76.210    -28.272    -27.600   -999.900   -999.900
    -55.000    -33.410    -32.711   -999.900   -999.900     -0.699      0.000    -81.900    -81.210    -33.424    -32.725   -999.900   -999.900
    -60.000    -38.215    -37.711   -999.900   -999.900     -0.504      0.000    -86.900    -86.210    -38.260    -37.756   -999.900   -999.900
    -65.000    -43.122    -42.711   -999.900   -999.900     -0.411      0.000    -91.900    -91.210    -43.261    -42.854   -999.900   -999.900
    -70.000    -47.735    -47.256   -999.900   -999.900     -0.480      0.000    -96.900    -96.210    -48.150    -47.675   -999.900   -999.900
    -75.000    -51.841    -51.523   -999.900   -999.900     -0.318      0.000   -101.900   -101.210    -53.001    -52.749   -999.900   -999.900
    -80.000    -55.027    -54.701   -999.900   -999.900     -0.326      0.000   -106.900   -106.210    -57.937    -57.808   -999.900   -999.900
    -85.000    -56.888    -56.482   -999.900   -999.900     -0.406      0.000   -111.900   -111.210    -62.902    -62.867   -999.900   -999.900
    -90.000    -57.695    -57.214   -999.900   -999.900     -0.481      0.000   -116.900   -116.210    -67.812    -67.748   -999.900   -999.900
    -95.000    -57.991    -57.490   -999.900   -999.900     -0.501      0.000   -121.900   -121.210    -72.728    -72.918   -999.900   -999.900
   -100.000    -58.091    -57.580   -999.900   -999.900     -0.511      0.000   -126.900   -126.210    -77.653    -78.389   -999.900   -999.900
   -105.000    -58.148    -57.612   -999.900   -999.900     -0.536      0.000   -131.900   -131.210    -77.653    -87.703   -999.900   -999.900
   -110.000    -58.138    -57.612   -999.900   -999.900     -0.527      0.000   -136.900   -136.210    -77.653    -87.582   -999.900   -999.900
   -115.000    -58.134    -57.626   -999.900   -999.900     -0.508      0.000   -141.900   -141.210    -77.653    -87.582   -999.900   -999.900
   -120.000    -58.137    -57.614   -999.900   -999.900     -0.522      0.000   -146.900   -146.210    -77.653    -87.582   -999.900   -999.900
