      0.000      3.732      3.859   -999.900   -999.900     -0.127      0.000    -26.900    -26.210      3.732      3.859   -999.900   -999.900
     -5.000      3.702      3.850   -999.900   -999.900     -0.148      0.000    -31.900    -31.210      3.702      3.850   -999.900   -999.900
    -10.000      3.469      3.696   -999.900   -999.900     -0.227      0.000    -36.900    -36.210      3.469      3.696   -999.900   -999.900
    -15.000      2.480      2.938   -999.900   -999.900     -0.458      0.000    -41.900    -41.210      2.480      2.938   -999.900   -999.900
    -20.000     -0.310      0.716   -999.900   -999.900     -1.025      0.000    -46.900    -46.210     -0.310      0.716   -999.900   -999.900
    -25.000     -4.485     -3.345   -999.900   -999.900     -1.140      0.000    -51.900    -51.210     -4.485     -3.345   -999.900   -999.900
    -30.000     -8.965     -7.787   -999.900   -999.900     -1.178      0.000    -56.900    -56.210     -8.965     -7.787   -999.900   -999.900
    -35.000    -13.848    -12.672   -999.900   -999.900     -1.177      0.000    -61.900    -61.210    -13.849    -12.672   -999.900   -999.900
    -40.000    -18.751    -17.585   -999.900   -999.900     -1.165      0.000    -66.900    -66.210    -18.751    -17.586   -999.900   -999.900
    -45.000    -23.687    -22.547   -999.900   -999.900     -1.140      0.000    -71.900    -71.210    -23.688    -22.548   -999.900   -999.900
    -50.000    -28.673    -27.609   -999.900   -999.900     -1.063      0.000    -76.900    -76.210    -28.677    -27.612   -999.900   -999.900
    -55.000    -33.675    -32.739   -999.900   -999.900     -0.936      0.000    -81.900    -81.210    -33.687    -32.748   -999.900   -999.900
    -60.000    -38.454    -37.733   -999.900   -999.900     -0.721      0.000    -86.900    -86.210    -38.491    -37.763   -999.900   -999.900
    -65.000    -43.080    -42.997   -999.900   -999.900     -0.084      0.000    -91.900    -91.210    -43.187    -43.098   -999.900   -999.900
    -70.000    -47.673    -47.520   -999.900   -999.900     -0.152      0.000    -96.900    -96.210    -47.988    -47.813   -999.900   -999.900
    -75.000    -51.996    -52.015   -999.900   -999.900      0.019      0.000   -101.900   -101.210    -52.909    -52.893   -999.900   -999.900
    -80.000    -55.464    -55.594   -999.900   -999.900      0.130      0.000   -106.900   -106.210    -57.842    -57.942   -999.900   -999.900
    -85.000    -57.675    -57.775   -999.900   -999.900      0.100      0.000   -111.900   -111.210    -62.925    -62.861   -999.900   -999.900
    -90.000    -58.613    -58.798   -999.900   -999.900      0.185      0.000   -116.900   -116.210    -67.495    -67.766   -999.900   -999.900
    -95.000    -59.078    -59.189   -999.900   -999.900      0.111      0.000   -121.900   -121.210    -74.162    -72.696   -999.900   -999.900
   -100.000    -59.206    -59.076   -999.900   -999.900     -0.130      0.000   -126.900   -126.210    -86.366    -70.686   -999.900   -999.900
   -105.000    -59.225    -59.377   -999.900   -999.900      0.152      0.000   -131.900   -131.210    -86.366    -85.976   -999.900   -999.900
   -110.000    -59.180    -59.390   -999.900   -999.900      0.210      0.000   -136.900   -136.210    -86.366    -85.976   -999.900   -999.900
   -115.000    -59.232    -59.393   -999.900   -999.900      0.160      0.000   -141.900   -141.210    -86.366    -85.976   -999.900   -999.900
   -120.000    -59.221    -59.387   -999.900   -999.900      0.166      0.000   -146.900   -146.210    -86.366    -85.976   -999.900   -999.900
