      0.000      5.765      6.001   -999.900   -999.900     -0.236      0.000    -27.380    -27.440      5.765      6.001   -999.900   -999.900
     -5.000      5.766      6.019   -999.900   -999.900     -0.253      0.000    -32.380    -32.440      5.766      6.019   -999.900   -999.900
    -10.000      5.511      5.831   -999.900   -999.900     -0.320      0.000    -37.380    -37.440      5.511      5.831   -999.900   -999.900
    -15.000      4.524      5.045   -999.900   -999.900     -0.521      0.000    -42.380    -42.440      4.524      5.045   -999.900   -999.900
    -20.000      2.079      2.723   -999.900   -999.900     -0.645      0.000    -47.380    -47.440      2.079      2.723   -999.900   -999.900
    -25.000     -2.632     -1.926   -999.900   -999.900     -0.706      0.000    -52.380    -52.440     -2.632     -1.926   -999.900   -999.900
    -30.000     -7.599     -6.875   -999.900   -999.900     -0.724      0.000    -57.380    -57.440     -7.599     -6.875   -999.900   -999.900
    -35.000    -12.541    -11.807   -999.900   -999.900     -0.734      0.000    -62.380    -62.440    -12.541    -11.807   -999.900   -999.900
    -40.000    -17.554    -16.813   -999.900   -999.900     -0.741      0.000    -67.380    -67.440    -17.554    -16.814   -999.900   -999.900
    -45.000    -22.587    -21.831   -999.900   -999.900     -0.755      0.000    -72.380    -72.440    -22.588    -21.833   -999.900   -999.900
    -50.000    -27.610    -26.851   -999.900   -999.900     -0.758      0.000    -77.380    -77.440    -27.614    -26.855   -999.900   -999.900
    -55.000    -32.670    -31.881   -999.900   -999.900     -0.789      0.000    -82.380    -82.440    -32.683    -31.893   -999.900   -999.900
    -60.000    -37.544    -36.900   -999.900   -999.900     -0.644      0.000    -87.380    -87.440    -37.584    -36.936   -999.900   -999.900
    -65.000    -42.335    -41.927   -999.900   -999.900     -0.408      0.000    -92.380    -92.440    -42.458    -42.046   -999.900   -999.900
    -70.000    -47.084    -46.769   -999.900   -999.900     -0.315      0.000    -97.380    -97.440    -47.461    -47.141   -999.900   -999.900
    -75.000    -51.386    -51.087   -999.900   -999.900     -0.299      0.000   -102.380   -102.440    -52.487    -52.175   -999.900   -999.900
    -80.000    -54.669    -54.358   -999.900   -999.900     -0.311      0.000   -107.380   -107.440    -57.480    -57.120   -999.900   -999.900
    -85.000    -56.592    -56.318   -999.900   -999.900     -0.273      0.000   -112.380   -112.440    -62.478    -62.156   -999.900   -999.900
    -90.000    -57.423    -57.209   -999.900   -999.900     -0.215      0.000   -117.380   -117.440    -67.369    -67.546   -999.900   -999.900
    -95.000    -57.739    -57.509   -999.900   -999.900     -0.230      0.000   -122.380   -122.440    -72.487    -73.105   -999.900   -999.900
   -100.000    -57.834    -57.587   -999.900   -999.900     -0.247      0.000   -127.380   -127.440    -76.994    -77.595   -999.900   -999.900
   -105.000    -57.888    -57.641   -999.900   -999.900     -0.247      0.000   -132.380   -132.440    -76.994    -77.595   -999.900   -999.900
   -110.000    -57.891    -57.640   -999.900   -999.900     -0.251      0.000   -137.380   -137.440    -76.994    -77.595   -999.900   -999.900
   -115.000    -57.897    -57.621   -999.900   -999.900     -0.276      0.000   -142.380   -142.440    -76.994    -77.595   -999.900   -999.900
   -120.000    -57.871    -57.620   -999.900   -999.900     -0.252      0.000   -147.380   -147.440    -76.994    -77.595   -999.900   -999.900
