      0.000      5.805      5.996   -999.900   -999.900     -0.191      0.000    -27.040    -27.130      5.805      5.996   -999.900   -999.900
     -5.000      5.845      6.002   -999.900   -999.900     -0.157      0.000    -32.040    -32.130      5.845      6.002   -999.900   -999.900
    -10.000      5.800      5.862   -999.900   -999.900     -0.062      0.000    -37.040    -37.130      5.800      5.862   -999.900   -999.900
    -15.000      5.423      5.262   -999.900   -999.900      0.161      0.000    -42.040    -42.130      5.423      5.262   -999.900   -999.900
    -20.000      4.231      3.928   -999.900   -999.900      0.303      0.000    -47.040    -47.130      4.231      3.928   -999.900   -999.900
    -25.000      1.840      0.611   -999.900   -999.900      1.229      0.000    -52.040    -52.130      1.840      0.611   -999.900   -999.900
    -30.000     -2.925     -4.278   -999.900   -999.900      1.353      0.000    -57.040    -57.130     -2.925     -4.278   -999.900   -999.900
    -35.000     -7.869     -9.216   -999.900   -999.900      1.347      0.000    -62.040    -62.130     -7.869     -9.216   -999.900   -999.900
    -40.000    -12.873    -14.232   -999.900   -999.900      1.360      0.000    -67.040    -67.130    -12.873    -14.232   -999.900   -999.900
    -45.000    -17.877    -19.263   -999.900   -999.900      1.386      0.000    -72.040    -72.130    -17.878    -19.264   -999.900   -999.900
    -50.000    -22.926    -24.348   -999.900   -999.900      1.423      0.000    -77.040    -77.130    -22.927    -24.350   -999.900   -999.900
    -55.000    -27.974    -29.464   -999.900   -999.900      1.490      0.000    -82.040    -82.130    -27.979    -29.468   -999.900   -999.900
    -60.000    -33.042    -34.657   -999.900   -999.900      1.615      0.000    -87.040    -87.130    -33.058    -34.670   -999.900   -999.900
    -65.000    -38.044    -39.835   -999.900   -999.900      1.791      0.000    -92.040    -92.130    -38.095    -39.879   -999.900   -999.900
    -70.000    -42.995    -44.917   -999.900   -999.900      1.922      0.000    -97.040    -97.130    -43.156    -45.060   -999.900   -999.900
    -75.000    -47.701    -49.717   -999.900   -999.900      2.016      0.000   -102.040   -102.130    -48.195    -50.164   -999.900   -999.900
    -80.000    -51.805    -53.910   -999.900   -999.900      2.105      0.000   -107.040   -107.130    -53.215    -55.201   -999.900   -999.900
    -85.000    -54.775    -56.991   -999.900   -999.900      2.216      0.000   -112.040   -112.130    -58.235    -60.203   -999.900   -999.900
    -90.000    -56.391    -58.710   -999.900   -999.900      2.319      0.000   -117.040   -117.130    -63.308    -65.218   -999.900   -999.900
    -95.000    -57.039    -59.429   -999.900   -999.900      2.390      0.000   -122.040   -122.130    -68.272    -70.194   -999.900   -999.900
   -100.000    -57.262    -59.692   -999.900   -999.900      2.430      0.000   -127.040   -127.130    -73.029    -75.453   -999.900   -999.900
   -105.000    -57.381    -59.815   -999.900   -999.900      2.434      0.000   -132.040   -132.130    -73.029    -75.453   -999.900   -999.900
   -110.000    -57.378    -59.799   -999.900   -999.900      2.421      0.000   -137.040   -137.130    -73.029    -75.453   -999.900   -999.900
   -115.000    -57.375    -59.806   -999.900   -999.900      2.431      0.000   -142.040   -142.130    -73.029    -75.453   -999.900   -999.900
   -120.000    -57.381    -59.816   -999.900   -999.900      2.435      0.000   -147.040   -147.130    -73.029    -75.453   -999.900   -999.900
