     10.000      4.415      4.390   -999.900   -999.900      0.025      0.000    -17.380    -17.440      4.415      4.390   -999.900   -999.900
      5.000     -0.500     -0.524   -999.900   -999.900      0.024      0.000    -22.380    -22.440     -0.500     -0.524   -999.900   -999.900
      0.000     -5.531     -5.554   -999.900   -999.900      0.023      0.000    -27.380    -27.440     -5.531     -5.554   -999.900   -999.900
     -5.000    -10.524    -10.547   -999.900   -999.900      0.023      0.000    -32.380    -32.440    -10.524    -10.547   -999.900   -999.900
    -10.000    -15.447    -15.460   -999.900   -999.900      0.013      0.000    -37.380    -37.440    -15.447    -15.460   -999.900   -999.900
    -15.000    -20.521    -20.533   -999.900   -999.900      0.012      0.000    -42.380    -42.440    -20.521    -20.533   -999.900   -999.900
    -20.000    -25.565    -25.570   -999.900   -999.900      0.005      0.000    -47.380    -47.440    -25.565    -25.570   -999.900   -999.900
    -25.000    -30.646    -30.615   -999.900   -999.900     -0.031      0.000    -52.380    -52.440    -30.646    -30.615   -999.900   -999.900
    -30.000    -35.786    -35.663   -999.900   -999.900     -0.123      0.000    -57.380    -57.440    -35.787    -35.664   -999.900   -999.900
    -35.000    -40.486    -40.467   -999.900   -999.900     -0.019      0.000    -62.380    -62.440    -40.488    -40.470   -999.900   -999.900
    -40.000    -45.466    -45.356   -999.900   -999.900     -0.110      0.000    -67.380    -67.440    -45.473    -45.366   -999.900   -999.900
    -45.000    -50.611    -50.213   -999.900   -999.900     -0.398      0.000    -72.380    -72.440    -50.634    -50.245   -999.900   -999.900
    -50.000    -55.686    -55.056   -999.900   -999.900     -0.630      0.000    -77.380    -77.440    -55.761    -55.155   -999.900   -999.900
    -55.000    -60.536    -59.881   -999.900   -999.900     -0.655      0.000    -82.380    -82.440    -60.768    -60.188   -999.900   -999.900
    -60.000    -65.123    -64.275   -999.900   -999.900     -0.848      0.000    -87.380    -87.440    -65.827    -65.178   -999.900   -999.900
    -65.000    -69.005    -67.926   -999.900   -999.900     -1.079      0.000    -92.380    -92.440    -70.982    -70.405   -999.900   -999.900
    -70.000    -71.698    -70.252   -999.900   -999.900     -1.446      0.000    -97.380    -97.440    -76.645    -76.154   -999.900   -999.900
    -75.000    -73.079    -71.342   -999.900   -999.900     -1.737      0.000   -102.380   -102.440    -84.908    -84.818   -999.900   -999.900
    -80.000    -73.730    -71.791   -999.900   -999.900     -1.939      0.000   -107.380   -107.440    -84.908    -84.818   -999.900   -999.900
    -85.000    -73.719    -71.786   -999.900   -999.900     -1.933      0.000   -112.380   -112.440    -84.908    -84.818   -999.900   -999.900
    -90.000    -73.992    -71.974   -999.900   -999.900     -2.018      0.000   -117.380   -117.440    -84.908    -84.818   -999.900   -999.900
    -95.000    -73.982    -71.971   -999.900   -999.900     -2.011      0.000   -122.380   -122.440    -84.908    -84.818   -999.900   -999.900
   -100.000    -73.942    -71.967   -999.900   -999.900     -1.975      0.000   -127.380   -127.440    -84.908    -84.818   -999.900   -999.900
