      0.000      5.757      6.002   -999.900   -999.900     -0.245      0.000    -27.380    -27.440      5.757      6.002   -999.900   -999.900
     -5.000      5.759      6.022   -999.900   -999.900     -0.263      0.000    -32.380    -32.440      5.759      6.022   -999.900   -999.900
    -10.000      5.503      5.834   -999.900   -999.900     -0.331      0.000    -37.380    -37.440      5.503      5.834   -999.900   -999.900
    -15.000      4.512      5.049   -999.900   -999.900     -0.537      0.000    -42.380    -42.440      4.512      5.049   -999.900   -999.900
    -20.000      2.037      2.710   -999.900   -999.900     -0.673      0.000    -47.380    -47.440      2.037      2.710   -999.900   -999.900
    -25.000     -2.686     -1.947   -999.900   -999.900     -0.738      0.000    -52.380    -52.440     -2.686     -1.947   -999.900   -999.900
    -30.000     -7.647     -6.891   -999.900   -999.900     -0.755      0.000    -57.380    -57.440     -7.647     -6.891   -999.900   -999.900
    -35.000    -12.595    -11.829   -999.900   -999.900     -0.766      0.000    -62.380    -62.440    -12.595    -11.829   -999.900   -999.900
    -40.000    -17.608    -16.835   -999.900   -999.900     -0.773      0.000    -67.380    -67.440    -17.608    -16.835   -999.900   -999.900
    -45.000    -22.639    -21.853   -999.900   -999.900     -0.786      0.000    -72.380    -72.440    -22.640    -21.854   -999.900   -999.900
    -50.000    -27.663    -26.874   -999.900   -999.900     -0.789      0.000    -77.380    -77.440    -27.665    -26.875   -999.900   -999.900
    -55.000    -32.726    -31.909   -999.900   -999.900     -0.817      0.000    -82.380    -82.440    -32.732    -31.914   -999.900   -999.900
    -60.000    -37.605    -36.938   -999.900   -999.900     -0.667      0.000    -87.380    -87.440    -37.624    -36.955   -999.900   -999.900
    -65.000    -42.451    -42.024   -999.900   -999.900     -0.427      0.000    -92.380    -92.440    -42.508    -42.079   -999.900   -999.900
    -70.000    -47.328    -46.984   -999.900   -999.900     -0.344      0.000    -97.380    -97.440    -47.504    -47.157   -999.900   -999.900
    -75.000    -52.005    -51.650   -999.900   -999.900     -0.355      0.000   -102.380   -102.440    -52.543    -52.177   -999.900   -999.900
    -80.000    -56.001    -55.678   -999.900   -999.900     -0.323      0.000   -107.380   -107.440    -57.506    -57.162   -999.900   -999.900
    -85.000    -58.913    -58.565   -999.900   -999.900     -0.349      0.000   -112.380   -112.440    -62.603    -62.153   -999.900   -999.900
    -90.000    -60.426    -60.120   -999.900   -999.900     -0.307      0.000   -117.380   -117.440    -67.661    -67.207   -999.900   -999.900
    -95.000    -61.057    -60.768   -999.900   -999.900     -0.289      0.000   -122.380   -122.440    -73.106    -72.562   -999.900   -999.900
   -100.000    -61.242    -60.967   -999.900   -999.900     -0.275      0.000   -127.380   -127.440    -77.919    -77.480   -999.900   -999.900
   -105.000    -61.370    -61.075   -999.900   -999.900     -0.295      0.000   -132.380   -132.440    -77.919    -77.480   -999.900   -999.900
   -110.000    -61.365    -61.083   -999.900   -999.900     -0.282      0.000   -137.380   -137.440    -77.919    -77.480   -999.900   -999.900
   -115.000    -61.370    -61.086   -999.900   -999.900     -0.284      0.000   -142.380   -142.440    -77.919    -77.480   -999.900   -999.900
   -120.000    -61.242    -61.017   -999.900   -999.900     -0.225      0.000   -147.380   -147.440    -77.919    -77.480   -999.900   -999.900
