      0.000      6.043      6.672   -999.900   -999.900     -0.628      0.000    -27.380    -27.440      6.043      6.672   -999.900   -999.900
     -5.000      6.045      6.694   -999.900   -999.900     -0.649      0.000    -32.380    -32.440      6.045      6.694   -999.900   -999.900
    -10.000      5.871      6.589   -999.900   -999.900     -0.718      0.000    -37.380    -37.440      5.871      6.589   -999.900   -999.900
    -15.000      5.160      6.169   -999.900   -999.900     -1.009      0.000    -42.380    -42.440      5.160      6.169   -999.900   -999.900
    -20.000      3.597      4.967   -999.900   -999.900     -1.370      0.000    -47.380    -47.440      3.597      4.967   -999.900   -999.900
    -25.000     -0.316      1.849   -999.900   -999.900     -2.165      0.000    -52.380    -52.440     -0.316      1.849   -999.900   -999.900
    -30.000     -5.128     -2.888   -999.900   -999.900     -2.240      0.000    -57.380    -57.440     -5.128     -2.888   -999.900   -999.900
    -35.000    -10.158     -7.900   -999.900   -999.900     -2.258      0.000    -62.380    -62.440    -10.158     -7.900   -999.900   -999.900
    -40.000    -15.151    -12.882   -999.900   -999.900     -2.268      0.000    -67.380    -67.440    -15.151    -12.883   -999.900   -999.900
    -45.000    -20.126    -17.860   -999.900   -999.900     -2.266      0.000    -72.380    -72.440    -20.127    -17.861   -999.900   -999.900
    -50.000    -25.125    -22.868   -999.900   -999.900     -2.256      0.000    -77.380    -77.440    -25.126    -22.870   -999.900   -999.900
    -55.000    -30.159    -27.900   -999.900   -999.900     -2.259      0.000    -82.380    -82.440    -30.165    -27.906   -999.900   -999.900
    -60.000    -35.161    -32.849   -999.900   -999.900     -2.312      0.000    -87.380    -87.440    -35.178    -32.869   -999.900   -999.900
    -65.000    -40.054    -37.806   -999.900   -999.900     -2.248      0.000    -92.380    -92.440    -40.108    -37.869   -999.900   -999.900
    -70.000    -44.891    -42.591   -999.900   -999.900     -2.300      0.000    -97.380    -97.440    -45.057    -42.781   -999.900   -999.900
    -75.000    -49.567    -47.193   -999.900   -999.900     -2.373      0.000   -102.380   -102.440    -50.074    -47.767   -999.900   -999.900
    -80.000    -53.626    -51.146   -999.900   -999.900     -2.479      0.000   -107.380   -107.440    -55.055    -52.743   -999.900   -999.900
    -85.000    -56.562    -53.945   -999.900   -999.900     -2.616      0.000   -112.380   -112.440    -60.044    -57.775   -999.900   -999.900
    -90.000    -58.145    -55.356   -999.900   -999.900     -2.789      0.000   -117.380   -117.440    -65.009    -62.591   -999.900   -999.900
    -95.000    -58.839    -55.959   -999.900   -999.900     -2.880      0.000   -122.380   -122.440    -70.496    -67.607   -999.900   -999.900
   -100.000    -59.052    -56.169   -999.900   -999.900     -2.883      0.000   -127.380   -127.440    -75.746    -72.720   -999.900   -999.900
   -105.000    -59.153    -56.269   -999.900   -999.900     -2.884      0.000   -132.380   -132.440    -75.746    -72.720   -999.900   -999.900
   -110.000    -59.157    -56.261   -999.900   -999.900     -2.896      0.000   -137.380   -137.440    -75.746    -72.720   -999.900   -999.900
   -115.000    -59.135    -56.260   -999.900   -999.900     -2.874      0.000   -142.380   -142.440    -75.746    -72.720   -999.900   -999.900
   -120.000    -59.140    -56.276   -999.900   -999.900     -2.865      0.000   -147.380   -147.440    -75.746    -72.720   -999.900   -999.900
