      0.000      6.133      6.720   -999.900   -999.900     -0.587      0.000    -27.380    -27.440      6.133      6.720   -999.900   -999.900
     -5.000      6.165      6.751   -999.900   -999.900     -0.585      0.000    -32.380    -32.440      6.165      6.751   -999.900   -999.900
    -10.000      6.050      6.654   -999.900   -999.900     -0.604      0.000    -37.380    -37.440      6.050      6.654   -999.900   -999.900
    -15.000      5.585      6.270   -999.900   -999.900     -0.685      0.000    -42.380    -42.440      5.585      6.270   -999.900   -999.900
    -20.000      4.324      5.123   -999.900   -999.900     -0.799      0.000    -47.380    -47.440      4.324      5.123   -999.900   -999.900
    -25.000      1.390      2.254   -999.900   -999.900     -0.864      0.000    -52.380    -52.440      1.390      2.254   -999.900   -999.900
    -30.000     -3.437     -2.552   -999.900   -999.900     -0.885      0.000    -57.380    -57.440     -3.437     -2.552   -999.900   -999.900
    -35.000     -8.380     -7.495   -999.900   -999.900     -0.885      0.000    -62.380    -62.440     -8.380     -7.495   -999.900   -999.900
    -40.000    -13.369    -12.484   -999.900   -999.900     -0.885      0.000    -67.380    -67.440    -13.369    -12.484   -999.900   -999.900
    -45.000    -18.356    -17.479   -999.900   -999.900     -0.877      0.000    -72.380    -72.440    -18.356    -17.479   -999.900   -999.900
    -50.000    -23.340    -22.482   -999.900   -999.900     -0.857      0.000    -77.380    -77.440    -23.341    -22.484   -999.900   -999.900
    -55.000    -28.372    -27.521   -999.900   -999.900     -0.851      0.000    -82.380    -82.440    -28.377    -27.527   -999.900   -999.900
    -60.000    -33.411    -32.530   -999.900   -999.900     -0.881      0.000    -87.380    -87.440    -33.427    -32.549   -999.900   -999.900
    -65.000    -38.324    -37.423   -999.900   -999.900     -0.900      0.000    -92.380    -92.440    -38.375    -37.483   -999.900   -999.900
    -70.000    -43.138    -42.211   -999.900   -999.900     -0.927      0.000    -97.380    -97.440    -43.295    -42.393   -999.900   -999.900
    -75.000    -47.816    -46.822   -999.900   -999.900     -0.994      0.000   -102.380   -102.440    -48.294    -47.371   -999.900   -999.900
    -80.000    -51.897    -50.806   -999.900   -999.900     -1.091      0.000   -107.380   -107.440    -53.244    -52.337   -999.900   -999.900
    -85.000    -54.911    -53.657   -999.900   -999.900     -1.254      0.000   -112.380   -112.440    -58.225    -57.350   -999.900   -999.900
    -90.000    -56.590    -55.168   -999.900   -999.900     -1.422      0.000   -117.380   -117.440    -63.279    -62.407   -999.900   -999.900
    -95.000    -57.297    -55.748   -999.900   -999.900     -1.549      0.000   -122.380   -122.440    -68.523    -67.115   -999.900   -999.900
   -100.000    -57.528    -55.975   -999.900   -999.900     -1.553      0.000   -127.380   -127.440    -73.555    -72.298   -999.900   -999.900
   -105.000    -57.644    -56.070   -999.900   -999.900     -1.574      0.000   -132.380   -132.440    -73.555    -83.762   -999.900   -999.900
   -110.000    -57.624    -56.071   -999.900   -999.900     -1.553      0.000   -137.380   -137.440    -73.555    -84.864   -999.900   -999.900
   -115.000    -57.642    -56.087   -999.900   -999.900     -1.555      0.000   -142.380   -142.440    -73.555    -84.864   -999.900   -999.900
   -120.000    -57.639    -56.081   -999.900   -999.900     -1.558      0.000   -147.380   -147.440    -73.555    -84.864   -999.900   -999.900
