      0.000      5.697      6.250   -999.900   -999.900     -0.552      0.000    -27.380    -27.440      5.697      6.250   -999.900   -999.900
     -5.000      5.646      6.293   -999.900   -999.900     -0.646      0.000    -32.380    -32.440      5.646      6.293   -999.900   -999.900
    -10.000      5.241      6.138   -999.900   -999.900     -0.898      0.000    -37.380    -37.440      5.241      6.138   -999.900   -999.900
    -15.000      3.829      5.455   -999.900   -999.900     -1.626      0.000    -42.380    -42.440      3.829      5.455   -999.900   -999.900
    -20.000      0.163      3.384   -999.900   -999.900     -3.221      0.000    -47.380    -47.440      0.163      3.384   -999.900   -999.900
    -25.000     -4.705     -1.160   -999.900   -999.900     -3.545      0.000    -52.380    -52.440     -4.705     -1.160   -999.900   -999.900
    -30.000     -9.501     -5.906   -999.900   -999.900     -3.595      0.000    -57.380    -57.440     -9.501     -5.906   -999.900   -999.900
    -35.000    -14.641    -11.022   -999.900   -999.900     -3.619      0.000    -62.380    -62.440    -14.641    -11.022   -999.900   -999.900
    -40.000    -19.645    -16.020   -999.900   -999.900     -3.625      0.000    -67.380    -67.440    -19.645    -16.020   -999.900   -999.900
    -45.000    -24.619    -20.998   -999.900   -999.900     -3.621      0.000    -72.380    -72.440    -24.619    -20.999   -999.900   -999.900
    -50.000    -29.634    -26.004   -999.900   -999.900     -3.631      0.000    -77.380    -77.440    -29.636    -26.005   -999.900   -999.900
    -55.000    -34.737    -31.053   -999.900   -999.900     -3.684      0.000    -82.380    -82.440    -34.741    -31.057   -999.900   -999.900
    -60.000    -39.423    -35.891   -999.900   -999.900     -3.532      0.000    -87.380    -87.440    -39.435    -35.904   -999.900   -999.900
    -65.000    -44.562    -40.885   -999.900   -999.900     -3.677      0.000    -92.380    -92.440    -44.603    -40.928   -999.900   -999.900
    -70.000    -49.464    -45.684   -999.900   -999.900     -3.780      0.000    -97.380    -97.440    -49.591    -45.815   -999.900   -999.900
    -75.000    -54.166    -50.403   -999.900   -999.900     -3.762      0.000   -102.380   -102.440    -54.554    -50.806   -999.900   -999.900
    -80.000    -58.383    -54.621   -999.900   -999.900     -3.762      0.000   -107.380   -107.440    -59.494    -55.779   -999.900   -999.900
    -85.000    -61.670    -57.851   -999.900   -999.900     -3.819      0.000   -112.380   -112.440    -64.517    -60.795   -999.900   -999.900
    -90.000    -63.525    -59.658   -999.900   -999.900     -3.867      0.000   -117.380   -117.440    -69.326    -65.615   -999.900   -999.900
    -95.000    -64.390    -60.495   -999.900   -999.900     -3.895      0.000   -122.380   -122.440    -74.375    -70.720   -999.900   -999.900
   -100.000    -64.699    -60.788   -999.900   -999.900     -3.912      0.000   -127.380   -127.440    -79.388    -75.745   -999.900   -999.900
   -105.000    -64.854    -60.929   -999.900   -999.900     -3.925      0.000   -132.380   -132.440    -79.388    -75.745   -999.900   -999.900
   -110.000    -64.846    -60.923   -999.900   -999.900     -3.923      0.000   -137.380   -137.440    -79.388    -75.745   -999.900   -999.900
   -115.000    -64.851    -60.938   -999.900   -999.900     -3.913      0.000   -142.380   -142.440    -79.388    -75.745   -999.900   -999.900
   -120.000    -64.847    -60.924   -999.900   -999.900     -3.924      0.000   -147.380   -147.440    -79.388    -75.745   -999.900   -999.900
