      0.000     -5.528     -5.551   -999.900   -999.900      0.023      0.000    -27.380    -27.440     -5.528     -5.551   -999.900   -999.900
     -5.000    -10.518    -10.540   -999.900   -999.900      0.022      0.000    -32.380    -32.440    -10.518    -10.540   -999.900   -999.900
    -10.000    -15.441    -15.454   -999.900   -999.900      0.013      0.000    -37.380    -37.440    -15.441    -15.454   -999.900   -999.900
    -15.000    -20.516    -20.528   -999.900   -999.900      0.012      0.000    -42.380    -42.440    -20.516    -20.528   -999.900   -999.900
    -20.000    -25.559    -25.564   -999.900   -999.900      0.005      0.000    -47.380    -47.440    -25.559    -25.564   -999.900   -999.900
    -25.000    -30.640    -30.609   -999.900   -999.900     -0.031      0.000    -52.380    -52.440    -30.640    -30.609   -999.900   -999.900
    -30.000    -35.780    -35.657   -999.900   -999.900     -0.123      0.000    -57.380    -57.440    -35.781    -35.658   -999.900   -999.900
    -35.000    -40.482    -40.463   -999.900   -999.900     -0.019      0.000    -62.380    -62.440    -40.484    -40.466   -999.900   -999.900
    -40.000    -45.460    -45.352   -999.900   -999.900     -0.108      0.000    -67.380    -67.440    -45.466    -45.361   -999.900   -999.900
    -45.000    -50.598    -50.208   -999.900   -999.900     -0.390      0.000    -72.380    -72.440    -50.618    -50.237   -999.900   -999.900
    -50.000    -55.666    -55.044   -999.900   -999.900     -0.622      0.000    -77.380    -77.440    -55.729    -55.134   -999.900   -999.900
    -55.000    -60.556    -59.843   -999.900   -999.900     -0.714      0.000    -82.380    -82.440    -60.754    -60.120   -999.900   -999.900
    -60.000    -65.047    -64.279   -999.900   -999.900     -0.768      0.000    -87.380    -87.440    -65.628    -65.096   -999.900   -999.900
    -65.000    -69.125    -67.914   -999.900   -999.900     -1.211      0.000    -92.380    -92.440    -70.802    -70.104   -999.900   -999.900
    -70.000    -71.778    -70.208   -999.900   -999.900     -1.569      0.000    -97.380    -97.440    -75.648    -75.045   -999.900   -999.900
    -75.000    -73.253    -71.374   -999.900   -999.900     -1.879      0.000   -102.380   -102.440    -80.906    -80.524   -999.900   -999.900
    -80.000    -73.907    -71.756   -999.900   -999.900     -2.151      0.000   -107.380   -107.440    -88.221    -85.649   -999.900   -999.900
    -85.000    -74.004    -71.913   -999.900   -999.900     -2.091      0.000   -112.380   -112.440    -92.190    -94.480   -999.900   -999.900
    -90.000    -74.010    -71.942   -999.900   -999.900     -2.069      0.000   -117.380   -117.440    -92.614    -94.480   -999.900   -999.900
    -95.000    -74.070    -71.953   -999.900   -999.900     -2.117      0.000   -122.380   -122.440   -114.610    -94.480   -999.900   -999.900
   -100.000    -74.001    -71.948   -999.900   -999.900     -2.053      0.000   -127.380   -127.440    -92.021    -94.480   -999.900   -999.900
   -105.000    -74.025    -71.937   -999.900   -999.900     -2.088      0.000   -132.380   -132.440    -93.846    -94.480   -999.900   -999.900
   -110.000    -74.059    -71.933   -999.900   -999.900     -2.126      0.000   -137.380   -137.440    -99.934    -94.480   -999.900   -999.900
   -115.000    -74.084    -71.922   -999.900   -999.900     -2.161      0.000   -142.380   -142.440    -99.934    -94.480   -999.900   -999.900
   -120.000    -74.115    -71.956   -999.900   -999.900     -2.159      0.000   -147.380   -147.440    -99.934    -94.480   -999.900   -999.900
