      0.000      5.919      6.294   -999.900   -999.900     -0.375      0.000    -29.460    -30.460      5.919      6.294   -999.900   -999.900
     -5.000      5.726      5.727   -999.900   -999.900     -0.001      0.000    -34.460    -35.460      5.726      5.727   -999.900   -999.900
    -10.000      4.900      4.514   -999.900   -999.900      0.386      0.000    -39.460    -40.460      4.900      4.514   -999.900   -999.900
    -15.000      2.822      1.953   -999.900   -999.900      0.868      0.000    -44.460    -45.460      2.822      1.953   -999.900   -999.900
    -20.000     -1.711     -2.832   -999.900   -999.900      1.121      0.000    -49.460    -50.460     -1.711     -2.832   -999.900   -999.900
    -25.000     -6.583     -7.744   -999.900   -999.900      1.161      0.000    -54.460    -55.460     -6.583     -7.744   -999.900   -999.900
    -30.000    -11.591    -12.785   -999.900   -999.900      1.193      0.000    -59.460    -60.460    -11.591    -12.785   -999.900   -999.900
    -35.000    -16.568    -17.793   -999.900   -999.900      1.224      0.000    -64.460    -65.460    -16.569    -17.793   -999.900   -999.900
    -40.000    -21.631    -22.867   -999.900   -999.900      1.236      0.000    -69.460    -70.460    -21.631    -22.868   -999.900   -999.900
    -45.000    -26.698    -28.007   -999.900   -999.900      1.309      0.000    -74.460    -75.460    -26.699    -28.008   -999.900   -999.900
    -50.000    -31.766    -33.147   -999.900   -999.900      1.381      0.000    -79.460    -80.460    -31.769    -33.151   -999.900   -999.900
    -55.000    -36.831    -38.395   -999.900   -999.900      1.564      0.000    -84.460    -85.460    -36.842    -38.410   -999.900   -999.900
    -60.000    -41.873    -43.546   -999.900   -999.900      1.673      0.000    -89.460    -90.460    -41.907    -43.596   -999.900   -999.900
    -65.000    -46.871    -48.558   -999.900   -999.900      1.687      0.000    -94.460    -95.460    -46.980    -48.717   -999.900   -999.900
    -70.000    -51.699    -53.248   -999.900   -999.900      1.549      0.000    -99.460   -100.460    -52.039    -53.732   -999.900   -999.900
    -75.000    -56.072    -57.356   -999.900   -999.900      1.284      0.000   -104.460   -105.460    -57.075    -58.733   -999.900   -999.900
    -80.000    -59.455    -60.331   -999.900   -999.900      0.876      0.000   -109.460   -110.460    -62.046    -63.694   -999.900   -999.900
    -85.000    -61.500    -61.977   -999.900   -999.900      0.477      0.000   -114.460   -115.460    -67.022    -68.701   -999.900   -999.900
    -90.000    -62.421    -62.670   -999.900   -999.900      0.249      0.000   -119.460   -120.460    -71.989    -73.840   -999.900   -999.900
    -95.000    -62.750    -62.913   -999.900   -999.900      0.163      0.000   -124.460   -125.460    -76.688    -79.246   -999.900   -999.900
   -100.000    -62.865    -62.984   -999.900   -999.900      0.119      0.000   -129.460   -130.460    -81.182    -84.392   -999.900   -999.900
   -105.000    -62.931    -63.016   -999.900   -999.900      0.085      0.000   -134.460   -135.460    -81.182    -84.392   -999.900   -999.900
   -110.000    -62.927    -63.011   -999.900   -999.900      0.084      0.000   -139.460   -140.460    -81.182    -84.392   -999.900   -999.900
   -115.000    -62.932    -63.017   -999.900   -999.900      0.085      0.000   -144.460   -145.460    -81.182    -84.392   -999.900   -999.900
   -120.000    -62.928    -63.018   -999.900   -999.900      0.090      0.000   -149.460   -150.460    -81.182    -84.392   -999.900   -999.900
