      0.000      9.069   -999.900   -999.900   -999.900   1008.969      0.000    -15.000    -15.000      9.069   -999.900   -999.900   -999.900
     -5.000      9.069   -999.900   -999.900   -999.900   1008.969      0.000    -20.000    -20.000      9.069   -999.900   -999.900   -999.900
    -10.000      9.068   -999.900   -999.900   -999.900   1008.968      0.000    -25.000    -25.000      9.068   -999.900   -999.900   -999.900
    -15.000      9.065   -999.900   -999.900   -999.900   1008.965      0.000    -30.000    -30.000      9.065   -999.900   -999.900   -999.900
    -20.000      9.010   -999.900   -999.900   -999.900   1008.910      0.000    -35.000    -35.000      9.010   -999.900   -999.900   -999.900
    -25.000      8.586   -999.900   -999.900   -999.900   1008.486      0.000    -40.000    -40.000      8.586   -999.900   -999.900   -999.900
    -30.000      6.006   -999.900   -999.900   -999.900   1005.906      0.000    -45.000    -45.000      6.006   -999.900   -999.900   -999.900
    -35.000      1.485   -999.900   -999.900   -999.900   1001.385      0.000    -50.000    -50.000      1.485   -999.900   -999.900   -999.900
    -40.000     -3.412   -999.900   -999.900   -999.900    996.488      0.000    -55.000    -55.000     -3.412   -999.900   -999.900   -999.900
    -45.000     -8.375   -999.900   -999.900   -999.900    991.525      0.000    -60.000    -60.000     -8.376   -999.900   -999.900   -999.900
    -50.000    -13.353   -999.900   -999.900   -999.900    986.547      0.000    -65.000    -65.000    -13.355   -999.900   -999.900   -999.900
    -55.000    -18.399   -999.900   -999.900   -999.900    981.501      0.000    -70.000    -70.000    -18.404   -999.900   -999.900   -999.900
    -60.000    -23.442   -999.900   -999.900   -999.900    976.458      0.000    -75.000    -75.000    -23.460   -999.900   -999.900   -999.900
    -65.000    -28.494   -999.900   -999.900   -999.900    971.406      0.000    -80.000    -80.000    -28.551   -999.900   -999.900   -999.900
    -70.000    -33.463   -999.900   -999.900   -999.900    966.437      0.000    -85.000    -85.000    -33.643   -999.900   -999.900   -999.900
    -75.000    -38.213   -999.900   -999.900   -999.900    961.687      0.000    -90.000    -90.000    -38.775   -999.900   -999.900   -999.900
    -80.000    -42.215   -999.900   -999.900   -999.900    957.685      0.000    -95.000    -95.000    -43.797   -999.900   -999.900   -999.900
    -85.000    -45.045   -999.900   -999.900   -999.900    954.855      0.000   -100.000   -100.000    -48.875   -999.900   -999.900   -999.900
    -90.000    -46.488   -999.900   -999.900   -999.900    953.412      0.000   -105.000   -105.000    -53.862   -999.900   -999.900   -999.900
    -95.000    -47.067   -999.900   -999.900   -999.900    952.833      0.000   -110.000   -110.000    -58.827   -999.900   -999.900   -999.900
   -100.000    -47.270   -999.900   -999.900   -999.900    952.630      0.000   -115.000   -115.000    -63.841   -999.900   -999.900   -999.900
   -105.000    -47.373   -999.900   -999.900   -999.900    952.527      0.000   -120.000   -120.000    -63.841   -999.900   -999.900   -999.900
   -110.000    -47.361   -999.900   -999.900   -999.900    952.539      0.000   -125.000   -125.000    -63.841   -999.900   -999.900   -999.900
   -115.000    -47.359   -999.900   -999.900   -999.900    952.541      0.000   -130.000   -130.000    -63.841   -999.900   -999.900   -999.900
   -120.000    -47.373   -999.900   -999.900   -999.900    952.527      0.000   -135.000   -135.000    -63.841   -999.900   -999.900   -999.900
