      0.000      9.068   -999.900   -999.900   -999.900   1008.968      0.000    -16.110    -16.110      9.068   -999.900   -999.900   -999.900
     -5.000      9.067   -999.900   -999.900   -999.900   1008.967      0.000    -21.110    -21.110      9.067   -999.900   -999.900   -999.900
    -10.000      9.067   -999.900   -999.900   -999.900   1008.967      0.000    -26.110    -26.110      9.067   -999.900   -999.900   -999.900
    -15.000      9.063   -999.900   -999.900   -999.900   1008.963      0.000    -31.110    -31.110      9.063   -999.900   -999.900   -999.900
    -20.000      9.007   -999.900   -999.900   -999.900   1008.907      0.000    -36.110    -36.110      9.007   -999.900   -999.900   -999.900
    -25.000      8.573   -999.900   -999.900   -999.900   1008.473      0.000    -41.110    -41.110      8.573   -999.900   -999.900   -999.900
    -30.000      5.967   -999.900   -999.900   -999.900   1005.867      0.000    -46.110    -46.110      5.967   -999.900   -999.900   -999.900
    -35.000      1.417   -999.900   -999.900   -999.900   1001.317      0.000    -51.110    -51.110      1.417   -999.900   -999.900   -999.900
    -40.000     -3.477   -999.900   -999.900   -999.900    996.423      0.000    -56.110    -56.110     -3.477   -999.900   -999.900   -999.900
    -45.000     -8.439   -999.900   -999.900   -999.900    991.461      0.000    -61.110    -61.110     -8.440   -999.900   -999.900   -999.900
    -50.000    -13.420   -999.900   -999.900   -999.900    986.480      0.000    -66.110    -66.110    -13.422   -999.900   -999.900   -999.900
    -55.000    -18.465   -999.900   -999.900   -999.900    981.435      0.000    -71.110    -71.110    -18.471   -999.900   -999.900   -999.900
    -60.000    -23.450   -999.900   -999.900   -999.900    976.450      0.000    -76.110    -76.110    -23.468   -999.900   -999.900   -999.900
    -65.000    -28.526   -999.900   -999.900   -999.900    971.374      0.000    -81.110    -81.110    -28.584   -999.900   -999.900   -999.900
    -70.000    -33.499   -999.900   -999.900   -999.900    966.401      0.000    -86.110    -86.110    -33.683   -999.900   -999.900   -999.900
    -75.000    -38.236   -999.900   -999.900   -999.900    961.664      0.000    -91.110    -91.110    -38.809   -999.900   -999.900   -999.900
    -80.000    -42.222   -999.900   -999.900   -999.900    957.678      0.000    -96.110    -96.110    -43.829   -999.900   -999.900   -999.900
    -85.000    -45.009   -999.900   -999.900   -999.900    954.891      0.000   -101.110   -101.110    -48.855   -999.900   -999.900   -999.900
    -90.000    -46.449   -999.900   -999.900   -999.900    953.451      0.000   -106.110   -106.110    -53.857   -999.900   -999.900   -999.900
    -95.000    -47.023   -999.900   -999.900   -999.900    952.877      0.000   -111.110   -111.110    -58.835   -999.900   -999.900   -999.900
   -100.000    -47.231   -999.900   -999.900   -999.900    952.669      0.000   -116.110   -116.110    -64.192   -999.900   -999.900   -999.900
   -105.000    -47.325   -999.900   -999.900   -999.900    952.575      0.000   -121.110   -121.110    -64.192   -999.900   -999.900   -999.900
   -110.000    -47.324   -999.900   -999.900   -999.900    952.576      0.000   -126.110   -126.110    -64.192   -999.900   -999.900   -999.900
   -115.000    -47.314   -999.900   -999.900   -999.900    952.586      0.000   -131.110   -131.110    -64.192   -999.900   -999.900   -999.900
   -120.000    -47.314   -999.900   -999.900   -999.900    952.586      0.000   -136.110   -136.110    -64.192   -999.900   -999.900   -999.900
