      0.000      8.456   -999.900   -999.900   -999.900   1008.356      0.000    -15.970    -15.970      8.456   -999.900   -999.900   -999.900
     -5.000      8.454   -999.900   -999.900   -999.900   1008.354      0.000    -20.970    -20.970      8.454   -999.900   -999.900   -999.900
    -10.000      8.452   -999.900   -999.900   -999.900   1008.352      0.000    -25.970    -25.970      8.452   -999.900   -999.900   -999.900
    -15.000      8.443   -999.900   -999.900   -999.900   1008.343      0.000    -30.970    -30.970      8.443   -999.900   -999.900   -999.900
    -20.000      8.335   -999.900   -999.900   -999.900   1008.235      0.000    -35.970    -35.970      8.335   -999.900   -999.900   -999.900
    -25.000      7.563   -999.900   -999.900   -999.900   1007.463      0.000    -40.970    -40.970      7.563   -999.900   -999.900   -999.900
    -30.000      4.029   -999.900   -999.900   -999.900   1003.929      0.000    -45.970    -45.970      4.029   -999.900   -999.900   -999.900
    -35.000     -0.750   -999.900   -999.900   -999.900    999.150      0.000    -50.970    -50.970     -0.750   -999.900   -999.900   -999.900
    -40.000     -5.691   -999.900   -999.900   -999.900    994.209      0.000    -55.970    -55.970     -5.691   -999.900   -999.900   -999.900
    -45.000    -10.675   -999.900   -999.900   -999.900    989.225      0.000    -60.970    -60.970    -10.675   -999.900   -999.900   -999.900
    -50.000    -15.660   -999.900   -999.900   -999.900    984.240      0.000    -65.970    -65.970    -15.662   -999.900   -999.900   -999.900
    -55.000    -20.685   -999.900   -999.900   -999.900    979.215      0.000    -70.970    -70.970    -20.693   -999.900   -999.900   -999.900
    -60.000    -25.655   -999.900   -999.900   -999.900    974.245      0.000    -75.970    -75.970    -25.681   -999.900   -999.900   -999.900
    -65.000    -30.643   -999.900   -999.900   -999.900    969.257      0.000    -80.970    -80.970    -30.725   -999.900   -999.900   -999.900
    -70.000    -35.460   -999.900   -999.900   -999.900    964.440      0.000    -85.970    -85.970    -35.711   -999.900   -999.900   -999.900
    -75.000    -39.929   -999.900   -999.900   -999.900    959.971      0.000    -90.970    -90.970    -40.674   -999.900   -999.900   -999.900
    -80.000    -43.645   -999.900   -999.900   -999.900    956.255      0.000    -95.970    -95.970    -45.658   -999.900   -999.900   -999.900
    -85.000    -46.072   -999.900   -999.900   -999.900    953.828      0.000   -100.970   -100.970    -50.613   -999.900   -999.900   -999.900
    -90.000    -47.260   -999.900   -999.900   -999.900    952.640      0.000   -105.970   -105.970    -55.578   -999.900   -999.900   -999.900
    -95.000    -47.728   -999.900   -999.900   -999.900    952.172      0.000   -110.970   -110.970    -60.703   -999.900   -999.900   -999.900
   -100.000    -47.865   -999.900   -999.900   -999.900    952.035      0.000   -115.970   -115.970    -64.854   -999.900   -999.900   -999.900
   -105.000    -47.954   -999.900   -999.900   -999.900    951.946      0.000   -120.970   -120.970    -64.854   -999.900   -999.900   -999.900
   -110.000    -47.952   -999.900   -999.900   -999.900    951.948      0.000   -125.970   -125.970    -64.854   -999.900   -999.900   -999.900
   -115.000    -47.963   -999.900   -999.900   -999.900    951.937      0.000   -130.970   -130.970    -64.854   -999.900   -999.900   -999.900
   -120.000    -47.939   -999.900   -999.900   -999.900    951.961      0.000   -135.970   -135.970    -64.854   -999.900   -999.900   -999.900
