      0.000      8.353   -999.900   -999.900   -999.900   1008.253      0.000    -15.910    -15.910      8.353   -999.900   -999.900   -999.900
     -5.000      8.352   -999.900   -999.900   -999.900   1008.252      0.000    -20.910    -20.910      8.352   -999.900   -999.900   -999.900
    -10.000      8.350   -999.900   -999.900   -999.900   1008.250      0.000    -25.910    -25.910      8.350   -999.900   -999.900   -999.900
    -15.000      8.345   -999.900   -999.900   -999.900   1008.245      0.000    -30.910    -30.910      8.345   -999.900   -999.900   -999.900
    -20.000      8.291   -999.900   -999.900   -999.900   1008.191      0.000    -35.910    -35.910      8.291   -999.900   -999.900   -999.900
    -25.000      7.823   -999.900   -999.900   -999.900   1007.723      0.000    -40.910    -40.910      7.823   -999.900   -999.900   -999.900
    -30.000      5.984   -999.900   -999.900   -999.900   1005.884      0.000    -45.910    -45.910      5.984   -999.900   -999.900   -999.900
    -35.000      1.632   -999.900   -999.900   -999.900   1001.532      0.000    -50.910    -50.910      1.632   -999.900   -999.900   -999.900
    -40.000     -3.249   -999.900   -999.900   -999.900    996.651      0.000    -55.910    -55.910     -3.249   -999.900   -999.900   -999.900
    -45.000     -8.204   -999.900   -999.900   -999.900    991.696      0.000    -60.910    -60.910     -8.204   -999.900   -999.900   -999.900
    -50.000    -13.186   -999.900   -999.900   -999.900    986.714      0.000    -65.910    -65.910    -13.187   -999.900   -999.900   -999.900
    -55.000    -18.216   -999.900   -999.900   -999.900    981.684      0.000    -70.910    -70.910    -18.220   -999.900   -999.900   -999.900
    -60.000    -23.181   -999.900   -999.900   -999.900    976.719      0.000    -75.910    -75.910    -23.194   -999.900   -999.900   -999.900
    -65.000    -28.198   -999.900   -999.900   -999.900    971.702      0.000    -80.910    -80.910    -28.239   -999.900   -999.900   -999.900
    -70.000    -33.158   -999.900   -999.900   -999.900    966.742      0.000    -85.910    -85.910    -33.290   -999.900   -999.900   -999.900
    -75.000    -37.958   -999.900   -999.900   -999.900    961.942      0.000    -90.910    -90.910    -38.371   -999.900   -999.900   -999.900
    -80.000    -42.153   -999.900   -999.900   -999.900    957.747      0.000    -95.910    -95.910    -43.335   -999.900   -999.900   -999.900
    -85.000    -45.368   -999.900   -999.900   -999.900    954.532      0.000   -100.910   -100.910    -48.375   -999.900   -999.900   -999.900
    -90.000    -47.186   -999.900   -999.900   -999.900    952.714      0.000   -105.910   -105.910    -53.373   -999.900   -999.900   -999.900
    -95.000    -47.959   -999.900   -999.900   -999.900    951.941      0.000   -110.910   -110.910    -58.292   -999.900   -999.900   -999.900
   -100.000    -48.254   -999.900   -999.900   -999.900    951.646      0.000   -115.910   -115.910    -63.645   -999.900   -999.900   -999.900
   -105.000    -48.378   -999.900   -999.900   -999.900    951.522      0.000   -120.910   -120.910    -79.153   -999.900   -999.900   -999.900
   -110.000    -48.375   -999.900   -999.900   -999.900    951.525      0.000   -125.910   -125.910    -76.320   -999.900   -999.900   -999.900
   -115.000    -48.396   -999.900   -999.900   -999.900    951.504      0.000   -130.910   -130.910    -76.320   -999.900   -999.900   -999.900
   -120.000    -48.378   -999.900   -999.900   -999.900    951.522      0.000   -135.910   -135.910    -76.320   -999.900   -999.900   -999.900
