      0.000      8.840   -999.900   -999.900   -999.900   1008.740      0.000    -16.110    -16.110      8.840   -999.900   -999.900   -999.900
     -5.000      8.838   -999.900   -999.900   -999.900   1008.738      0.000    -21.110    -21.110      8.838   -999.900   -999.900   -999.900
    -10.000      8.837   -999.900   -999.900   -999.900   1008.737      0.000    -26.110    -26.110      8.837   -999.900   -999.900   -999.900
    -15.000      8.833   -999.900   -999.900   -999.900   1008.733      0.000    -31.110    -31.110      8.833   -999.900   -999.900   -999.900
    -20.000      8.791   -999.900   -999.900   -999.900   1008.691      0.000    -36.110    -36.110      8.791   -999.900   -999.900   -999.900
    -25.000      8.256   -999.900   -999.900   -999.900   1008.156      0.000    -41.110    -41.110      8.256   -999.900   -999.900   -999.900
    -30.000      5.606   -999.900   -999.900   -999.900   1005.506      0.000    -46.110    -46.110      5.606   -999.900   -999.900   -999.900
    -35.000      1.120   -999.900   -999.900   -999.900   1001.020      0.000    -51.110    -51.110      1.120   -999.900   -999.900   -999.900
    -40.000     -3.764   -999.900   -999.900   -999.900    996.136      0.000    -56.110    -56.110     -3.764   -999.900   -999.900   -999.900
    -45.000     -8.723   -999.900   -999.900   -999.900    991.177      0.000    -61.110    -61.110     -8.723   -999.900   -999.900   -999.900
    -50.000    -13.717   -999.900   -999.900   -999.900    986.183      0.000    -66.110    -66.110    -13.718   -999.900   -999.900   -999.900
    -55.000    -18.753   -999.900   -999.900   -999.900    981.147      0.000    -71.110    -71.110    -18.756   -999.900   -999.900   -999.900
    -60.000    -23.756   -999.900   -999.900   -999.900    976.144      0.000    -76.110    -76.110    -23.765   -999.900   -999.900   -999.900
    -65.000    -28.853   -999.900   -999.900   -999.900    971.047      0.000    -81.110    -81.110    -28.883   -999.900   -999.900   -999.900
    -70.000    -33.913   -999.900   -999.900   -999.900    965.987      0.000    -86.110    -86.110    -34.010   -999.900   -999.900   -999.900
    -75.000    -38.890   -999.900   -999.900   -999.900    961.010      0.000    -91.110    -91.110    -39.204   -999.900   -999.900   -999.900
    -80.000    -43.331   -999.900   -999.900   -999.900    956.569      0.000    -96.110    -96.110    -44.265   -999.900   -999.900   -999.900
    -85.000    -46.841   -999.900   -999.900   -999.900    953.059      0.000   -101.110   -101.110    -49.315   -999.900   -999.900   -999.900
    -90.000    -48.956   -999.900   -999.900   -999.900    950.944      0.000   -106.110   -106.110    -54.281   -999.900   -999.900   -999.900
    -95.000    -49.946   -999.900   -999.900   -999.900    949.954      0.000   -111.110   -111.110    -59.435   -999.900   -999.900   -999.900
   -100.000    -50.294   -999.900   -999.900   -999.900    949.606      0.000   -116.110   -116.110    -64.449   -999.900   -999.900   -999.900
   -105.000    -50.458   -999.900   -999.900   -999.900    949.442      0.000   -121.110   -121.110    -78.510   -999.900   -999.900   -999.900
   -110.000    -50.460   -999.900   -999.900   -999.900    949.440      0.000   -126.110   -126.110    -80.372   -999.900   -999.900   -999.900
   -115.000    -50.467   -999.900   -999.900   -999.900    949.433      0.000   -131.110   -131.110    -80.372   -999.900   -999.900   -999.900
   -120.000    -50.473   -999.900   -999.900   -999.900    949.427      0.000   -136.110   -136.110    -80.372   -999.900   -999.900   -999.900
