      0.000      3.560      4.109   -999.900   -999.900     -0.549      0.000    -26.420    -26.440      3.560      4.109   -999.900   -999.900
     -5.000      3.559      4.045   -999.900   -999.900     -0.486      0.000    -31.420    -31.440      3.559      4.045   -999.900   -999.900
    -10.000      3.430      3.836   -999.900   -999.900     -0.406      0.000    -36.420    -36.440      3.430      3.836   -999.900   -999.900
    -15.000      2.813      3.064   -999.900   -999.900     -0.252      0.000    -41.420    -41.440      2.813      3.064   -999.900   -999.900
    -20.000      0.834      1.044   -999.900   -999.900     -0.210      0.000    -46.420    -46.440      0.834      1.044   -999.900   -999.900
    -25.000     -3.087     -2.968   -999.900   -999.900     -0.119      0.000    -51.420    -51.440     -3.087     -2.968   -999.900   -999.900
    -30.000     -7.453     -7.402   -999.900   -999.900     -0.051      0.000    -56.420    -56.440     -7.453     -7.402   -999.900   -999.900
    -35.000    -12.259    -12.250   -999.900   -999.900     -0.009      0.000    -61.420    -61.440    -12.259    -12.250   -999.900   -999.900
    -40.000    -17.156    -17.169   -999.900   -999.900      0.014      0.000    -66.420    -66.440    -17.156    -17.170   -999.900   -999.900
    -45.000    -22.133    -22.155   -999.900   -999.900      0.022      0.000    -71.420    -71.440    -22.135    -22.156   -999.900   -999.900
    -50.000    -27.214    -27.224   -999.900   -999.900      0.010      0.000    -76.420    -76.440    -27.220    -27.229   -999.900   -999.900
    -55.000    -32.363    -32.339   -999.900   -999.900     -0.023      0.000    -81.420    -81.440    -32.381    -32.356   -999.900   -999.900
    -60.000    -37.364    -37.383   -999.900   -999.900      0.019      0.000    -86.420    -86.440    -37.424    -37.436   -999.900   -999.900
    -65.000    -42.234    -42.607   -999.900   -999.900      0.373      0.000    -91.420    -91.440    -42.421    -42.785   -999.900   -999.900
    -70.000    -46.826    -47.473   -999.900   -999.900      0.647      0.000    -96.420    -96.440    -47.387    -48.041   -999.900   -999.900
    -75.000    -50.858    -51.573   -999.900   -999.900      0.716      0.000   -101.420   -101.440    -52.448    -53.220   -999.900   -999.900
    -80.000    -53.666    -54.333   -999.900   -999.900      0.667      0.000   -106.420   -106.440    -57.490    -58.266   -999.900   -999.900
    -85.000    -55.125    -55.749   -999.900   -999.900      0.625      0.000   -111.420   -111.440    -62.550    -63.324   -999.900   -999.900
    -90.000    -55.696    -56.289   -999.900   -999.900      0.593      0.000   -116.420   -116.440    -67.516    -68.118   -999.900   -999.900
    -95.000    -55.890    -56.501   -999.900   -999.900      0.611      0.000   -121.420   -121.440    -72.270    -73.752   -999.900   -999.900
   -100.000    -55.961    -56.563   -999.900   -999.900      0.602      0.000   -126.420   -126.440    -77.501    -79.699   -999.900   -999.900
   -105.000    -55.983    -56.581   -999.900   -999.900      0.597      0.000   -131.420   -131.440    -83.244    -87.992   -999.900   -999.900
   -110.000    -56.000    -56.583   -999.900   -999.900      0.583      0.000   -136.420   -136.440    -83.244    -95.824   -999.900   -999.900
   -115.000    -55.978    -56.594   -999.900   -999.900      0.616      0.000   -141.420   -141.440    -83.244    -95.824   -999.900   -999.900
   -120.000    -56.004    -56.577   -999.900   -999.900      0.573      0.000   -146.420   -146.440    -83.244    -95.824   -999.900   -999.900
