      0.000      3.232      3.950   -999.900   -999.900     -0.717      0.000    -26.420    -26.440      3.232      3.950   -999.900   -999.900
     -5.000      3.223      3.858   -999.900   -999.900     -0.636      0.000    -31.420    -31.440      3.223      3.858   -999.900   -999.900
    -10.000      3.060      3.570   -999.900   -999.900     -0.509      0.000    -36.420    -36.440      3.060      3.570   -999.900   -999.900
    -15.000      2.346      2.732   -999.900   -999.900     -0.386      0.000    -41.420    -41.440      2.346      2.732   -999.900   -999.900
    -20.000      0.242      0.659   -999.900   -999.900     -0.417      0.000    -46.420    -46.440      0.242      0.659   -999.900   -999.900
    -25.000     -3.717     -3.324   -999.900   -999.900     -0.393      0.000    -51.420    -51.440     -3.717     -3.324   -999.900   -999.900
    -30.000     -8.244     -7.882   -999.900   -999.900     -0.362      0.000    -56.420    -56.440     -8.244     -7.882   -999.900   -999.900
    -35.000    -13.001    -12.655   -999.900   -999.900     -0.347      0.000    -61.420    -61.440    -13.002    -12.655   -999.900   -999.900
    -40.000    -17.914    -17.574   -999.900   -999.900     -0.339      0.000    -66.420    -66.440    -17.914    -17.575   -999.900   -999.900
    -45.000    -22.922    -22.572   -999.900   -999.900     -0.350      0.000    -71.420    -71.440    -22.924    -22.574   -999.900   -999.900
    -50.000    -27.980    -27.609   -999.900   -999.900     -0.372      0.000    -76.420    -76.440    -27.984    -27.612   -999.900   -999.900
    -55.000    -33.120    -32.760   -999.900   -999.900     -0.360      0.000    -81.420    -81.440    -33.133    -32.772   -999.900   -999.900
    -60.000    -38.203    -37.876   -999.900   -999.900     -0.327      0.000    -86.420    -86.440    -38.247    -37.917   -999.900   -999.900
    -65.000    -43.014    -43.006   -999.900   -999.900     -0.008      0.000    -91.420    -91.440    -43.148    -43.141   -999.900   -999.900
    -70.000    -47.768    -48.015   -999.900   -999.900      0.247      0.000    -96.420    -96.440    -48.181    -48.457   -999.900   -999.900
    -75.000    -52.053    -52.397   -999.900   -999.900      0.344      0.000   -101.420   -101.440    -53.265    -53.738   -999.900   -999.900
    -80.000    -55.223    -55.480   -999.900   -999.900      0.257      0.000   -106.420   -106.440    -58.277    -58.856   -999.900   -999.900
    -85.000    -57.019    -57.124   -999.900   -999.900      0.105      0.000   -111.420   -111.440    -63.285    -63.881   -999.900   -999.900
    -90.000    -57.789    -57.807   -999.900   -999.900      0.017      0.000   -116.420   -116.440    -68.340    -68.954   -999.900   -999.900
    -95.000    -58.045    -58.048   -999.900   -999.900      0.002      0.000   -121.420   -121.440    -72.903    -74.242   -999.900   -999.900
   -100.000    -58.139    -58.126   -999.900   -999.900     -0.014      0.000   -126.420   -126.440    -77.514    -80.067   -999.900   -999.900
   -105.000    -58.198    -58.147   -999.900   -999.900     -0.050      0.000   -131.420   -131.440    -77.514    -86.740   -999.900   -999.900
   -110.000    -58.192    -58.152   -999.900   -999.900     -0.040      0.000   -136.420   -136.440    -77.514    -92.875   -999.900   -999.900
   -115.000    -58.181    -58.162   -999.900   -999.900     -0.019      0.000   -141.420   -141.440    -77.514    -92.875   -999.900   -999.900
   -120.000    -58.189    -58.153   -999.900   -999.900     -0.036      0.000   -146.420   -146.440    -77.514    -92.875   -999.900   -999.900
