      0.000      3.183      3.924   -999.900   -999.900     -0.742      0.000    -26.420    -26.440      3.183      3.924   -999.900   -999.900
     -5.000      3.172      3.824   -999.900   -999.900     -0.653      0.000    -31.420    -31.440      3.172      3.824   -999.900   -999.900
    -10.000      3.002      3.516   -999.900   -999.900     -0.514      0.000    -36.420    -36.440      3.002      3.516   -999.900   -999.900
    -15.000      2.267      2.654   -999.900   -999.900     -0.387      0.000    -41.420    -41.440      2.267      2.654   -999.900   -999.900
    -20.000      0.151      0.552   -999.900   -999.900     -0.401      0.000    -46.420    -46.440      0.151      0.552   -999.900   -999.900
    -25.000     -3.822     -3.447   -999.900   -999.900     -0.375      0.000    -51.420    -51.440     -3.822     -3.447   -999.900   -999.900
    -30.000     -8.371     -8.025   -999.900   -999.900     -0.346      0.000    -56.420    -56.440     -8.371     -8.025   -999.900   -999.900
    -35.000    -13.107    -12.775   -999.900   -999.900     -0.333      0.000    -61.420    -61.440    -13.108    -12.775   -999.900   -999.900
    -40.000    -18.020    -17.694   -999.900   -999.900     -0.326      0.000    -66.420    -66.440    -18.020    -17.694   -999.900   -999.900
    -45.000    -23.032    -22.694   -999.900   -999.900     -0.338      0.000    -71.420    -71.440    -23.034    -22.696   -999.900   -999.900
    -50.000    -28.102    -27.744   -999.900   -999.900     -0.358      0.000    -76.420    -76.440    -28.106    -27.748   -999.900   -999.900
    -55.000    -33.240    -32.896   -999.900   -999.900     -0.344      0.000    -81.420    -81.440    -33.253    -32.908   -999.900   -999.900
    -60.000    -38.335    -38.027   -999.900   -999.900     -0.308      0.000    -86.420    -86.440    -38.377    -38.068   -999.900   -999.900
    -65.000    -43.132    -43.127   -999.900   -999.900     -0.005      0.000    -91.420    -91.440    -43.263    -43.261   -999.900   -999.900
    -70.000    -47.911    -48.142   -999.900   -999.900      0.230      0.000    -96.420    -96.440    -48.317    -48.582   -999.900   -999.900
    -75.000    -52.190    -52.534   -999.900   -999.900      0.344      0.000   -101.420   -101.440    -53.375    -53.871   -999.900   -999.900
    -80.000    -55.374    -55.609   -999.900   -999.900      0.234      0.000   -106.420   -106.440    -58.357    -58.962   -999.900   -999.900
    -85.000    -57.197    -57.271   -999.900   -999.900      0.074      0.000   -111.420   -111.440    -63.325    -64.028   -999.900   -999.900
    -90.000    -57.985    -57.952   -999.900   -999.900     -0.034      0.000   -116.420   -116.440    -68.279    -69.077   -999.900   -999.900
    -95.000    -58.278    -58.202   -999.900   -999.900     -0.076      0.000   -121.420   -121.440    -73.457    -74.688   -999.900   -999.900
   -100.000    -58.364    -58.266   -999.900   -999.900     -0.098      0.000   -126.420   -126.440    -77.991    -79.210   -999.900   -999.900
   -105.000    -58.415    -58.290   -999.900   -999.900     -0.126      0.000   -131.420   -131.440    -77.991    -84.332   -999.900   -999.900
   -110.000    -58.411    -58.298   -999.900   -999.900     -0.113      0.000   -136.420   -136.440    -77.991    -91.127   -999.900   -999.900
   -115.000    -58.411    -58.311   -999.900   -999.900     -0.100      0.000   -141.420   -141.440    -77.991    -91.127   -999.900   -999.900
   -120.000    -58.409    -58.303   -999.900   -999.900     -0.106      0.000   -146.420   -146.440    -77.991    -91.127   -999.900   -999.900
