      0.000      3.343      3.923   -999.900   -999.900     -0.581      0.000    -26.420    -26.440      3.343      3.923   -999.900   -999.900
     -5.000      3.320      3.920   -999.900   -999.900     -0.600      0.000    -31.420    -31.440      3.320      3.920   -999.900   -999.900
    -10.000      3.096      3.838   -999.900   -999.900     -0.742      0.000    -36.420    -36.440      3.096      3.838   -999.900   -999.900
    -15.000      2.207      3.487   -999.900   -999.900     -1.280      0.000    -41.420    -41.440      2.207      3.487   -999.900   -999.900
    -20.000     -0.372      2.511   -999.900   -999.900     -2.884      0.000    -46.420    -46.440     -0.372      2.511   -999.900   -999.900
    -25.000     -4.485     -0.048   -999.900   -999.900     -4.437      0.000    -51.420    -51.440     -4.485     -0.048   -999.900   -999.900
    -30.000     -9.064     -4.229   -999.900   -999.900     -4.835      0.000    -56.420    -56.440     -9.064     -4.229   -999.900   -999.900
    -35.000    -13.847     -8.803   -999.900   -999.900     -5.045      0.000    -61.420    -61.440    -13.848     -8.803   -999.900   -999.900
    -40.000    -18.793    -13.627   -999.900   -999.900     -5.166      0.000    -66.420    -66.440    -18.794    -13.628   -999.900   -999.900
    -45.000    -23.842    -18.562   -999.900   -999.900     -5.280      0.000    -71.420    -71.440    -23.844    -18.563   -999.900   -999.900
    -50.000    -28.963    -23.592   -999.900   -999.900     -5.371      0.000    -76.420    -76.440    -28.967    -23.595   -999.900   -999.900
    -55.000    -34.243    -28.713   -999.900   -999.900     -5.530      0.000    -81.420    -81.440    -34.257    -28.722   -999.900   -999.900
    -60.000    -39.318    -33.797   -999.900   -999.900     -5.521      0.000    -86.420    -86.440    -39.363    -33.828   -999.900   -999.900
    -65.000    -44.297    -38.772   -999.900   -999.900     -5.525      0.000    -91.420    -91.440    -44.441    -38.871   -999.900   -999.900
    -70.000    -49.378    -43.764   -999.900   -999.900     -5.614      0.000    -96.420    -96.440    -49.860    -44.083   -999.900   -999.900
    -75.000    -53.791    -48.361   -999.900   -999.900     -5.430      0.000   -101.420   -101.440    -55.279    -49.352   -999.900   -999.900
    -80.000    -56.754    -51.846   -999.900   -999.900     -4.908      0.000   -106.420   -106.440    -60.458    -54.483   -999.900   -999.900
    -85.000    -58.258    -53.888   -999.900   -999.900     -4.371      0.000   -111.420   -111.440    -65.505    -59.549   -999.900   -999.900
    -90.000    -58.855    -54.789   -999.900   -999.900     -4.067      0.000   -116.420   -116.440    -70.473    -64.632   -999.900   -999.900
    -95.000    -59.066    -55.105   -999.900   -999.900     -3.961      0.000   -121.420   -121.440    -75.527    -69.542   -999.900   -999.900
   -100.000    -59.123    -55.221   -999.900   -999.900     -3.902      0.000   -126.420   -126.440    -79.286    -75.318   -999.900   -999.900
   -105.000    -59.173    -55.257   -999.900   -999.900     -3.916      0.000   -131.420   -131.440    -79.286    -82.993   -999.900   -999.900
   -110.000    -59.162    -55.283   -999.900   -999.900     -3.879      0.000   -136.420   -136.440    -79.286    -82.993   -999.900   -999.900
   -115.000    -59.162    -55.255   -999.900   -999.900     -3.907      0.000   -141.420   -141.440    -79.286    -82.993   -999.900   -999.900
   -120.000    -59.165    -55.262   -999.900   -999.900     -3.902      0.000   -146.420   -146.440    -79.286    -82.993   -999.900   -999.900
