      0.000      3.269      3.913   -999.900   -999.900     -0.644      0.000    -26.420    -26.440      3.269      3.913   -999.900   -999.900
     -5.000      3.264      3.813   -999.900   -999.900     -0.550      0.000    -31.420    -31.440      3.264      3.813   -999.900   -999.900
    -10.000      3.113      3.396   -999.900   -999.900     -0.283      0.000    -36.420    -36.440      3.113      3.396   -999.900   -999.900
    -15.000      2.437      2.327   -999.900   -999.900      0.109      0.000    -41.420    -41.440      2.437      2.327   -999.900   -999.900
    -20.000      0.438     -0.442   -999.900   -999.900      0.880      0.000    -46.420    -46.440      0.438     -0.442   -999.900   -999.900
    -25.000     -3.485     -4.646   -999.900   -999.900      1.161      0.000    -51.420    -51.440     -3.485     -4.646   -999.900   -999.900
    -30.000     -7.983     -9.277   -999.900   -999.900      1.294      0.000    -56.420    -56.440     -7.984     -9.277   -999.900   -999.900
    -35.000    -12.720    -14.091   -999.900   -999.900      1.371      0.000    -61.420    -61.440    -12.720    -14.091   -999.900   -999.900
    -40.000    -17.626    -19.036   -999.900   -999.900      1.410      0.000    -66.420    -66.440    -17.627    -19.036   -999.900   -999.900
    -45.000    -22.636    -24.064   -999.900   -999.900      1.427      0.000    -71.420    -71.440    -22.637    -24.065   -999.900   -999.900
    -50.000    -27.726    -29.146   -999.900   -999.900      1.420      0.000    -76.420    -76.440    -27.730    -29.149   -999.900   -999.900
    -55.000    -32.888    -34.274   -999.900   -999.900      1.386      0.000    -81.420    -81.440    -32.901    -34.286   -999.900   -999.900
    -60.000    -37.945    -39.482   -999.900   -999.900      1.537      0.000    -86.420    -86.440    -37.985    -39.523   -999.900   -999.900
    -65.000    -42.770    -44.700   -999.900   -999.900      1.929      0.000    -91.420    -91.440    -42.893    -44.838   -999.900   -999.900
    -70.000    -47.531    -49.745   -999.900   -999.900      2.214      0.000    -96.420    -96.440    -47.909    -50.204   -999.900   -999.900
    -75.000    -51.869    -54.022   -999.900   -999.900      2.153      0.000   -101.420   -101.440    -52.982    -55.379   -999.900   -999.900
    -80.000    -55.149    -57.059   -999.900   -999.900      1.911      0.000   -106.420   -106.440    -57.996    -60.430   -999.900   -999.900
    -85.000    -57.063    -58.703   -999.900   -999.900      1.640      0.000   -111.420   -111.440    -63.038    -65.442   -999.900   -999.900
    -90.000    -57.890    -59.390   -999.900   -999.900      1.500      0.000   -116.420   -116.440    -68.064    -70.531   -999.900   -999.900
    -95.000    -58.169    -59.602   -999.900   -999.900      1.433      0.000   -121.420   -121.440    -72.616    -74.750   -999.900   -999.900
   -100.000    -58.271    -59.706   -999.900   -999.900      1.435      0.000   -126.420   -126.440    -77.103    -81.182   -999.900   -999.900
   -105.000    -58.335    -59.726   -999.900   -999.900      1.391      0.000   -131.420   -131.440    -77.103    -85.629   -999.900   -999.900
   -110.000    -58.336    -59.723   -999.900   -999.900      1.388      0.000   -136.420   -136.440    -77.103    -84.791   -999.900   -999.900
   -115.000    -58.317    -59.733   -999.900   -999.900      1.416      0.000   -141.420   -141.440    -77.103    -89.920   -999.900   -999.900
   -120.000    -58.325    -59.766   -999.900   -999.900      1.441      0.000   -146.420   -146.440    -77.103    -89.920   -999.900   -999.900
