      0.000      3.762      3.755   -999.900   -999.900      0.007      0.000    -27.040    -27.130      3.762      3.755   -999.900   -999.900
     -5.000      3.773      3.767   -999.900   -999.900      0.006      0.000    -32.040    -32.130      3.773      3.767   -999.900   -999.900
    -10.000      3.753      3.763   -999.900   -999.900     -0.010      0.000    -37.040    -37.130      3.753      3.763   -999.900   -999.900
    -15.000      3.571      3.431   -999.900   -999.900      0.139      0.000    -42.040    -42.130      3.571      3.431   -999.900   -999.900
    -20.000      2.803      2.331   -999.900   -999.900      0.472      0.000    -47.040    -47.130      2.803      2.331   -999.900   -999.900
    -25.000      0.535     -0.829   -999.900   -999.900      1.364      0.000    -52.040    -52.130      0.535     -0.829   -999.900   -999.900
    -30.000     -3.359     -4.939   -999.900   -999.900      1.580      0.000    -57.040    -57.130     -3.359     -4.939   -999.900   -999.900
    -35.000     -7.975     -9.696   -999.900   -999.900      1.721      0.000    -62.040    -62.130     -7.975     -9.696   -999.900   -999.900
    -40.000    -12.760    -14.701   -999.900   -999.900      1.941      0.000    -67.040    -67.130    -12.760    -14.701   -999.900   -999.900
    -45.000    -17.639    -19.660   -999.900   -999.900      2.020      0.000    -72.040    -72.130    -17.640    -19.661   -999.900   -999.900
    -50.000    -22.610    -24.724   -999.900   -999.900      2.114      0.000    -77.040    -77.130    -22.614    -24.728   -999.900   -999.900
    -55.000    -27.660    -29.900   -999.900   -999.900      2.240      0.000    -82.040    -82.130    -27.673    -29.914   -999.900   -999.900
    -60.000    -32.555    -34.988   -999.900   -999.900      2.432      0.000    -87.040    -87.130    -32.595    -35.032   -999.900   -999.900
    -65.000    -37.718    -40.052   -999.900   -999.900      2.334      0.000    -92.040    -92.130    -37.849    -40.196   -999.900   -999.900
    -70.000    -42.445    -44.538   -999.900   -999.900      2.093      0.000    -97.040    -97.130    -42.846    -44.955   -999.900   -999.900
    -75.000    -46.689    -48.786   -999.900   -999.900      2.097      0.000   -102.040   -102.130    -47.849    -49.998   -999.900   -999.900
    -80.000    -49.917    -51.946   -999.900   -999.900      2.028      0.000   -107.040   -107.130    -52.867    -54.993   -999.900   -999.900
    -85.000    -51.775    -53.679   -999.900   -999.900      1.905      0.000   -112.040   -112.130    -57.903    -59.729   -999.900   -999.900
    -90.000    -52.543    -54.390   -999.900   -999.900      1.847      0.000   -117.040   -117.130    -62.645    -63.794   -999.900   -999.900
    -95.000    -52.842    -54.693   -999.900   -999.900      1.851      0.000   -122.040   -122.130    -67.608    -67.629   -999.900   -999.900
   -100.000    -52.935    -54.796   -999.900   -999.900      1.861      0.000   -127.040   -127.130    -72.030    -70.322   -999.900   -999.900
   -105.000    -52.998    -54.876   -999.900   -999.900      1.878      0.000   -132.040   -132.130    -72.030    -74.890   -999.900   -999.900
   -110.000    -52.993    -54.905   -999.900   -999.900      1.912      0.000   -137.040   -137.130    -72.030    -79.662   -999.900   -999.900
   -115.000    -52.988    -54.940   -999.900   -999.900      1.952      0.000   -142.040   -142.130    -72.030    -79.662   -999.900   -999.900
   -120.000    -52.977    -54.957   -999.900   -999.900      1.979      0.000   -147.040   -147.130    -72.030    -79.662   -999.900   -999.900
