      0.000      3.359      3.697   -999.900   -999.900     -0.337      0.000    -27.040    -27.130      3.359      3.697   -999.900   -999.900
     -5.000      3.365      3.697   -999.900   -999.900     -0.333      0.000    -32.040    -32.130      3.365      3.697   -999.900   -999.900
    -10.000      3.299      3.625   -999.900   -999.900     -0.326      0.000    -37.040    -37.130      3.299      3.625   -999.900   -999.900
    -15.000      2.929      3.255   -999.900   -999.900     -0.326      0.000    -42.040    -42.130      2.929      3.255   -999.900   -999.900
    -20.000      1.859      2.206   -999.900   -999.900     -0.347      0.000    -47.040    -47.130      1.859      2.206   -999.900   -999.900
    -25.000     -0.946     -0.520   -999.900   -999.900     -0.426      0.000    -52.040    -52.130     -0.946     -0.520   -999.900   -999.900
    -30.000     -5.136     -4.692   -999.900   -999.900     -0.444      0.000    -57.040    -57.130     -5.136     -4.692   -999.900   -999.900
    -35.000     -9.805     -9.351   -999.900   -999.900     -0.453      0.000    -62.040    -62.130     -9.805     -9.351   -999.900   -999.900
    -40.000    -14.636    -14.168   -999.900   -999.900     -0.468      0.000    -67.040    -67.130    -14.637    -14.169   -999.900   -999.900
    -45.000    -19.554    -19.089   -999.900   -999.900     -0.465      0.000    -72.040    -72.130    -19.556    -19.091   -999.900   -999.900
    -50.000    -24.520    -24.046   -999.900   -999.900     -0.474      0.000    -77.040    -77.130    -24.525    -24.051   -999.900   -999.900
    -55.000    -29.586    -29.114   -999.900   -999.900     -0.471      0.000    -82.040    -82.130    -29.602    -29.129   -999.900   -999.900
    -60.000    -34.663    -34.194   -999.900   -999.900     -0.468      0.000    -87.040    -87.130    -34.715    -34.243   -999.900   -999.900
    -65.000    -39.763    -39.358   -999.900   -999.900     -0.405      0.000    -92.040    -92.130    -39.934    -39.520   -999.900   -999.900
    -70.000    -44.582    -44.029   -999.900   -999.900     -0.553      0.000    -97.040    -97.130    -45.125    -44.522   -999.900   -999.900
    -75.000    -48.716    -48.230   -999.900   -999.900     -0.487      0.000   -102.040   -102.130    -50.293    -49.670   -999.900   -999.900
    -80.000    -51.469    -51.197   -999.900   -999.900     -0.272      0.000   -107.040   -107.130    -55.174    -54.754   -999.900   -999.900
    -85.000    -53.167    -52.764   -999.900   -999.900     -0.402      0.000   -112.040   -112.130    -61.363    -59.802   -999.900   -999.900
    -90.000    -53.447    -53.392   -999.900   -999.900     -0.055      0.000   -117.040   -117.130    -63.671    -64.759   -999.900   -999.900
    -95.000    -53.943    -53.609   -999.900   -999.900     -0.335      0.000   -122.040   -122.130    -63.671    -69.514   -999.900   -999.900
   -100.000    -54.016    -53.687   -999.900   -999.900     -0.329      0.000   -127.040   -127.130    -63.671    -74.704   -999.900   -999.900
   -105.000    -53.856    -53.722   -999.900   -999.900     -0.134      0.000   -132.040   -132.130    -63.671    -74.704   -999.900   -999.900
   -110.000    -54.271    -53.720   -999.900   -999.900     -0.551      0.000   -137.040   -137.130    -63.671    -74.704   -999.900   -999.900
   -115.000    -53.759    -53.717   -999.900   -999.900     -0.041      0.000   -142.040   -142.130    -63.671    -74.704   -999.900   -999.900
   -120.000    -53.660    -53.727   -999.900   -999.900      0.067      0.000   -147.040   -147.130    -63.671    -74.704   -999.900   -999.900
