      0.000      3.682      3.919   -999.900   -999.900     -0.236      0.000    -27.040    -27.130      3.682      3.919   -999.900   -999.900
     -5.000      3.691      3.928   -999.900   -999.900     -0.236      0.000    -32.040    -32.130      3.691      3.927   -999.900   -999.900
    -10.000      3.662      3.894   -999.900   -999.900     -0.232      0.000    -37.040    -37.130      3.662      3.894   -999.900   -999.900
    -15.000      3.444      3.687   -999.900   -999.900     -0.243      0.000    -42.040    -42.130      3.444      3.687   -999.900   -999.900
    -20.000      2.621      2.906   -999.900   -999.900     -0.285      0.000    -47.040    -47.130      2.621      2.906   -999.900   -999.900
    -25.000      0.313      0.789   -999.900   -999.900     -0.476      0.000    -52.040    -52.130      0.313      0.789   -999.900   -999.900
    -30.000     -3.713     -3.205   -999.900   -999.900     -0.508      0.000    -57.040    -57.130     -3.713     -3.205   -999.900   -999.900
    -35.000     -8.287     -7.770   -999.900   -999.900     -0.516      0.000    -62.040    -62.130     -8.287     -7.771   -999.900   -999.900
    -40.000    -13.081    -12.558   -999.900   -999.900     -0.523      0.000    -67.040    -67.130    -13.082    -12.559   -999.900   -999.900
    -45.000    -17.981    -17.454   -999.900   -999.900     -0.527      0.000    -72.040    -72.130    -17.982    -17.455   -999.900   -999.900
    -50.000    -22.935    -22.419   -999.900   -999.900     -0.516      0.000    -77.040    -77.130    -22.939    -22.423   -999.900   -999.900
    -55.000    -27.995    -27.509   -999.900   -999.900     -0.485      0.000    -82.040    -82.130    -28.007    -27.524   -999.900   -999.900
    -60.000    -32.975    -32.551   -999.900   -999.900     -0.424      0.000    -87.040    -87.130    -33.012    -32.596   -999.900   -999.900
    -65.000    -38.086    -37.675   -999.900   -999.900     -0.411      0.000    -92.040    -92.130    -38.209    -37.825   -999.900   -999.900
    -70.000    -42.906    -42.296   -999.900   -999.900     -0.610      0.000    -97.040    -97.130    -43.290    -42.746   -999.900   -999.900
    -75.000    -47.178    -46.460   -999.900   -999.900     -0.718      0.000   -102.040   -102.130    -48.295    -47.750   -999.900   -999.900
    -80.000    -50.455    -49.552   -999.900   -999.900     -0.903      0.000   -107.040   -107.130    -53.312    -52.774   -999.900   -999.900
    -85.000    -52.357    -51.268   -999.900   -999.900     -1.090      0.000   -112.040   -112.130    -58.324    -57.792   -999.900   -999.900
    -90.000    -53.169    -51.987   -999.900   -999.900     -1.182      0.000   -117.040   -117.130    -63.181    -62.812   -999.900   -999.900
    -95.000    -53.474    -52.238   -999.900   -999.900     -1.237      0.000   -122.040   -122.130    -68.152    -67.753   -999.900   -999.900
   -100.000    -53.565    -52.321   -999.900   -999.900     -1.245      0.000   -127.040   -127.130    -72.236    -72.621   -999.900   -999.900
   -105.000    -53.617    -52.355   -999.900   -999.900     -1.262      0.000   -132.040   -132.130    -80.918    -80.485   -999.900   -999.900
   -110.000    -53.621    -52.358   -999.900   -999.900     -1.262      0.000   -137.040   -137.130    -83.738    -83.792   -999.900   -999.900
   -115.000    -53.626    -52.363   -999.900   -999.900     -1.264      0.000   -142.040   -142.130    -83.738    -83.792   -999.900   -999.900
   -120.000    -53.636    -52.370   -999.900   -999.900     -1.266      0.000   -147.040   -147.130    -83.738    -83.792   -999.900   -999.900
