    -20.000      2.051   -999.900   -999.900   -999.900   1001.951      0.000    -34.750    -34.750      2.051   -999.900   -999.900   -999.900
    -25.000      1.239   -999.900   -999.900   -999.900   1001.139      0.000    -39.750    -39.750      1.239   -999.900   -999.900   -999.900
    -30.000     -0.504   -999.900   -999.900   -999.900    999.396      0.000    -44.750    -44.750     -0.504   -999.900   -999.900   -999.900
    -35.000     -4.298   -999.900   -999.900   -999.900    995.602      0.000    -49.750    -49.750     -4.298   -999.900   -999.900   -999.900
    -40.000     -8.871   -999.900   -999.900   -999.900    991.029      0.000    -54.750    -54.750     -8.871   -999.900   -999.900   -999.900
    -45.000    -13.678   -999.900   -999.900   -999.900    986.222      0.000    -59.750    -59.750    -13.678   -999.900   -999.900   -999.900
    -50.000    -18.552   -999.900   -999.900   -999.900    981.348      0.000    -64.750    -64.750    -18.552   -999.900   -999.900   -999.900
    -55.000    -23.549   -999.900   -999.900   -999.900    976.351      0.000    -69.750    -69.750    -23.549   -999.900   -999.900   -999.900
    -60.000    -28.454   -999.900   -999.900   -999.900    971.446      0.000    -74.750    -74.750    -28.455   -999.900   -999.900   -999.900
    -65.000    -33.550   -999.900   -999.900   -999.900    966.350      0.000    -79.750    -79.750    -33.553   -999.900   -999.900   -999.900
    -70.000    -38.631   -999.900   -999.900   -999.900    961.269      0.000    -84.750    -84.750    -38.641   -999.900   -999.900   -999.900
    -75.000    -43.301   -999.900   -999.900   -999.900    956.599      0.000    -89.750    -89.750    -43.328   -999.900   -999.900   -999.900
    -80.000    -48.254   -999.900   -999.900   -999.900    951.646      0.000    -94.750    -94.750    -48.339   -999.900   -999.900   -999.900
    -85.000    -53.069   -999.900   -999.900   -999.900    946.831      0.000    -99.750    -99.750    -53.332   -999.900   -999.900   -999.900
    -90.000    -57.509   -999.900   -999.900   -999.900    942.391      0.000   -104.750   -104.750    -58.283   -999.900   -999.900   -999.900
    -95.000    -61.272   -999.900   -999.900   -999.900    938.628      0.000   -109.750   -109.750    -63.406   -999.900   -999.900   -999.900
   -100.000    -63.669   -999.900   -999.900   -999.900    936.231      0.000   -114.750   -114.750    -68.539   -999.900   -999.900   -999.900
   -105.000    -64.846   -999.900   -999.900   -999.900    935.054      0.000   -119.750   -119.750    -74.201   -999.900   -999.900   -999.900
   -110.000    -65.295   -999.900   -999.900   -999.900    934.605      0.000   -124.750   -124.750    -82.345   -999.900   -999.900   -999.900
   -115.000    -65.441   -999.900   -999.900   -999.900    934.459      0.000   -129.750   -129.750    -82.345   -999.900   -999.900   -999.900
   -120.000    -65.496   -999.900   -999.900   -999.900    934.404      0.000   -134.750   -134.750    -82.345   -999.900   -999.900   -999.900
   -125.000    -65.523   -999.900   -999.900   -999.900    934.377      0.000   -139.750   -139.750    -82.345   -999.900   -999.900   -999.900
   -130.000    -65.499   -999.900   -999.900   -999.900    934.401      0.000   -144.750   -144.750    -82.345   -999.900   -999.900   -999.900
   -135.000    -65.501   -999.900   -999.900   -999.900    934.399      0.000   -149.750   -149.750    -82.345   -999.900   -999.900   -999.900
   -140.000    -65.492   -999.900   -999.900   -999.900    934.408      0.000   -154.750   -154.750    -82.345   -999.900   -999.900   -999.900
