      0.000      3.872      3.969   -999.900   -999.900     -0.097      0.000    -26.900    -26.210      3.872      3.969   -999.900   -999.900
     -5.000      3.852      3.959   -999.900   -999.900     -0.107      0.000    -31.900    -31.210      3.852      3.959   -999.900   -999.900
    -10.000      3.646      3.797   -999.900   -999.900     -0.152      0.000    -36.900    -36.210      3.646      3.797   -999.900   -999.900
    -15.000      2.737      3.027   -999.900   -999.900     -0.290      0.000    -41.900    -41.210      2.737      3.027   -999.900   -999.900
    -20.000      0.152      0.764   -999.900   -999.900     -0.613      0.000    -46.900    -46.210      0.152      0.764   -999.900   -999.900
    -25.000     -3.953     -3.288   -999.900   -999.900     -0.665      0.000    -51.900    -51.210     -3.953     -3.288   -999.900   -999.900
    -30.000     -8.469     -7.813   -999.900   -999.900     -0.656      0.000    -56.900    -56.210     -8.469     -7.813   -999.900   -999.900
    -35.000    -13.321    -12.664   -999.900   -999.900     -0.656      0.000    -61.900    -61.210    -13.321    -12.664   -999.900   -999.900
    -40.000    -18.255    -17.600   -999.900   -999.900     -0.655      0.000    -66.900    -66.210    -18.255    -17.600   -999.900   -999.900
    -45.000    -23.258    -22.610   -999.900   -999.900     -0.648      0.000    -71.900    -71.210    -23.258    -22.611   -999.900   -999.900
    -50.000    -28.342    -27.698   -999.900   -999.900     -0.645      0.000    -76.900    -76.210    -28.344    -27.699   -999.900   -999.900
    -55.000    -33.489    -32.815   -999.900   -999.900     -0.675      0.000    -81.900    -81.210    -33.494    -32.820   -999.900   -999.900
    -60.000    -38.323    -37.852   -999.900   -999.900     -0.471      0.000    -86.900    -86.210    -38.339    -37.867   -999.900   -999.900
    -65.000    -43.273    -42.892   -999.900   -999.900     -0.380      0.000    -91.900    -91.210    -43.322    -42.942   -999.900   -999.900
    -70.000    -48.048    -47.604   -999.900   -999.900     -0.444      0.000    -96.900    -96.210    -48.198    -47.753   -999.900   -999.900
    -75.000    -52.604    -52.361   -999.900   -999.900     -0.243      0.000   -101.900   -101.210    -53.048    -52.823   -999.900   -999.900
    -80.000    -56.693    -56.534   -999.900   -999.900     -0.159      0.000   -106.900   -106.210    -57.937    -57.864   -999.900   -999.900
    -85.000    -59.823    -59.598   -999.900   -999.900     -0.225      0.000   -111.900   -111.210    -62.939    -62.913   -999.900   -999.900
    -90.000    -61.559    -61.246   -999.900   -999.900     -0.313      0.000   -116.900   -116.210    -67.819    -67.826   -999.900   -999.900
    -95.000    -62.318    -61.959   -999.900   -999.900     -0.359      0.000   -121.900   -121.210    -72.742    -72.903   -999.900   -999.900
   -100.000    -62.625    -62.193   -999.900   -999.900     -0.432      0.000   -126.900   -126.210    -78.796    -77.481   -999.900   -999.900
   -105.000    -62.722    -62.321   -999.900   -999.900     -0.401      0.000   -131.900   -131.210    -89.678    -95.381   -999.900   -999.900
   -110.000    -62.741    -62.326   -999.900   -999.900     -0.414      0.000   -136.900   -136.210    -89.678    -95.381   -999.900   -999.900
   -115.000    -62.718    -62.321   -999.900   -999.900     -0.397      0.000   -141.900   -141.210    -89.678    -95.381   -999.900   -999.900
   -120.000    -62.743    -62.325   -999.900   -999.900     -0.418      0.000   -146.900   -146.210    -89.678    -95.381   -999.900   -999.900
