      0.000      8.372   -999.900   -999.900   -999.900   1008.272      0.000    -15.000    -15.000      8.372   -999.900   -999.900   -999.900
     -5.000      8.372   -999.900   -999.900   -999.900   1008.272      0.000    -20.000    -20.000      8.372   -999.900   -999.900   -999.900
    -10.000      8.370   -999.900   -999.900   -999.900   1008.270      0.000    -25.000    -25.000      8.370   -999.900   -999.900   -999.900
    -15.000      8.365   -999.900   -999.900   -999.900   1008.265      0.000    -30.000    -30.000      8.365   -999.900   -999.900   -999.900
    -20.000      8.313   -999.900   -999.900   -999.900   1008.213      0.000    -35.000    -35.000      8.313   -999.900   -999.900   -999.900
    -25.000      7.854   -999.900   -999.900   -999.900   1007.754      0.000    -40.000    -40.000      7.854   -999.900   -999.900   -999.900
    -30.000      6.055   -999.900   -999.900   -999.900   1005.955      0.000    -45.000    -45.000      6.055   -999.900   -999.900   -999.900
    -35.000      1.718   -999.900   -999.900   -999.900   1001.618      0.000    -50.000    -50.000      1.718   -999.900   -999.900   -999.900
    -40.000     -3.161   -999.900   -999.900   -999.900    996.739      0.000    -55.000    -55.000     -3.161   -999.900   -999.900   -999.900
    -45.000     -8.115   -999.900   -999.900   -999.900    991.785      0.000    -60.000    -60.000     -8.115   -999.900   -999.900   -999.900
    -50.000    -13.094   -999.900   -999.900   -999.900    986.806      0.000    -65.000    -65.000    -13.095   -999.900   -999.900   -999.900
    -55.000    -18.127   -999.900   -999.900   -999.900    981.773      0.000    -70.000    -70.000    -18.131   -999.900   -999.900   -999.900
    -60.000    -23.100   -999.900   -999.900   -999.900    976.800      0.000    -75.000    -75.000    -23.112   -999.900   -999.900   -999.900
    -65.000    -28.123   -999.900   -999.900   -999.900    971.777      0.000    -80.000    -80.000    -28.160   -999.900   -999.900   -999.900
    -70.000    -33.097   -999.900   -999.900   -999.900    966.803      0.000    -85.000    -85.000    -33.215   -999.900   -999.900   -999.900
    -75.000    -37.927   -999.900   -999.900   -999.900    961.973      0.000    -90.000    -90.000    -38.297   -999.900   -999.900   -999.900
    -80.000    -42.197   -999.900   -999.900   -999.900    957.703      0.000    -95.000    -95.000    -43.267   -999.900   -999.900   -999.900
    -85.000    -45.524   -999.900   -999.900   -999.900    954.376      0.000   -100.000   -100.000    -48.281   -999.900   -999.900   -999.900
    -90.000    -47.475   -999.900   -999.900   -999.900    952.425      0.000   -105.000   -105.000    -53.269   -999.900   -999.900   -999.900
    -95.000    -48.344   -999.900   -999.900   -999.900    951.556      0.000   -110.000   -110.000    -58.331   -999.900   -999.900   -999.900
   -100.000    -48.651   -999.900   -999.900   -999.900    951.249      0.000   -115.000   -115.000    -63.290   -999.900   -999.900   -999.900
   -105.000    -48.800   -999.900   -999.900   -999.900    951.100      0.000   -120.000   -120.000    -80.719   -999.900   -999.900   -999.900
   -110.000    -48.804   -999.900   -999.900   -999.900    951.096      0.000   -125.000   -125.000    -80.719   -999.900   -999.900   -999.900
   -115.000    -48.802   -999.900   -999.900   -999.900    951.098      0.000   -130.000   -130.000    -80.719   -999.900   -999.900   -999.900
   -120.000    -48.807   -999.900   -999.900   -999.900    951.093      0.000   -135.000   -135.000    -80.719   -999.900   -999.900   -999.900
