      0.000      8.374   -999.900   -999.900   -999.900   1008.274      0.000    -15.000    -15.000      8.374   -999.900   -999.900   -999.900
     -5.000      8.373   -999.900   -999.900   -999.900   1008.273      0.000    -20.000    -20.000      8.373   -999.900   -999.900   -999.900
    -10.000      8.371   -999.900   -999.900   -999.900   1008.271      0.000    -25.000    -25.000      8.371   -999.900   -999.900   -999.900
    -15.000      8.366   -999.900   -999.900   -999.900   1008.266      0.000    -30.000    -30.000      8.366   -999.900   -999.900   -999.900
    -20.000      8.314   -999.900   -999.900   -999.900   1008.214      0.000    -35.000    -35.000      8.314   -999.900   -999.900   -999.900
    -25.000      7.854   -999.900   -999.900   -999.900   1007.754      0.000    -40.000    -40.000      7.854   -999.900   -999.900   -999.900
    -30.000      6.056   -999.900   -999.900   -999.900   1005.956      0.000    -45.000    -45.000      6.056   -999.900   -999.900   -999.900
    -35.000      1.718   -999.900   -999.900   -999.900   1001.618      0.000    -50.000    -50.000      1.718   -999.900   -999.900   -999.900
    -40.000     -3.161   -999.900   -999.900   -999.900    996.739      0.000    -55.000    -55.000     -3.162   -999.900   -999.900   -999.900
    -45.000     -8.114   -999.900   -999.900   -999.900    991.786      0.000    -60.000    -60.000     -8.115   -999.900   -999.900   -999.900
    -50.000    -13.094   -999.900   -999.900   -999.900    986.806      0.000    -65.000    -65.000    -13.095   -999.900   -999.900   -999.900
    -55.000    -18.127   -999.900   -999.900   -999.900    981.773      0.000    -70.000    -70.000    -18.130   -999.900   -999.900   -999.900
    -60.000    -23.099   -999.900   -999.900   -999.900    976.801      0.000    -75.000    -75.000    -23.111   -999.900   -999.900   -999.900
    -65.000    -28.121   -999.900   -999.900   -999.900    971.779      0.000    -80.000    -80.000    -28.159   -999.900   -999.900   -999.900
    -70.000    -33.094   -999.900   -999.900   -999.900    966.806      0.000    -85.000    -85.000    -33.213   -999.900   -999.900   -999.900
    -75.000    -37.929   -999.900   -999.900   -999.900    961.971      0.000    -90.000    -90.000    -38.300   -999.900   -999.900   -999.900
    -80.000    -42.201   -999.900   -999.900   -999.900    957.699      0.000    -95.000    -95.000    -43.274   -999.900   -999.900   -999.900
    -85.000    -45.535   -999.900   -999.900   -999.900    954.365      0.000   -100.000   -100.000    -48.305   -999.900   -999.900   -999.900
    -90.000    -47.471   -999.900   -999.900   -999.900    952.429      0.000   -105.000   -105.000    -53.267   -999.900   -999.900   -999.900
    -95.000    -48.342   -999.900   -999.900   -999.900    951.558      0.000   -110.000   -110.000    -58.356   -999.900   -999.900   -999.900
   -100.000    -48.649   -999.900   -999.900   -999.900    951.251      0.000   -115.000   -115.000    -63.364   -999.900   -999.900   -999.900
   -105.000    -48.794   -999.900   -999.900   -999.900    951.106      0.000   -120.000   -120.000    -78.306   -999.900   -999.900   -999.900
   -110.000    -48.812   -999.900   -999.900   -999.900    951.088      0.000   -125.000   -125.000    -78.306   -999.900   -999.900   -999.900
   -115.000    -48.789   -999.900   -999.900   -999.900    951.111      0.000   -130.000   -130.000    -78.306   -999.900   -999.900   -999.900
   -120.000    -48.798   -999.900   -999.900   -999.900    951.102      0.000   -135.000   -135.000    -78.306   -999.900   -999.900   -999.900
