      0.000      8.340   -999.900   -999.900   -999.900   1008.240      0.000    -15.000    -15.000      8.340   -999.900   -999.900   -999.900
     -5.000      8.340   -999.900   -999.900   -999.900   1008.240      0.000    -20.000    -20.000      8.340   -999.900   -999.900   -999.900
    -10.000      8.338   -999.900   -999.900   -999.900   1008.238      0.000    -25.000    -25.000      8.338   -999.900   -999.900   -999.900
    -15.000      8.334   -999.900   -999.900   -999.900   1008.234      0.000    -30.000    -30.000      8.334   -999.900   -999.900   -999.900
    -20.000      8.282   -999.900   -999.900   -999.900   1008.182      0.000    -35.000    -35.000      8.282   -999.900   -999.900   -999.900
    -25.000      7.828   -999.900   -999.900   -999.900   1007.728      0.000    -40.000    -40.000      7.828   -999.900   -999.900   -999.900
    -30.000      6.047   -999.900   -999.900   -999.900   1005.947      0.000    -45.000    -45.000      6.047   -999.900   -999.900   -999.900
    -35.000      1.723   -999.900   -999.900   -999.900   1001.623      0.000    -50.000    -50.000      1.723   -999.900   -999.900   -999.900
    -40.000     -3.155   -999.900   -999.900   -999.900    996.745      0.000    -55.000    -55.000     -3.155   -999.900   -999.900   -999.900
    -45.000     -8.108   -999.900   -999.900   -999.900    991.792      0.000    -60.000    -60.000     -8.108   -999.900   -999.900   -999.900
    -50.000    -13.090   -999.900   -999.900   -999.900    986.810      0.000    -65.000    -65.000    -13.091   -999.900   -999.900   -999.900
    -55.000    -18.123   -999.900   -999.900   -999.900    981.777      0.000    -70.000    -70.000    -18.126   -999.900   -999.900   -999.900
    -60.000    -23.095   -999.900   -999.900   -999.900    976.805      0.000    -75.000    -75.000    -23.107   -999.900   -999.900   -999.900
    -65.000    -28.116   -999.900   -999.900   -999.900    971.784      0.000    -80.000    -80.000    -28.153   -999.900   -999.900   -999.900
    -70.000    -33.085   -999.900   -999.900   -999.900    966.815      0.000    -85.000    -85.000    -33.203   -999.900   -999.900   -999.900
    -75.000    -37.918   -999.900   -999.900   -999.900    961.982      0.000    -90.000    -90.000    -38.287   -999.900   -999.900   -999.900
    -80.000    -42.192   -999.900   -999.900   -999.900    957.708      0.000    -95.000    -95.000    -43.257   -999.900   -999.900   -999.900
    -85.000    -45.532   -999.900   -999.900   -999.900    954.368      0.000   -100.000   -100.000    -48.282   -999.900   -999.900   -999.900
    -90.000    -47.479   -999.900   -999.900   -999.900    952.421      0.000   -105.000   -105.000    -53.242   -999.900   -999.900   -999.900
    -95.000    -48.351   -999.900   -999.900   -999.900    951.549      0.000   -110.000   -110.000    -58.273   -999.900   -999.900   -999.900
   -100.000    -48.667   -999.900   -999.900   -999.900    951.233      0.000   -115.000   -115.000    -63.331   -999.900   -999.900   -999.900
   -105.000    -48.812   -999.900   -999.900   -999.900    951.088      0.000   -120.000   -120.000    -77.249   -999.900   -999.900   -999.900
   -110.000    -48.824   -999.900   -999.900   -999.900    951.076      0.000   -125.000   -125.000    -77.249   -999.900   -999.900   -999.900
   -115.000    -48.823   -999.900   -999.900   -999.900    951.077      0.000   -130.000   -130.000    -77.249   -999.900   -999.900   -999.900
   -120.000    -48.813   -999.900   -999.900   -999.900    951.087      0.000   -135.000   -135.000    -77.249   -999.900   -999.900   -999.900
