      0.000      3.471      3.773   -999.900   -999.900     -0.302      0.000    -27.040    -27.130      3.471      3.773   -999.900   -999.900
     -5.000      3.478      3.778   -999.900   -999.900     -0.300      0.000    -32.040    -32.130      3.478      3.778   -999.900   -999.900
    -10.000      3.430      3.728   -999.900   -999.900     -0.298      0.000    -37.040    -37.130      3.430      3.728   -999.900   -999.900
    -15.000      3.140      3.453   -999.900   -999.900     -0.313      0.000    -42.040    -42.130      3.140      3.453   -999.900   -999.900
    -20.000      2.208      2.561   -999.900   -999.900     -0.353      0.000    -47.040    -47.130      2.208      2.561   -999.900   -999.900
    -25.000     -0.275      0.227   -999.900   -999.900     -0.502      0.000    -52.040    -52.130     -0.275      0.227   -999.900   -999.900
    -30.000     -4.426     -3.889   -999.900   -999.900     -0.537      0.000    -57.040    -57.130     -4.426     -3.889   -999.900   -999.900
    -35.000     -9.004     -8.450   -999.900   -999.900     -0.553      0.000    -62.040    -62.130     -9.004     -8.451   -999.900   -999.900
    -40.000    -13.814    -13.246   -999.900   -999.900     -0.568      0.000    -67.040    -67.130    -13.814    -13.246   -999.900   -999.900
    -45.000    -18.732    -18.152   -999.900   -999.900     -0.580      0.000    -72.040    -72.130    -18.732    -18.152   -999.900   -999.900
    -50.000    -23.684    -23.108   -999.900   -999.900     -0.576      0.000    -77.040    -77.130    -23.685    -23.109   -999.900   -999.900
    -55.000    -28.745    -28.177   -999.900   -999.900     -0.568      0.000    -82.040    -82.130    -28.749    -28.181   -999.900   -999.900
    -60.000    -33.823    -33.284   -999.900   -999.900     -0.539      0.000    -87.040    -87.130    -33.836    -33.298   -999.900   -999.900
    -65.000    -38.961    -38.514   -999.900   -999.900     -0.447      0.000    -92.040    -92.130    -39.002    -38.560   -999.900   -999.900
    -70.000    -44.003    -43.386   -999.900   -999.900     -0.617      0.000    -97.040    -97.130    -44.137    -43.531   -999.900   -999.900
    -75.000    -48.740    -48.189   -999.900   -999.900     -0.552      0.000   -102.040   -102.130    -49.152    -48.643   -999.900   -999.900
    -80.000    -52.965    -52.403   -999.900   -999.900     -0.562      0.000   -107.040   -107.130    -54.153    -53.722   -999.900   -999.900
    -85.000    -56.164    -55.467   -999.900   -999.900     -0.697      0.000   -112.040   -112.130    -59.174    -58.753   -999.900   -999.900
    -90.000    -57.983    -57.153   -999.900   -999.900     -0.830      0.000   -117.040   -117.130    -64.181    -63.776   -999.900   -999.900
    -95.000    -58.761    -57.855   -999.900   -999.900     -0.906      0.000   -122.040   -122.130    -69.183    -68.818   -999.900   -999.900
   -100.000    -59.036    -58.110   -999.900   -999.900     -0.926      0.000   -127.040   -127.130    -74.060    -74.209   -999.900   -999.900
   -105.000    -59.193    -58.210   -999.900   -999.900     -0.983      0.000   -132.040   -132.130    -74.060    -85.600   -999.900   -999.900
   -110.000    -59.163    -58.212   -999.900   -999.900     -0.951      0.000   -137.040   -137.130    -74.060    -86.491   -999.900   -999.900
   -115.000    -59.167    -58.230   -999.900   -999.900     -0.937      0.000   -142.040   -142.130    -74.060    -86.491   -999.900   -999.900
   -120.000    -59.175    -58.220   -999.900   -999.900     -0.955      0.000   -147.040   -147.130    -74.060    -86.491   -999.900   -999.900
