      0.000      3.480      3.792   -999.900   -999.900     -0.313      0.000    -27.040    -27.130      3.480      3.792   -999.900   -999.900
     -5.000      3.480      3.790   -999.900   -999.900     -0.310      0.000    -32.040    -32.130      3.480      3.790   -999.900   -999.900
    -10.000      3.407      3.717   -999.900   -999.900     -0.310      0.000    -37.040    -37.130      3.407      3.717   -999.900   -999.900
    -15.000      3.013      3.350   -999.900   -999.900     -0.337      0.000    -42.040    -42.130      3.013      3.350   -999.900   -999.900
    -20.000      1.881      2.303   -999.900   -999.900     -0.422      0.000    -47.040    -47.130      1.881      2.303   -999.900   -999.900
    -25.000     -1.152     -0.495   -999.900   -999.900     -0.657      0.000    -52.040    -52.130     -1.152     -0.495   -999.900   -999.900
    -30.000     -5.441     -4.738   -999.900   -999.900     -0.703      0.000    -57.040    -57.130     -5.441     -4.738   -999.900   -999.900
    -35.000    -10.098     -9.378   -999.900   -999.900     -0.721      0.000    -62.040    -62.130    -10.099     -9.378   -999.900   -999.900
    -40.000    -14.945    -14.203   -999.900   -999.900     -0.742      0.000    -67.040    -67.130    -14.945    -14.203   -999.900   -999.900
    -45.000    -19.879    -19.136   -999.900   -999.900     -0.743      0.000    -72.040    -72.130    -19.879    -19.136   -999.900   -999.900
    -50.000    -24.822    -24.069   -999.900   -999.900     -0.753      0.000    -77.040    -77.130    -24.824    -24.071   -999.900   -999.900
    -55.000    -29.914    -29.150   -999.900   -999.900     -0.765      0.000    -82.040    -82.130    -29.919    -29.155   -999.900   -999.900
    -60.000    -35.047    -34.264   -999.900   -999.900     -0.782      0.000    -87.040    -87.130    -35.063    -34.282   -999.900   -999.900
    -65.000    -40.199    -39.458   -999.900   -999.900     -0.742      0.000    -92.040    -92.130    -40.253    -39.516   -999.900   -999.900
    -70.000    -45.192    -44.376   -999.900   -999.900     -0.816      0.000    -97.040    -97.130    -45.364    -44.559   -999.900   -999.900
    -75.000    -49.823    -49.141   -999.900   -999.900     -0.682      0.000   -102.040   -102.130    -50.344    -49.713   -999.900   -999.900
    -80.000    -53.880    -53.158   -999.900   -999.900     -0.722      0.000   -107.040   -107.130    -55.351    -54.777   -999.900   -999.900
    -85.000    -56.776    -55.927   -999.900   -999.900     -0.849      0.000   -112.040   -112.130    -60.341    -59.787   -999.900   -999.900
    -90.000    -58.343    -57.365   -999.900   -999.900     -0.978      0.000   -117.040   -117.130    -65.404    -64.812   -999.900   -999.900
    -95.000    -58.984    -57.930   -999.900   -999.900     -1.054      0.000   -122.040   -122.130    -70.590    -69.726   -999.900   -999.900
   -100.000    -59.198    -58.128   -999.900   -999.900     -1.070      0.000   -127.040   -127.130    -75.739    -74.597   -999.900   -999.900
   -105.000    -59.309    -58.230   -999.900   -999.900     -1.079      0.000   -132.040   -132.130    -75.739    -74.597   -999.900   -999.900
   -110.000    -59.307    -58.216   -999.900   -999.900     -1.091      0.000   -137.040   -137.130    -75.739    -74.597   -999.900   -999.900
   -115.000    -59.247    -58.219   -999.900   -999.900     -1.028      0.000   -142.040   -142.130    -75.739    -74.597   -999.900   -999.900
   -120.000    -59.318    -58.243   -999.900   -999.900     -1.075      0.000   -147.040   -147.130    -75.739    -74.597   -999.900   -999.900
