      0.000      3.428      3.684   -999.900   -999.900     -0.256      0.000    -27.040    -27.130      3.428      3.684   -999.900   -999.900
     -5.000      3.435      3.678   -999.900   -999.900     -0.243      0.000    -32.040    -32.130      3.435      3.678   -999.900   -999.900
    -10.000      3.376      3.583   -999.900   -999.900     -0.207      0.000    -37.040    -37.130      3.376      3.583   -999.900   -999.900
    -15.000      3.021      3.131   -999.900   -999.900     -0.110      0.000    -42.040    -42.130      3.021      3.131   -999.900   -999.900
    -20.000      1.979      1.954   -999.900   -999.900      0.025      0.000    -47.040    -47.130      1.979      1.954   -999.900   -999.900
    -25.000     -0.687     -1.093   -999.900   -999.900      0.406      0.000    -52.040    -52.130     -0.687     -1.093   -999.900   -999.900
    -30.000     -4.908     -5.401   -999.900   -999.900      0.493      0.000    -57.040    -57.130     -4.908     -5.401   -999.900   -999.900
    -35.000     -9.517    -10.051   -999.900   -999.900      0.534      0.000    -62.040    -62.130     -9.517    -10.051   -999.900   -999.900
    -40.000    -14.339    -14.892   -999.900   -999.900      0.553      0.000    -67.040    -67.130    -14.340    -14.893   -999.900   -999.900
    -45.000    -19.242    -19.822   -999.900   -999.900      0.580      0.000    -72.040    -72.130    -19.243    -19.822   -999.900   -999.900
    -50.000    -24.170    -24.771   -999.900   -999.900      0.601      0.000    -77.040    -77.130    -24.171    -24.772   -999.900   -999.900
    -55.000    -29.184    -29.842   -999.900   -999.900      0.658      0.000    -82.040    -82.130    -29.188    -29.846   -999.900   -999.900
    -60.000    -34.203    -35.051   -999.900   -999.900      0.849      0.000    -87.040    -87.130    -34.216    -35.068   -999.900   -999.900
    -65.000    -39.194    -40.194   -999.900   -999.900      1.000      0.000    -92.040    -92.130    -39.237    -40.247   -999.900   -999.900
    -70.000    -44.372    -45.127   -999.900   -999.900      0.755      0.000    -97.040    -97.130    -44.514    -45.294   -999.900   -999.900
    -75.000    -49.194    -49.846   -999.900   -999.900      0.652      0.000   -102.040   -102.130    -49.640    -50.361   -999.900   -999.900
    -80.000    -53.383    -53.915   -999.900   -999.900      0.532      0.000   -107.040   -107.130    -54.667    -55.376   -999.900   -999.900
    -85.000    -56.494    -56.818   -999.900   -999.900      0.324      0.000   -112.040   -112.130    -59.716    -60.357   -999.900   -999.900
    -90.000    -58.218    -58.385   -999.900   -999.900      0.167      0.000   -117.040   -117.130    -64.773    -65.365   -999.900   -999.900
    -95.000    -58.952    -59.013   -999.900   -999.900      0.061      0.000   -122.040   -122.130    -70.044    -70.196   -999.900   -999.900
   -100.000    -59.190    -59.257   -999.900   -999.900      0.067      0.000   -127.040   -127.130    -75.069    -75.689   -999.900   -999.900
   -105.000    -59.260    -59.354   -999.900   -999.900      0.094      0.000   -132.040   -132.130    -79.305    -91.068   -999.900   -999.900
   -110.000    -59.299    -59.361   -999.900   -999.900      0.062      0.000   -137.040   -137.130    -89.617    -91.068   -999.900   -999.900
   -115.000    -59.330    -59.354   -999.900   -999.900      0.025      0.000   -142.040   -142.130    -89.617    -91.068   -999.900   -999.900
   -120.000    -59.324    -59.357   -999.900   -999.900      0.033      0.000   -147.040   -147.130    -89.617    -91.068   -999.900   -999.900
