      0.000      6.202      3.172   -999.900   -999.900      3.029      0.000    -29.400    -30.400      6.202      3.172   -999.900   -999.900
     -5.000      6.083      3.276   -999.900   -999.900      2.807      0.000    -34.400    -35.400      6.083      3.276   -999.900   -999.900
    -10.000      5.535      3.251   -999.900   -999.900      2.284      0.000    -39.400    -40.400      5.535      3.251   -999.900   -999.900
    -15.000      3.952      2.904   -999.900   -999.900      1.048      0.000    -44.400    -45.400      3.952      2.904   -999.900   -999.900
    -20.000      0.024      1.691   -999.900   -999.900     -1.667      0.000    -49.400    -50.400      0.024      1.691   -999.900   -999.900
    -25.000     -4.787     -1.222   -999.900   -999.900     -3.565      0.000    -54.400    -55.400     -4.787     -1.222   -999.900   -999.900
    -30.000     -9.722     -5.973   -999.900   -999.900     -3.749      0.000    -59.400    -60.400     -9.722     -5.973   -999.900   -999.900
    -35.000    -14.768    -10.947   -999.900   -999.900     -3.821      0.000    -64.400    -65.400    -14.768    -10.947   -999.900   -999.900
    -40.000    -19.815    -15.964   -999.900   -999.900     -3.852      0.000    -69.400    -70.400    -19.816    -15.964   -999.900   -999.900
    -45.000    -24.870    -21.029   -999.900   -999.900     -3.841      0.000    -74.400    -75.400    -24.871    -21.030   -999.900   -999.900
    -50.000    -29.907    -26.080   -999.900   -999.900     -3.826      0.000    -79.400    -80.400    -29.910    -26.083   -999.900   -999.900
    -55.000    -34.992    -31.227   -999.900   -999.900     -3.765      0.000    -84.400    -85.400    -35.003    -31.236   -999.900   -999.900
    -60.000    -39.953    -36.313   -999.900   -999.900     -3.640      0.000    -89.400    -90.400    -39.986    -36.342   -999.900   -999.900
    -65.000    -44.940    -41.447   -999.900   -999.900     -3.493      0.000    -94.400    -95.400    -45.044    -41.541   -999.900   -999.900
    -70.000    -49.716    -46.388   -999.900   -999.900     -3.329      0.000    -99.400   -100.400    -50.038    -46.687   -999.900   -999.900
    -75.000    -54.107    -50.900   -999.900   -999.900     -3.206      0.000   -104.400   -105.400    -55.057    -51.805   -999.900   -999.900
    -80.000    -57.550    -54.411   -999.900   -999.900     -3.139      0.000   -109.400   -110.400    -60.024    -56.792   -999.900   -999.900
    -85.000    -59.660    -56.594   -999.900   -999.900     -3.066      0.000   -114.400   -115.400    -64.975    -61.792   -999.900   -999.900
    -90.000    -60.610    -57.604   -999.900   -999.900     -3.005      0.000   -119.400   -120.400    -69.760    -66.834   -999.900   -999.900
    -95.000    -60.986    -57.954   -999.900   -999.900     -3.032      0.000   -124.400   -125.400    -74.754    -71.368   -999.900   -999.900
   -100.000    -61.106    -58.087   -999.900   -999.900     -3.020      0.000   -129.400   -130.400    -79.297    -76.048   -999.900   -999.900
   -105.000    -61.163    -58.157   -999.900   -999.900     -3.006      0.000   -134.400   -135.400    -87.538    -76.048   -999.900   -999.900
   -110.000    -61.177    -58.154   -999.900   -999.900     -3.023      0.000   -139.400   -140.400    -87.538    -76.048   -999.900   -999.900
   -115.000    -61.176    -58.155   -999.900   -999.900     -3.021      0.000   -144.400   -145.400    -87.538    -76.048   -999.900   -999.900
   -120.000    -61.175    -58.160   -999.900   -999.900     -3.015      0.000   -149.400   -150.400    -87.538    -76.048   -999.900   -999.900
