      0.000      6.341      3.147   -999.900   -999.900      3.194      0.000    -29.400    -30.400      6.341      3.147   -999.900   -999.900
     -5.000      6.121      3.089   -999.900   -999.900      3.032      0.000    -34.400    -35.400      6.121      3.089   -999.900   -999.900
    -10.000      5.201      2.700   -999.900   -999.900      2.501      0.000    -39.400    -40.400      5.201      2.700   -999.900   -999.900
    -15.000      2.827      1.360   -999.900   -999.900      1.467      0.000    -44.400    -45.400      2.827      1.360   -999.900   -999.900
    -20.000     -1.861     -2.100   -999.900   -999.900      0.239      0.000    -49.400    -50.400     -1.861     -2.100   -999.900   -999.900
    -25.000     -6.781     -6.915   -999.900   -999.900      0.134      0.000    -54.400    -55.400     -6.781     -6.915   -999.900   -999.900
    -30.000    -11.724    -11.822   -999.900   -999.900      0.098      0.000    -59.400    -60.400    -11.724    -11.822   -999.900   -999.900
    -35.000    -16.756    -16.835   -999.900   -999.900      0.079      0.000    -64.400    -65.400    -16.756    -16.836   -999.900   -999.900
    -40.000    -21.800    -21.859   -999.900   -999.900      0.059      0.000    -69.400    -70.400    -21.801    -21.860   -999.900   -999.900
    -45.000    -26.838    -26.881   -999.900   -999.900      0.042      0.000    -74.400    -75.400    -26.841    -26.883   -999.900   -999.900
    -50.000    -31.887    -31.889   -999.900   -999.900      0.001      0.000    -79.400    -80.400    -31.896    -31.897   -999.900   -999.900
    -55.000    -36.813    -36.953   -999.900   -999.900      0.139      0.000    -84.400    -85.400    -36.841    -36.980   -999.900   -999.900
    -60.000    -41.629    -42.051   -999.900   -999.900      0.423      0.000    -89.400    -90.400    -41.714    -42.140   -999.900   -999.900
    -65.000    -46.476    -47.071   -999.900   -999.900      0.594      0.000    -94.400    -95.400    -46.741    -47.361   -999.900   -999.900
    -70.000    -50.977    -51.494   -999.900   -999.900      0.516      0.000    -99.400   -100.400    -51.770    -52.351   -999.900   -999.900
    -75.000    -54.659    -55.087   -999.900   -999.900      0.428      0.000   -104.400   -105.400    -56.801    -57.376   -999.900   -999.900
    -80.000    -57.013    -57.346   -999.900   -999.900      0.333      0.000   -109.400   -110.400    -61.824    -62.423   -999.900   -999.900
    -85.000    -58.130    -58.377   -999.900   -999.900      0.247      0.000   -114.400   -115.400    -66.862    -67.373   -999.900   -999.900
    -90.000    -58.554    -58.778   -999.900   -999.900      0.224      0.000   -119.400   -120.400    -72.011    -72.590   -999.900   -999.900
    -95.000    -58.679    -58.918   -999.900   -999.900      0.239      0.000   -124.400   -125.400    -76.328    -78.895   -999.900   -999.900
   -100.000    -58.745    -58.948   -999.900   -999.900      0.203      0.000   -129.400   -130.400    -85.096    -83.673   -999.900   -999.900
   -105.000    -58.747    -58.961   -999.900   -999.900      0.214      0.000   -134.400   -135.400    -86.601    -97.016   -999.900   -999.900
   -110.000    -58.757    -58.968   -999.900   -999.900      0.211      0.000   -139.400   -140.400    -86.601    -97.016   -999.900   -999.900
   -115.000    -58.756    -58.955   -999.900   -999.900      0.199      0.000   -144.400   -145.400    -86.601    -97.016   -999.900   -999.900
   -120.000    -58.758    -58.964   -999.900   -999.900      0.207      0.000   -149.400   -150.400    -86.601    -97.016   -999.900   -999.900
