      0.000      6.220      3.145   -999.900   -999.900      3.074      0.000    -29.400    -30.400      6.220      3.145   -999.900   -999.900
     -5.000      5.957      3.063   -999.900   -999.900      2.895      0.000    -34.400    -35.400      5.957      3.063   -999.900   -999.900
    -10.000      4.915      2.596   -999.900   -999.900      2.318      0.000    -39.400    -40.400      4.915      2.596   -999.900   -999.900
    -15.000      2.239      1.120   -999.900   -999.900      1.119      0.000    -44.400    -45.400      2.239      1.120   -999.900   -999.900
    -20.000     -2.534     -2.666   -999.900   -999.900      0.132      0.000    -49.400    -50.400     -2.534     -2.666   -999.900   -999.900
    -25.000     -7.466     -7.508   -999.900   -999.900      0.042      0.000    -54.400    -55.400     -7.466     -7.508   -999.900   -999.900
    -30.000    -12.442    -12.454   -999.900   -999.900      0.012      0.000    -59.400    -60.400    -12.442    -12.454   -999.900   -999.900
    -35.000    -17.449    -17.450   -999.900   -999.900      0.002      0.000    -64.400    -65.400    -17.449    -17.451   -999.900   -999.900
    -40.000    -22.460    -22.473   -999.900   -999.900      0.013      0.000    -69.400    -70.400    -22.461    -22.474   -999.900   -999.900
    -45.000    -27.475    -27.509   -999.900   -999.900      0.034      0.000    -74.400    -75.400    -27.478    -27.512   -999.900   -999.900
    -50.000    -32.476    -32.545   -999.900   -999.900      0.069      0.000    -79.400    -80.400    -32.486    -32.556   -999.900   -999.900
    -55.000    -37.500    -37.621   -999.900   -999.900      0.121      0.000    -84.400    -85.400    -37.532    -37.655   -999.900   -999.900
    -60.000    -42.444    -42.643   -999.900   -999.900      0.199      0.000    -89.400    -90.400    -42.544    -42.752   -999.900   -999.900
    -65.000    -47.158    -47.261   -999.900   -999.900      0.103      0.000    -94.400    -95.400    -47.461    -47.583   -999.900   -999.900
    -70.000    -51.558    -51.553   -999.900   -999.900     -0.005      0.000    -99.400   -100.400    -52.449    -52.479   -999.900   -999.900
    -75.000    -55.106    -55.018   -999.900   -999.900     -0.087      0.000   -104.400   -105.400    -57.470    -57.434   -999.900   -999.900
    -80.000    -57.295    -57.179   -999.900   -999.900     -0.116      0.000   -109.400   -110.400    -62.454    -62.433   -999.900   -999.900
    -85.000    -58.307    -58.170   -999.900   -999.900     -0.137      0.000   -114.400   -115.400    -67.423    -67.433   -999.900   -999.900
    -90.000    -58.681    -58.534   -999.900   -999.900     -0.147      0.000   -119.400   -120.400    -72.277    -72.371   -999.900   -999.900
    -95.000    -58.820    -58.654   -999.900   -999.900     -0.165      0.000   -124.400   -125.400    -77.794    -77.050   -999.900   -999.900
   -100.000    -58.855    -58.696   -999.900   -999.900     -0.159      0.000   -129.400   -130.400    -82.215    -81.680   -999.900   -999.900
   -105.000    -58.879    -58.713   -999.900   -999.900     -0.166      0.000   -134.400   -135.400    -82.215    -88.378   -999.900   -999.900
   -110.000    -58.879    -58.717   -999.900   -999.900     -0.162      0.000   -139.400   -140.400    -82.215   -100.060   -999.900   -999.900
   -115.000    -58.876    -58.715   -999.900   -999.900     -0.160      0.000   -144.400   -145.400    -82.215    -91.369   -999.900   -999.900
   -120.000    -58.866    -58.725   -999.900   -999.900     -0.141      0.000   -149.400   -150.400    -82.215    -91.369   -999.900   -999.900
