      0.000      6.189      3.158   -999.900   -999.900      3.030      0.000    -29.400    -30.400      6.189      3.158   -999.900   -999.900
     -5.000      6.069      3.263   -999.900   -999.900      2.806      0.000    -34.400    -35.400      6.069      3.263   -999.900   -999.900
    -10.000      5.520      3.238   -999.900   -999.900      2.282      0.000    -39.400    -40.400      5.520      3.238   -999.900   -999.900
    -15.000      3.927      2.890   -999.900   -999.900      1.036      0.000    -44.400    -45.400      3.927      2.890   -999.900   -999.900
    -20.000     -0.016      1.676   -999.900   -999.900     -1.692      0.000    -49.400    -50.400     -0.016      1.676   -999.900   -999.900
    -25.000     -4.830     -1.246   -999.900   -999.900     -3.584      0.000    -54.400    -55.400     -4.830     -1.246   -999.900   -999.900
    -30.000     -9.741     -5.979   -999.900   -999.900     -3.763      0.000    -59.400    -60.400     -9.741     -5.979   -999.900   -999.900
    -35.000    -14.807    -10.971   -999.900   -999.900     -3.836      0.000    -64.400    -65.400    -14.807    -10.971   -999.900   -999.900
    -40.000    -19.854    -15.990   -999.900   -999.900     -3.864      0.000    -69.400    -70.400    -19.855    -15.991   -999.900   -999.900
    -45.000    -24.910    -21.055   -999.900   -999.900     -3.854      0.000    -74.400    -75.400    -24.911    -21.056   -999.900   -999.900
    -50.000    -29.954    -26.111   -999.900   -999.900     -3.842      0.000    -79.400    -80.400    -29.957    -26.114   -999.900   -999.900
    -55.000    -35.041    -31.262   -999.900   -999.900     -3.779      0.000    -84.400    -85.400    -35.051    -31.271   -999.900   -999.900
    -60.000    -40.001    -36.348   -999.900   -999.900     -3.653      0.000    -89.400    -90.400    -40.034    -36.376   -999.900   -999.900
    -65.000    -45.025    -41.509   -999.900   -999.900     -3.515      0.000    -94.400    -95.400    -45.131    -41.604   -999.900   -999.900
    -70.000    -49.806    -46.462   -999.900   -999.900     -3.344      0.000    -99.400   -100.400    -50.134    -46.765   -999.900   -999.900
    -75.000    -54.181    -50.961   -999.900   -999.900     -3.220      0.000   -104.400   -105.400    -55.145    -51.876   -999.900   -999.900
    -80.000    -57.612    -54.479   -999.900   -999.900     -3.133      0.000   -109.400   -110.400    -60.117    -56.894   -999.900   -999.900
    -85.000    -59.714    -56.645   -999.900   -999.900     -3.069      0.000   -114.400   -115.400    -65.109    -61.910   -999.900   -999.900
    -90.000    -60.673    -57.646   -999.900   -999.900     -3.027      0.000   -119.400   -120.400    -70.139    -67.021   -999.900   -999.900
    -95.000    -61.019    -58.015   -999.900   -999.900     -3.004      0.000   -124.400   -125.400    -75.062    -72.347   -999.900   -999.900
   -100.000    -61.128    -58.136   -999.900   -999.900     -2.993      0.000   -129.400   -130.400    -79.384    -78.223   -999.900   -999.900
   -105.000    -61.199    -58.183   -999.900   -999.900     -3.016      0.000   -134.400   -135.400    -79.384    -78.223   -999.900   -999.900
   -110.000    -61.203    -58.185   -999.900   -999.900     -3.018      0.000   -139.400   -140.400    -79.384    -78.223   -999.900   -999.900
   -115.000    -61.192    -58.166   -999.900   -999.900     -3.026      0.000   -144.400   -145.400    -79.384    -78.223   -999.900   -999.900
   -120.000    -61.181    -58.180   -999.900   -999.900     -3.000      0.000   -149.400   -150.400    -79.384    -78.223   -999.900   -999.900
