      0.000      6.137      3.209   -999.900   -999.900      2.928      0.000    -26.900    -26.210      6.137      3.209   -999.900   -999.900
     -5.000      6.002      3.298   -999.900   -999.900      2.704      0.000    -31.900    -31.210      6.002      3.298   -999.900   -999.900
    -10.000      5.358      3.257   -999.900   -999.900      2.101      0.000    -36.900    -36.210      5.358      3.257   -999.900   -999.900
    -15.000      3.582      2.936   -999.900   -999.900      0.646      0.000    -41.900    -41.210      3.582      2.936   -999.900   -999.900
    -20.000     -0.646      1.807   -999.900   -999.900     -2.453      0.000    -46.900    -46.210     -0.646      1.807   -999.900   -999.900
    -25.000     -5.464     -0.935   -999.900   -999.900     -4.529      0.000    -51.900    -51.210     -5.464     -0.935   -999.900   -999.900
    -30.000    -10.432     -5.683   -999.900   -999.900     -4.749      0.000    -56.900    -56.210    -10.432     -5.683   -999.900   -999.900
    -35.000    -15.457    -10.626   -999.900   -999.900     -4.831      0.000    -61.900    -61.210    -15.457    -10.626   -999.900   -999.900
    -40.000    -20.517    -15.640   -999.900   -999.900     -4.877      0.000    -66.900    -66.210    -20.517    -15.640   -999.900   -999.900
    -45.000    -25.588    -20.700   -999.900   -999.900     -4.889      0.000    -71.900    -71.210    -25.590    -20.701   -999.900   -999.900
    -50.000    -30.649    -25.746   -999.900   -999.900     -4.902      0.000    -76.900    -76.210    -30.653    -25.750   -999.900   -999.900
    -55.000    -35.755    -30.884   -999.900   -999.900     -4.871      0.000    -81.900    -81.210    -35.771    -30.896   -999.900   -999.900
    -60.000    -40.773    -35.989   -999.900   -999.900     -4.784      0.000    -86.900    -86.210    -40.822    -36.027   -999.900   -999.900
    -65.000    -45.736    -41.110   -999.900   -999.900     -4.626      0.000    -91.900    -91.210    -45.892    -41.235   -999.900   -999.900
    -70.000    -50.399    -45.985   -999.900   -999.900     -4.414      0.000    -96.900    -96.210    -50.871    -46.380   -999.900   -999.900
    -75.000    -54.530    -50.313   -999.900   -999.900     -4.217      0.000   -101.900   -101.210    -55.877    -51.478   -999.900   -999.900
    -80.000    -57.523    -53.533   -999.900   -999.900     -3.990      0.000   -106.900   -106.210    -60.811    -56.493   -999.900   -999.900
    -85.000    -59.195    -55.387   -999.900   -999.900     -3.808      0.000   -111.900   -111.210    -65.776    -61.533   -999.900   -999.900
    -90.000    -59.904    -56.182   -999.900   -999.900     -3.722      0.000   -116.900   -116.210    -70.809    -66.607   -999.900   -999.900
    -95.000    -60.154    -56.457   -999.900   -999.900     -3.697      0.000   -121.900   -121.210    -75.857    -71.515   -999.900   -999.900
   -100.000    -60.234    -56.552   -999.900   -999.900     -3.682      0.000   -126.900   -126.210    -80.817    -76.638   -999.900   -999.900
   -105.000    -60.273    -56.596   -999.900   -999.900     -3.677      0.000   -131.900   -131.210    -80.817    -76.638   -999.900   -999.900
   -110.000    -60.280    -56.600   -999.900   -999.900     -3.680      0.000   -136.900   -136.210    -80.817    -76.638   -999.900   -999.900
   -115.000    -60.265    -56.590   -999.900   -999.900     -3.676      0.000   -141.900   -141.210    -80.817    -76.638   -999.900   -999.900
   -120.000    -60.271    -56.595   -999.900   -999.900     -3.676      0.000   -146.900   -146.210    -80.817    -76.638   -999.900   -999.900
