      0.000      5.724      6.393   -999.900   -999.900     -0.669      0.000    -29.460    -30.460      5.724      6.393   -999.900   -999.900
     -5.000      5.604      6.022   -999.900   -999.900     -0.418      0.000    -34.460    -35.460      5.604      6.022   -999.900   -999.900
    -10.000      5.006      5.026   -999.900   -999.900     -0.019      0.000    -39.460    -40.460      5.006      5.026   -999.900   -999.900
    -15.000      3.274      2.972   -999.900   -999.900      0.302      0.000    -44.460    -45.460      3.274      2.972   -999.900   -999.900
    -20.000     -0.997     -1.536   -999.900   -999.900      0.539      0.000    -49.460    -50.460     -0.997     -1.536   -999.900   -999.900
    -25.000     -5.892     -6.484   -999.900   -999.900      0.592      0.000    -54.460    -55.460     -5.892     -6.484   -999.900   -999.900
    -30.000    -10.826    -11.447   -999.900   -999.900      0.621      0.000    -59.460    -60.460    -10.826    -11.447   -999.900   -999.900
    -35.000    -15.822    -16.500   -999.900   -999.900      0.679      0.000    -64.460    -65.460    -15.822    -16.500   -999.900   -999.900
    -40.000    -20.833    -21.605   -999.900   -999.900      0.772      0.000    -69.460    -70.460    -20.833    -21.605   -999.900   -999.900
    -45.000    -25.879    -26.794   -999.900   -999.900      0.915      0.000    -74.460    -75.460    -25.880    -26.795   -999.900   -999.900
    -50.000    -30.943    -31.938   -999.900   -999.900      0.995      0.000    -79.460    -80.460    -30.945    -31.941   -999.900   -999.900
    -55.000    -35.982    -37.184   -999.900   -999.900      1.202      0.000    -84.460    -85.460    -35.991    -37.195   -999.900   -999.900
    -60.000    -41.305    -42.404   -999.900   -999.900      1.099      0.000    -89.460    -90.460    -41.334    -42.442   -999.900   -999.900
    -65.000    -46.068    -47.349   -999.900   -999.900      1.281      0.000    -94.460    -95.460    -46.155    -47.466   -999.900   -999.900
    -70.000    -50.977    -51.964   -999.900   -999.900      0.987      0.000    -99.460   -100.460    -51.254    -52.311   -999.900   -999.900
    -75.000    -55.696    -56.456   -999.900   -999.900      0.760      0.000   -104.460   -105.460    -56.573    -57.515   -999.900   -999.900
    -80.000    -59.159    -59.603   -999.900   -999.900      0.443      0.000   -109.460   -110.460    -61.421    -62.172   -999.900   -999.900
    -85.000    -61.529    -61.872   -999.900   -999.900      0.343      0.000   -114.460   -115.460    -66.766    -67.947   -999.900   -999.900
    -90.000    -62.457    -62.643   -999.900   -999.900      0.186      0.000   -119.460   -120.460    -71.232    -72.615   -999.900   -999.900
    -95.000    -62.882    -63.168   -999.900   -999.900      0.286      0.000   -124.460   -125.460    -76.501    -72.615   -999.900   -999.900
   -100.000    -62.987    -63.355   -999.900   -999.900      0.368      0.000   -129.460   -130.460    -79.960    -72.615   -999.900   -999.900
   -105.000    -63.082    -63.314   -999.900   -999.900      0.231      0.000   -134.460   -135.460    -79.960    -72.615   -999.900   -999.900
   -110.000    -63.075    -63.030   -999.900   -999.900     -0.045      0.000   -139.460   -140.460    -79.960    -72.615   -999.900   -999.900
   -115.000    -63.072    -63.049   -999.900   -999.900     -0.023      0.000   -144.460   -145.460    -79.960    -72.615   -999.900   -999.900
   -120.000    -63.071    -63.028   -999.900   -999.900     -0.042      0.000   -149.460   -150.460    -79.960    -72.615   -999.900   -999.900
