      0.000      8.373   -999.900   -999.900   -999.900   1008.273      0.000    -16.350    -16.350      8.373   -999.900   -999.900   -999.900
     -5.000      8.372   -999.900   -999.900   -999.900   1008.272      0.000    -21.350    -21.350      8.372   -999.900   -999.900   -999.900
    -10.000      8.370   -999.900   -999.900   -999.900   1008.270      0.000    -26.350    -26.350      8.370   -999.900   -999.900   -999.900
    -15.000      8.362   -999.900   -999.900   -999.900   1008.262      0.000    -31.350    -31.350      8.362   -999.900   -999.900   -999.900
    -20.000      8.265   -999.900   -999.900   -999.900   1008.165      0.000    -36.350    -36.350      8.265   -999.900   -999.900   -999.900
    -25.000      7.686   -999.900   -999.900   -999.900   1007.586      0.000    -41.350    -41.350      7.686   -999.900   -999.900   -999.900
    -30.000      4.826   -999.900   -999.900   -999.900   1004.726      0.000    -46.350    -46.350      4.826   -999.900   -999.900   -999.900
    -35.000      0.106   -999.900   -999.900   -999.900   1000.006      0.000    -51.350    -51.350      0.106   -999.900   -999.900   -999.900
    -40.000     -4.823   -999.900   -999.900   -999.900    995.077      0.000    -56.350    -56.350     -4.823   -999.900   -999.900   -999.900
    -45.000     -9.807   -999.900   -999.900   -999.900    990.093      0.000    -61.350    -61.350     -9.807   -999.900   -999.900   -999.900
    -50.000    -14.796   -999.900   -999.900   -999.900    985.104      0.000    -66.350    -66.350    -14.797   -999.900   -999.900   -999.900
    -55.000    -19.856   -999.900   -999.900   -999.900    980.044      0.000    -71.350    -71.350    -19.860   -999.900   -999.900   -999.900
    -60.000    -24.848   -999.900   -999.900   -999.900    975.052      0.000    -76.350    -76.350    -24.860   -999.900   -999.900   -999.900
    -65.000    -29.938   -999.900   -999.900   -999.900    969.962      0.000    -81.350    -81.350    -29.974   -999.900   -999.900   -999.900
    -70.000    -34.943   -999.900   -999.900   -999.900    964.957      0.000    -86.350    -86.350    -35.060   -999.900   -999.900   -999.900
    -75.000    -39.724   -999.900   -999.900   -999.900    960.176      0.000    -91.350    -91.350    -40.086   -999.900   -999.900   -999.900
    -80.000    -43.995   -999.900   -999.900   -999.900    955.905      0.000    -96.350    -96.350    -45.039   -999.900   -999.900   -999.900
    -85.000    -47.328   -999.900   -999.900   -999.900    952.572      0.000   -101.350   -101.350    -50.008   -999.900   -999.900   -999.900
    -90.000    -49.333   -999.900   -999.900   -999.900    950.567      0.000   -106.350   -106.350    -55.029   -999.900   -999.900   -999.900
    -95.000    -50.221   -999.900   -999.900   -999.900    949.679      0.000   -111.350   -111.350    -60.060   -999.900   -999.900   -999.900
   -100.000    -50.544   -999.900   -999.900   -999.900    949.356      0.000   -116.350   -116.350    -65.163   -999.900   -999.900   -999.900
   -105.000    -50.702   -999.900   -999.900   -999.900    949.198      0.000   -121.350   -121.350    -65.163   -999.900   -999.900   -999.900
   -110.000    -50.699   -999.900   -999.900   -999.900    949.201      0.000   -126.350   -126.350    -65.163   -999.900   -999.900   -999.900
   -115.000    -50.692   -999.900   -999.900   -999.900    949.208      0.000   -131.350   -131.350    -65.163   -999.900   -999.900   -999.900
   -120.000    -50.693   -999.900   -999.900   -999.900    949.207      0.000   -136.350   -136.350    -65.163   -999.900   -999.900   -999.900
