      0.000      5.726      6.360   -999.900   -999.900     -0.633      0.000    -29.460    -30.460      5.726      6.360   -999.900   -999.900
     -5.000      5.567      5.934   -999.900   -999.900     -0.367      0.000    -34.460    -35.460      5.567      5.934   -999.900   -999.900
    -10.000      4.842      4.866   -999.900   -999.900     -0.024      0.000    -39.460    -40.460      4.842      4.866   -999.900   -999.900
    -15.000      2.834      2.696   -999.900   -999.900      0.138      0.000    -44.460    -45.460      2.834      2.696   -999.900   -999.900
    -20.000     -1.679     -1.937   -999.900   -999.900      0.258      0.000    -49.460    -50.460     -1.679     -1.937   -999.900   -999.900
    -25.000     -6.583     -6.880   -999.900   -999.900      0.298      0.000    -54.460    -55.460     -6.583     -6.880   -999.900   -999.900
    -30.000    -11.545    -11.855   -999.900   -999.900      0.309      0.000    -59.460    -60.460    -11.546    -11.855   -999.900   -999.900
    -35.000    -16.531    -16.841   -999.900   -999.900      0.311      0.000    -64.460    -65.460    -16.531    -16.842   -999.900   -999.900
    -40.000    -21.535    -21.843   -999.900   -999.900      0.308      0.000    -69.460    -70.460    -21.537    -21.846   -999.900   -999.900
    -45.000    -26.557    -26.858   -999.900   -999.900      0.301      0.000    -74.460    -75.460    -26.564    -26.866   -999.900   -999.900
    -50.000    -31.594    -31.862   -999.900   -999.900      0.267      0.000    -79.460    -80.460    -31.616    -31.889   -999.900   -999.900
    -55.000    -36.654    -36.763   -999.900   -999.900      0.109      0.000    -84.460    -85.460    -36.724    -36.847   -999.900   -999.900
    -60.000    -41.298    -41.531   -999.900   -999.900      0.233      0.000    -89.460    -90.460    -41.505    -41.789   -999.900   -999.900
    -65.000    -45.894    -45.978   -999.900   -999.900      0.084      0.000    -94.460    -95.460    -46.521    -46.737   -999.900   -999.900
    -70.000    -49.772    -49.693   -999.900   -999.900     -0.079      0.000    -99.460   -100.460    -51.499    -51.752   -999.900   -999.900
    -75.000    -52.456    -52.101   -999.900   -999.900     -0.355      0.000   -104.460   -105.460    -56.533    -56.752   -999.900   -999.900
    -80.000    -53.806    -53.253   -999.900   -999.900     -0.553      0.000   -109.460   -110.460    -61.522    -61.698   -999.900   -999.900
    -85.000    -54.341    -53.697   -999.900   -999.900     -0.644      0.000   -114.460   -115.460    -66.545    -66.636   -999.900   -999.900
    -90.000    -54.522    -53.854   -999.900   -999.900     -0.668      0.000   -119.460   -120.460    -71.432    -71.850   -999.900   -999.900
    -95.000    -54.571    -53.923   -999.900   -999.900     -0.649      0.000   -124.460   -125.460    -74.977    -91.180   -999.900   -999.900
   -100.000    -54.601    -53.907   -999.900   -999.900     -0.694      0.000   -129.460   -130.460    -81.221    -78.197   -999.900   -999.900
   -105.000    -54.619    -53.918   -999.900   -999.900     -0.701      0.000   -134.460   -135.460    -81.221    -82.641   -999.900   -999.900
   -110.000    -54.606    -53.932   -999.900   -999.900     -0.674      0.000   -139.460   -140.460    -81.221    -82.641   -999.900   -999.900
   -115.000    -54.612    -53.926   -999.900   -999.900     -0.686      0.000   -144.460   -145.460    -81.221    -82.641   -999.900   -999.900
   -120.000    -54.606    -53.918   -999.900   -999.900     -0.689      0.000   -149.460   -150.460    -81.221    -82.641   -999.900   -999.900
