      0.000      3.464      3.767   -999.900   -999.900     -0.303      0.000    -27.040    -27.130      3.464      3.767   -999.900   -999.900
     -5.000      3.471      3.772   -999.900   -999.900     -0.301      0.000    -32.040    -32.130      3.471      3.772   -999.900   -999.900
    -10.000      3.422      3.720   -999.900   -999.900     -0.298      0.000    -37.040    -37.130      3.422      3.720   -999.900   -999.900
    -15.000      3.121      3.436   -999.900   -999.900     -0.315      0.000    -42.040    -42.130      3.121      3.436   -999.900   -999.900
    -20.000      2.170      2.530   -999.900   -999.900     -0.360      0.000    -47.040    -47.130      2.170      2.530   -999.900   -999.900
    -25.000     -0.365      0.154   -999.900   -999.900     -0.519      0.000    -52.040    -52.130     -0.365      0.154   -999.900   -999.900
    -30.000     -4.504     -3.947   -999.900   -999.900     -0.556      0.000    -57.040    -57.130     -4.504     -3.947   -999.900   -999.900
    -35.000     -9.114     -8.541   -999.900   -999.900     -0.573      0.000    -62.040    -62.130     -9.114     -8.541   -999.900   -999.900
    -40.000    -13.927    -13.336   -999.900   -999.900     -0.590      0.000    -67.040    -67.130    -13.927    -13.337   -999.900   -999.900
    -45.000    -18.841    -18.240   -999.900   -999.900     -0.601      0.000    -72.040    -72.130    -18.842    -18.242   -999.900   -999.900
    -50.000    -23.793    -23.192   -999.900   -999.900     -0.601      0.000    -77.040    -77.130    -23.797    -23.196   -999.900   -999.900
    -55.000    -28.849    -28.252   -999.900   -999.900     -0.596      0.000    -82.040    -82.130    -28.861    -28.266   -999.900   -999.900
    -60.000    -33.891    -33.313   -999.900   -999.900     -0.578      0.000    -87.040    -87.130    -33.931    -33.357   -999.900   -999.900
    -65.000    -38.997    -38.505   -999.900   -999.900     -0.492      0.000    -92.040    -92.130    -39.128    -38.652   -999.900   -999.900
    -70.000    -43.840    -43.175   -999.900   -999.900     -0.665      0.000    -97.040    -97.130    -44.255    -43.621   -999.900   -999.900
    -75.000    -48.066    -47.422   -999.900   -999.900     -0.644      0.000   -102.040   -102.130    -49.265    -48.727   -999.900   -999.900
    -80.000    -51.246    -50.515   -999.900   -999.900     -0.731      0.000   -107.040   -107.130    -54.270    -53.787   -999.900   -999.900
    -85.000    -53.060    -52.219   -999.900   -999.900     -0.841      0.000   -112.040   -112.130    -59.290    -58.865   -999.900   -999.900
    -90.000    -53.820    -52.907   -999.900   -999.900     -0.913      0.000   -117.040   -117.130    -64.156    -63.769   -999.900   -999.900
    -95.000    -54.114    -53.157   -999.900   -999.900     -0.957      0.000   -122.040   -122.130    -69.483    -68.766   -999.900   -999.900
   -100.000    -54.178    -53.227   -999.900   -999.900     -0.951      0.000   -127.040   -127.130    -72.561    -72.547   -999.900   -999.900
   -105.000    -54.236    -53.261   -999.900   -999.900     -0.975      0.000   -132.040   -132.130    -83.172    -77.255   -999.900   -999.900
   -110.000    -54.243    -53.286   -999.900   -999.900     -0.957      0.000   -137.040   -137.130    -83.172    -77.255   -999.900   -999.900
   -115.000    -54.239    -53.289   -999.900   -999.900     -0.950      0.000   -142.040   -142.130    -83.172    -77.255   -999.900   -999.900
   -120.000    -54.249    -53.277   -999.900   -999.900     -0.972      0.000   -147.040   -147.130    -83.172    -77.255   -999.900   -999.900
