      0.000      3.675      3.917   -999.900   -999.900     -0.242      0.000    -27.040    -27.130      3.675      3.917   -999.900   -999.900
     -5.000      3.683      3.924   -999.900   -999.900     -0.241      0.000    -32.040    -32.130      3.683      3.924   -999.900   -999.900
    -10.000      3.652      3.890   -999.900   -999.900     -0.238      0.000    -37.040    -37.130      3.652      3.890   -999.900   -999.900
    -15.000      3.429      3.680   -999.900   -999.900     -0.251      0.000    -42.040    -42.130      3.429      3.679   -999.900   -999.900
    -20.000      2.599      2.893   -999.900   -999.900     -0.294      0.000    -47.040    -47.130      2.599      2.893   -999.900   -999.900
    -25.000      0.287      0.776   -999.900   -999.900     -0.489      0.000    -52.040    -52.130      0.287      0.776   -999.900   -999.900
    -30.000     -3.745     -3.220   -999.900   -999.900     -0.525      0.000    -57.040    -57.130     -3.745     -3.220   -999.900   -999.900
    -35.000     -8.318     -7.784   -999.900   -999.900     -0.534      0.000    -62.040    -62.130     -8.318     -7.784   -999.900   -999.900
    -40.000    -13.115    -12.572   -999.900   -999.900     -0.543      0.000    -67.040    -67.130    -13.115    -12.573   -999.900   -999.900
    -45.000    -18.016    -17.469   -999.900   -999.900     -0.547      0.000    -72.040    -72.130    -18.017    -17.470   -999.900   -999.900
    -50.000    -22.970    -22.435   -999.900   -999.900     -0.535      0.000    -77.040    -77.130    -22.973    -22.439   -999.900   -999.900
    -55.000    -28.029    -27.525   -999.900   -999.900     -0.504      0.000    -82.040    -82.130    -28.041    -27.539   -999.900   -999.900
    -60.000    -33.009    -32.571   -999.900   -999.900     -0.438      0.000    -87.040    -87.130    -33.046    -32.616   -999.900   -999.900
    -65.000    -38.119    -37.693   -999.900   -999.900     -0.425      0.000    -92.040    -92.130    -38.241    -37.843   -999.900   -999.900
    -70.000    -42.944    -42.317   -999.900   -999.900     -0.628      0.000    -97.040    -97.130    -43.328    -42.766   -999.900   -999.900
    -75.000    -47.219    -46.484   -999.900   -999.900     -0.735      0.000   -102.040   -102.130    -48.334    -47.772   -999.900   -999.900
    -80.000    -50.498    -49.586   -999.900   -999.900     -0.912      0.000   -107.040   -107.130    -53.350    -52.812   -999.900   -999.900
    -85.000    -52.404    -51.307   -999.900   -999.900     -1.097      0.000   -112.040   -112.130    -58.366    -57.865   -999.900   -999.900
    -90.000    -53.232    -52.021   -999.900   -999.900     -1.212      0.000   -117.040   -117.130    -63.389    -62.899   -999.900   -999.900
    -95.000    -53.532    -52.269   -999.900   -999.900     -1.263      0.000   -122.040   -122.130    -68.493    -67.862   -999.900   -999.900
   -100.000    -53.630    -52.351   -999.900   -999.900     -1.278      0.000   -127.040   -127.130    -73.715    -72.805   -999.900   -999.900
   -105.000    -53.683    -52.393   -999.900   -999.900     -1.290      0.000   -132.040   -132.130    -73.715    -72.805   -999.900   -999.900
   -110.000    -53.665    -52.392   -999.900   -999.900     -1.273      0.000   -137.040   -137.130    -73.715    -72.805   -999.900   -999.900
   -115.000    -53.668    -52.387   -999.900   -999.900     -1.281      0.000   -142.040   -142.130    -73.715    -72.805   -999.900   -999.900
   -120.000    -53.674    -52.391   -999.900   -999.900     -1.283      0.000   -147.040   -147.130    -73.715    -72.805   -999.900   -999.900
