      0.000      3.421      4.051   -999.900   -999.900     -0.630      0.000    -26.420    -26.440      3.421      4.051   -999.900   -999.900
     -5.000      3.417      3.976   -999.900   -999.900     -0.559      0.000    -31.420    -31.440      3.417      3.976   -999.900   -999.900
    -10.000      3.274      3.735   -999.900   -999.900     -0.462      0.000    -36.420    -36.440      3.274      3.735   -999.900   -999.900
    -15.000      2.624      2.952   -999.900   -999.900     -0.328      0.000    -41.420    -41.440      2.624      2.952   -999.900   -999.900
    -20.000      0.620      0.958   -999.900   -999.900     -0.339      0.000    -46.420    -46.440      0.620      0.958   -999.900   -999.900
    -25.000     -3.302     -3.015   -999.900   -999.900     -0.287      0.000    -51.420    -51.440     -3.302     -3.015   -999.900   -999.900
    -30.000     -7.761     -7.521   -999.900   -999.900     -0.240      0.000    -56.420    -56.440     -7.761     -7.521   -999.900   -999.900
    -35.000    -12.523    -12.308   -999.900   -999.900     -0.215      0.000    -61.420    -61.440    -12.523    -12.308   -999.900   -999.900
    -40.000    -17.421    -17.218   -999.900   -999.900     -0.202      0.000    -66.420    -66.440    -17.421    -17.219   -999.900   -999.900
    -45.000    -22.414    -22.212   -999.900   -999.900     -0.202      0.000    -71.420    -71.440    -22.416    -22.214   -999.900   -999.900
    -50.000    -27.478    -27.260   -999.900   -999.900     -0.218      0.000    -76.420    -76.440    -27.484    -27.265   -999.900   -999.900
    -55.000    -32.618    -32.386   -999.900   -999.900     -0.233      0.000    -81.420    -81.440    -32.637    -32.402   -999.900   -999.900
    -60.000    -37.666    -37.476   -999.900   -999.900     -0.191      0.000    -86.420    -86.440    -37.726    -37.528   -999.900   -999.900
    -65.000    -42.481    -42.636   -999.900   -999.900      0.155      0.000    -91.420    -91.440    -42.664    -42.811   -999.900   -999.900
    -70.000    -47.104    -47.531   -999.900   -999.900      0.427      0.000    -96.420    -96.440    -47.655    -48.095   -999.900   -999.900
    -75.000    -51.138    -51.688   -999.900   -999.900      0.549      0.000   -101.420   -101.440    -52.696    -53.347   -999.900   -999.900
    -80.000    -53.959    -54.444   -999.900   -999.900      0.484      0.000   -106.420   -106.440    -57.697    -58.410   -999.900   -999.900
    -85.000    -55.434    -55.853   -999.900   -999.900      0.419      0.000   -111.420   -111.440    -62.659    -63.509   -999.900   -999.900
    -90.000    -56.042    -56.391   -999.900   -999.900      0.349      0.000   -116.420   -116.440    -67.733    -68.448   -999.900   -999.900
    -95.000    -56.237    -56.587   -999.900   -999.900      0.349      0.000   -121.420   -121.440    -72.287    -73.775   -999.900   -999.900
   -100.000    -56.318    -56.649   -999.900   -999.900      0.332      0.000   -126.420   -126.440    -78.088    -79.755   -999.900   -999.900
   -105.000    -56.353    -56.670   -999.900   -999.900      0.317      0.000   -131.420   -131.440    -78.088    -97.217   -999.900   -999.900
   -110.000    -56.354    -56.669   -999.900   -999.900      0.316      0.000   -136.420   -136.440    -78.088    -91.928   -999.900   -999.900
   -115.000    -56.351    -56.674   -999.900   -999.900      0.323      0.000   -141.420   -141.440    -78.088    -91.928   -999.900   -999.900
   -120.000    -56.329    -56.669   -999.900   -999.900      0.340      0.000   -146.420   -146.440    -78.088    -91.928   -999.900   -999.900
