      0.000      3.751      3.766   -999.900   -999.900     -0.015      0.000    -26.420    -26.440      3.751      3.766   -999.900   -999.900
     -5.000      3.754      3.698   -999.900   -999.900      0.056      0.000    -31.420    -31.440      3.754      3.698   -999.900   -999.900
    -10.000      3.620      3.457   -999.900   -999.900      0.163      0.000    -36.420    -36.440      3.620      3.457   -999.900   -999.900
    -15.000      2.993      2.718   -999.900   -999.900      0.275      0.000    -41.420    -41.440      2.993      2.718   -999.900   -999.900
    -20.000      1.102      0.849   -999.900   -999.900      0.252      0.000    -46.420    -46.440      1.102      0.849   -999.900   -999.900
    -25.000     -2.807     -3.054   -999.900   -999.900      0.247      0.000    -51.420    -51.440     -2.807     -3.054   -999.900   -999.900
    -30.000     -7.274     -7.514   -999.900   -999.900      0.240      0.000    -56.420    -56.440     -7.274     -7.514   -999.900   -999.900
    -35.000    -12.028    -12.256   -999.900   -999.900      0.229      0.000    -61.420    -61.440    -12.028    -12.257   -999.900   -999.900
    -40.000    -16.934    -17.159   -999.900   -999.900      0.225      0.000    -66.420    -66.440    -16.935    -17.160   -999.900   -999.900
    -45.000    -21.932    -22.165   -999.900   -999.900      0.233      0.000    -71.420    -71.440    -21.933    -22.166   -999.900   -999.900
    -50.000    -27.026    -27.258   -999.900   -999.900      0.233      0.000    -76.420    -76.440    -27.031    -27.263   -999.900   -999.900
    -55.000    -32.195    -32.413   -999.900   -999.900      0.217      0.000    -81.420    -81.440    -32.214    -32.428   -999.900   -999.900
    -60.000    -37.301    -37.567   -999.900   -999.900      0.266      0.000    -86.420    -86.440    -37.360    -37.618   -999.900   -999.900
    -65.000    -42.179    -42.619   -999.900   -999.900      0.441      0.000    -91.420    -91.440    -42.365    -42.786   -999.900   -999.900
    -70.000    -46.893    -47.485   -999.900   -999.900      0.591      0.000    -96.420    -96.440    -47.470    -48.016   -999.900   -999.900
    -75.000    -50.940    -51.633   -999.900   -999.900      0.692      0.000   -101.420   -101.440    -52.587    -53.178   -999.900   -999.900
    -80.000    -53.702    -54.508   -999.900   -999.900      0.805      0.000   -106.420   -106.440    -57.639    -58.282   -999.900   -999.900
    -85.000    -55.104    -55.967   -999.900   -999.900      0.863      0.000   -111.420   -111.440    -62.625    -63.238   -999.900   -999.900
    -90.000    -55.660    -56.574   -999.900   -999.900      0.914      0.000   -116.420   -116.440    -67.562    -68.401   -999.900   -999.900
    -95.000    -55.852    -56.776   -999.900   -999.900      0.924      0.000   -121.420   -121.440    -72.356    -73.534   -999.900   -999.900
   -100.000    -55.924    -56.838   -999.900   -999.900      0.914      0.000   -126.420   -126.440    -78.226    -78.382   -999.900   -999.900
   -105.000    -55.960    -56.865   -999.900   -999.900      0.905      0.000   -131.420   -131.440    -78.226    -87.085   -999.900   -999.900
   -110.000    -55.939    -56.870   -999.900   -999.900      0.931      0.000   -136.420   -136.440    -78.226    -87.085   -999.900   -999.900
   -115.000    -55.954    -56.886   -999.900   -999.900      0.932      0.000   -141.420   -141.440    -78.226    -87.085   -999.900   -999.900
   -120.000    -55.947    -56.855   -999.900   -999.900      0.908      0.000   -146.420   -146.440    -78.226    -87.085   -999.900   -999.900
