      0.000      3.809      3.931   -999.900   -999.900     -0.122      0.000    -26.900    -26.210      3.809      3.931   -999.900   -999.900
     -5.000      3.779      3.910   -999.900   -999.900     -0.131      0.000    -31.900    -31.210      3.779      3.910   -999.900   -999.900
    -10.000      3.545      3.717   -999.900   -999.900     -0.172      0.000    -36.900    -36.210      3.545      3.717   -999.900   -999.900
    -15.000      2.573      2.866   -999.900   -999.900     -0.293      0.000    -41.900    -41.210      2.573      2.866   -999.900   -999.900
    -20.000     -0.127      0.418   -999.900   -999.900     -0.545      0.000    -46.900    -46.210     -0.127      0.418   -999.900   -999.900
    -25.000     -4.265     -3.683   -999.900   -999.900     -0.582      0.000    -51.900    -51.210     -4.265     -3.683   -999.900   -999.900
    -30.000     -8.829     -8.255   -999.900   -999.900     -0.574      0.000    -56.900    -56.210     -8.830     -8.255   -999.900   -999.900
    -35.000    -13.669    -13.095   -999.900   -999.900     -0.574      0.000    -61.900    -61.210    -13.670    -13.095   -999.900   -999.900
    -40.000    -18.609    -18.036   -999.900   -999.900     -0.572      0.000    -66.900    -66.210    -18.609    -18.037   -999.900   -999.900
    -45.000    -23.623    -23.057   -999.900   -999.900     -0.565      0.000    -71.900    -71.210    -23.625    -23.059   -999.900   -999.900
    -50.000    -28.701    -28.139   -999.900   -999.900     -0.561      0.000    -76.900    -76.210    -28.707    -28.146   -999.900   -999.900
    -55.000    -33.841    -33.240   -999.900   -999.900     -0.601      0.000    -81.900    -81.210    -33.863    -33.261   -999.900   -999.900
    -60.000    -38.643    -38.263   -999.900   -999.900     -0.381      0.000    -86.900    -86.210    -38.707    -38.329   -999.900   -999.900
    -65.000    -43.498    -43.211   -999.900   -999.900     -0.286      0.000    -91.900    -91.210    -43.696    -43.423   -999.900   -999.900
    -70.000    -48.000    -47.622   -999.900   -999.900     -0.377      0.000    -96.900    -96.210    -48.585    -48.234   -999.900   -999.900
    -75.000    -51.850    -51.588   -999.900   -999.900     -0.262      0.000   -101.900   -101.210    -53.436    -53.311   -999.900   -999.900
    -80.000    -54.596    -54.276   -999.900   -999.900     -0.320      0.000   -106.900   -106.210    -58.317    -58.343   -999.900   -999.900
    -85.000    -56.090    -55.643   -999.900   -999.900     -0.447      0.000   -111.900   -111.210    -63.345    -63.418   -999.900   -999.900
    -90.000    -56.658    -56.177   -999.900   -999.900     -0.481      0.000   -116.900   -116.210    -67.924    -68.547   -999.900   -999.900
    -95.000    -56.884    -56.347   -999.900   -999.900     -0.538      0.000   -121.900   -121.210    -72.867    -73.239   -999.900   -999.900
   -100.000    -56.950    -56.413   -999.900   -999.900     -0.536      0.000   -126.900   -126.210    -76.764    -79.186   -999.900   -999.900
   -105.000    -56.981    -56.429   -999.900   -999.900     -0.551      0.000   -131.900   -131.210    -81.651    -84.230   -999.900   -999.900
   -110.000    -56.999    -56.430   -999.900   -999.900     -0.569      0.000   -136.900   -136.210    -81.651    -84.416   -999.900   -999.900
   -115.000    -56.992    -56.445   -999.900   -999.900     -0.547      0.000   -141.900   -141.210    -81.651    -84.416   -999.900   -999.900
   -120.000    -57.010    -56.443   -999.900   -999.900     -0.568      0.000   -146.900   -146.210    -81.651    -84.416   -999.900   -999.900
