      0.000      3.569      3.706   -999.900   -999.900     -0.138      0.000    -26.900    -26.210      3.569      3.706   -999.900   -999.900
     -5.000      3.495      3.772   -999.900   -999.900     -0.277      0.000    -31.900    -31.210      3.495      3.772   -999.900   -999.900
    -10.000      3.079      3.772   -999.900   -999.900     -0.693      0.000    -36.900    -36.210      3.079      3.772   -999.900   -999.900
    -15.000      1.730      3.600   -999.900   -999.900     -1.871      0.000    -41.900    -41.210      1.730      3.600   -999.900   -999.900
    -20.000     -1.715      2.857   -999.900   -999.900     -4.572      0.000    -46.900    -46.210     -1.715      2.857   -999.900   -999.900
    -25.000     -6.024      0.819   -999.900   -999.900     -6.843      0.000    -51.900    -51.210     -6.024      0.819   -999.900   -999.900
    -30.000    -10.727     -3.187   -999.900   -999.900     -7.540      0.000    -56.900    -56.210    -10.727     -3.187   -999.900   -999.900
    -35.000    -15.561     -7.714   -999.900   -999.900     -7.847      0.000    -61.900    -61.210    -15.561     -7.714   -999.900   -999.900
    -40.000    -20.507    -12.491   -999.900   -999.900     -8.016      0.000    -66.900    -66.210    -20.508    -12.492   -999.900   -999.900
    -45.000    -25.498    -17.387   -999.900   -999.900     -8.111      0.000    -71.900    -71.210    -25.500    -17.388   -999.900   -999.900
    -50.000    -30.513    -22.361   -999.900   -999.900     -8.153      0.000    -76.900    -76.210    -30.520    -22.364   -999.900   -999.900
    -55.000    -35.583    -27.455   -999.900   -999.900     -8.128      0.000    -81.900    -81.210    -35.603    -27.467   -999.900   -999.900
    -60.000    -40.328    -32.503   -999.900   -999.900     -7.825      0.000    -86.900    -86.210    -40.389    -32.540   -999.900   -999.900
    -65.000    -45.006    -37.512   -999.900   -999.900     -7.494      0.000    -91.900    -91.210    -45.187    -37.631   -999.900   -999.900
    -70.000    -49.662    -42.329   -999.900   -999.900     -7.332      0.000    -96.900    -96.210    -50.215    -42.699   -999.900   -999.900
    -75.000    -53.630    -46.524   -999.900   -999.900     -7.106      0.000   -101.900   -101.210    -55.167    -47.570   -999.900   -999.900
    -80.000    -56.384    -49.797   -999.900   -999.900     -6.588      0.000   -106.900   -106.210    -59.968    -52.432   -999.900   -999.900
    -85.000    -57.944    -51.819   -999.900   -999.900     -6.125      0.000   -111.900   -111.210    -65.037    -57.421   -999.900   -999.900
    -90.000    -58.579    -52.733   -999.900   -999.900     -5.847      0.000   -116.900   -116.210    -70.221    -62.496   -999.900   -999.900
    -95.000    -58.781    -53.070   -999.900   -999.900     -5.711      0.000   -121.900   -121.210    -74.907    -67.825   -999.900   -999.900
   -100.000    -58.855    -53.188   -999.900   -999.900     -5.667      0.000   -126.900   -126.210    -80.061    -74.860   -999.900   -999.900
   -105.000    -58.899    -53.228   -999.900   -999.900     -5.671      0.000   -131.900   -131.210    -80.061    -74.860   -999.900   -999.900
   -110.000    -58.878    -53.225   -999.900   -999.900     -5.653      0.000   -136.900   -136.210    -80.061    -74.860   -999.900   -999.900
   -115.000    -58.877    -53.204   -999.900   -999.900     -5.673      0.000   -141.900   -141.210    -80.061    -74.860   -999.900   -999.900
   -120.000    -58.898    -53.213   -999.900   -999.900     -5.685      0.000   -146.900   -146.210    -80.061    -74.860   -999.900   -999.900
