      0.000      3.761      3.892   -999.900   -999.900     -0.131      0.000    -26.900    -26.210      3.761      3.892   -999.900   -999.900
     -5.000      3.731      3.869   -999.900   -999.900     -0.139      0.000    -31.900    -31.210      3.731      3.869   -999.900   -999.900
    -10.000      3.487      3.661   -999.900   -999.900     -0.174      0.000    -36.900    -36.210      3.487      3.661   -999.900   -999.900
    -15.000      2.488      2.765   -999.900   -999.900     -0.277      0.000    -41.900    -41.210      2.488      2.765   -999.900   -999.900
    -20.000     -0.270      0.207   -999.900   -999.900     -0.476      0.000    -46.900    -46.210     -0.270      0.207   -999.900   -999.900
    -25.000     -4.406     -3.908   -999.900   -999.900     -0.497      0.000    -51.900    -51.210     -4.406     -3.908   -999.900   -999.900
    -30.000     -8.984     -8.497   -999.900   -999.900     -0.486      0.000    -56.900    -56.210     -8.984     -8.497   -999.900   -999.900
    -35.000    -13.837    -13.353   -999.900   -999.900     -0.484      0.000    -61.900    -61.210    -13.837    -13.353   -999.900   -999.900
    -40.000    -18.783    -18.304   -999.900   -999.900     -0.479      0.000    -66.900    -66.210    -18.783    -18.304   -999.900   -999.900
    -45.000    -23.803    -23.330   -999.900   -999.900     -0.472      0.000    -71.900    -71.210    -23.804    -23.332   -999.900   -999.900
    -50.000    -28.869    -28.404   -999.900   -999.900     -0.465      0.000    -76.900    -76.210    -28.874    -28.409   -999.900   -999.900
    -55.000    -34.023    -33.513   -999.900   -999.900     -0.509      0.000    -81.900    -81.210    -34.039    -33.530   -999.900   -999.900
    -60.000    -38.804    -38.531   -999.900   -999.900     -0.274      0.000    -86.900    -86.210    -38.853    -38.582   -999.900   -999.900
    -65.000    -43.715    -43.442   -999.900   -999.900     -0.273      0.000    -91.900    -91.210    -43.868    -43.603   -999.900   -999.900
    -70.000    -48.273    -47.997   -999.900   -999.900     -0.276      0.000    -96.900    -96.210    -48.725    -48.472   -999.900   -999.900
    -75.000    -52.284    -52.201   -999.900   -999.900     -0.083      0.000   -101.900   -101.210    -53.527    -53.585   -999.900   -999.900
    -80.000    -55.343    -55.207   -999.900   -999.900     -0.135      0.000   -106.900   -106.210    -58.383    -58.628   -999.900   -999.900
    -85.000    -57.115    -56.840   -999.900   -999.900     -0.275      0.000   -111.900   -111.210    -63.262    -63.695   -999.900   -999.900
    -90.000    -57.913    -57.483   -999.900   -999.900     -0.430      0.000   -116.900   -116.210    -68.364    -68.478   -999.900   -999.900
    -95.000    -58.192    -57.725   -999.900   -999.900     -0.468      0.000   -121.900   -121.210    -73.467    -73.427   -999.900   -999.900
   -100.000    -58.287    -57.810   -999.900   -999.900     -0.477      0.000   -126.900   -126.210    -79.127    -79.029   -999.900   -999.900
   -105.000    -58.330    -57.846   -999.900   -999.900     -0.484      0.000   -131.900   -131.210    -79.127    -79.029   -999.900   -999.900
   -110.000    -58.330    -57.852   -999.900   -999.900     -0.478      0.000   -136.900   -136.210    -79.127    -79.029   -999.900   -999.900
   -115.000    -58.325    -57.836   -999.900   -999.900     -0.489      0.000   -141.900   -141.210    -79.127    -79.029   -999.900   -999.900
   -120.000    -58.309    -57.839   -999.900   -999.900     -0.470      0.000   -146.900   -146.210    -79.127    -79.029   -999.900   -999.900
