      0.000      3.570      3.755   -999.900   -999.900     -0.185      0.000    -26.900    -26.210      3.570      3.755   -999.900   -999.900
     -5.000      3.527      3.715   -999.900   -999.900     -0.188      0.000    -31.900    -31.210      3.527      3.715   -999.900   -999.900
    -10.000      3.237      3.443   -999.900   -999.900     -0.207      0.000    -36.900    -36.210      3.237      3.443   -999.900   -999.900
    -15.000      2.163      2.436   -999.900   -999.900     -0.272      0.000    -41.900    -41.210      2.163      2.436   -999.900   -999.900
    -20.000     -0.631     -0.277   -999.900   -999.900     -0.354      0.000    -46.900    -46.210     -0.631     -0.277   -999.900   -999.900
    -25.000     -4.816     -4.451   -999.900   -999.900     -0.365      0.000    -51.900    -51.210     -4.816     -4.451   -999.900   -999.900
    -30.000     -9.480     -9.124   -999.900   -999.900     -0.355      0.000    -56.900    -56.210     -9.480     -9.124   -999.900   -999.900
    -35.000    -14.278    -13.922   -999.900   -999.900     -0.356      0.000    -61.900    -61.210    -14.278    -13.922   -999.900   -999.900
    -40.000    -19.233    -18.884   -999.900   -999.900     -0.349      0.000    -66.900    -66.210    -19.234    -18.885   -999.900   -999.900
    -45.000    -24.271    -23.928   -999.900   -999.900     -0.343      0.000    -71.900    -71.210    -24.273    -23.930   -999.900   -999.900
    -50.000    -29.356    -29.021   -999.900   -999.900     -0.335      0.000    -76.900    -76.210    -29.361    -29.026   -999.900   -999.900
    -55.000    -34.508    -34.125   -999.900   -999.900     -0.383      0.000    -81.900    -81.210    -34.524    -34.142   -999.900   -999.900
    -60.000    -39.297    -39.209   -999.900   -999.900     -0.088      0.000    -86.900    -86.210    -39.346    -39.264   -999.900   -999.900
    -65.000    -44.170    -44.075   -999.900   -999.900     -0.095      0.000    -91.900    -91.210    -44.322    -44.246   -999.900   -999.900
    -70.000    -48.704    -48.556   -999.900   -999.900     -0.148      0.000    -96.900    -96.210    -49.152    -49.055   -999.900   -999.900
    -75.000    -52.726    -52.732   -999.900   -999.900      0.006      0.000   -101.900   -101.210    -53.959    -54.181   -999.900   -999.900
    -80.000    -55.797    -55.679   -999.900   -999.900     -0.118      0.000   -106.900   -106.210    -58.818    -59.238   -999.900   -999.900
    -85.000    -57.583    -57.245   -999.900   -999.900     -0.338      0.000   -111.900   -111.210    -63.708    -64.278   -999.900   -999.900
    -90.000    -58.369    -57.895   -999.900   -999.900     -0.474      0.000   -116.900   -116.210    -68.636    -69.539   -999.900   -999.900
    -95.000    -58.638    -58.092   -999.900   -999.900     -0.546      0.000   -121.900   -121.210    -73.065    -74.092   -999.900   -999.900
   -100.000    -58.723    -58.155   -999.900   -999.900     -0.567      0.000   -126.900   -126.210    -76.383    -77.773   -999.900   -999.900
   -105.000    -58.787    -58.204   -999.900   -999.900     -0.583      0.000   -131.900   -131.210    -84.890    -77.773   -999.900   -999.900
   -110.000    -58.793    -58.195   -999.900   -999.900     -0.598      0.000   -136.900   -136.210    -88.519    -77.773   -999.900   -999.900
   -115.000    -58.801    -58.211   -999.900   -999.900     -0.591      0.000   -141.900   -141.210    -88.519    -77.773   -999.900   -999.900
   -120.000    -58.809    -58.202   -999.900   -999.900     -0.608      0.000   -146.900   -146.210    -88.519    -77.773   -999.900   -999.900
