      0.000      3.695      3.833   -999.900   -999.900     -0.138      0.000    -26.900    -26.210      3.695      3.832   -999.900   -999.900
     -5.000      3.665      3.824   -999.900   -999.900     -0.159      0.000    -31.900    -31.210      3.665      3.823   -999.900   -999.900
    -10.000      3.427      3.664   -999.900   -999.900     -0.237      0.000    -36.900    -36.210      3.427      3.663   -999.900   -999.900
    -15.000      2.441      2.904   -999.900   -999.900     -0.463      0.000    -41.900    -41.210      2.441      2.904   -999.900   -999.900
    -20.000     -0.321      0.690   -999.900   -999.900     -1.011      0.000    -46.900    -46.210     -0.322      0.690   -999.900   -999.900
    -25.000     -4.481     -3.353   -999.900   -999.900     -1.128      0.000    -51.900    -51.210     -4.482     -3.355   -999.900   -999.900
    -30.000     -9.033     -7.865   -999.900   -999.900     -1.168      0.000    -56.900    -56.210     -9.038     -7.869   -999.900   -999.900
    -35.000    -13.862    -12.692   -999.900   -999.900     -1.170      0.000    -61.900    -61.210    -13.877    -12.706   -999.900   -999.900
    -40.000    -18.763    -17.605   -999.900   -999.900     -1.158      0.000    -66.900    -66.210    -18.810    -17.647   -999.900   -999.900
    -45.000    -23.709    -22.573   -999.900   -999.900     -1.136      0.000    -71.900    -71.210    -23.857    -22.707   -999.900   -999.900
    -50.000    -28.676    -27.615   -999.900   -999.900     -1.061      0.000    -76.900    -76.210    -29.160    -28.059   -999.900   -999.900
    -55.000    -33.663    -32.734   -999.900   -999.900     -0.929      0.000    -81.900    -81.210    -35.418    -34.383   -999.900   -999.900
    -60.000    -38.445    -37.736   -999.900   -999.900     -0.709      0.000    -86.900    -86.210    -73.773    -69.500   -999.900   -999.900
    -65.000    -38.452    -37.744   -999.900   -999.900     -0.708      0.000    -91.900    -91.210    -73.773    -69.500   -999.900   -999.900
    -70.000    -38.453    -37.741   -999.900   -999.900     -0.711      0.000    -96.900    -96.210    -73.773    -69.500   -999.900   -999.900
    -75.000    -38.456    -37.745   -999.900   -999.900     -0.711      0.000   -101.900   -101.210    -73.773    -69.500   -999.900   -999.900
    -80.000    -38.455    -37.744   -999.900   -999.900     -0.711      0.000   -106.900   -106.210    -73.773    -69.500   -999.900   -999.900
    -85.000    -38.453    -37.744   -999.900   -999.900     -0.709      0.000   -111.900   -111.210    -73.773    -69.500   -999.900   -999.900
    -90.000    -38.453    -37.743   -999.900   -999.900     -0.709      0.000   -116.900   -116.210    -73.773    -69.500   -999.900   -999.900
    -95.000    -38.452    -37.742   -999.900   -999.900     -0.711      0.000   -121.900   -121.210    -73.773    -69.500   -999.900   -999.900
   -100.000    -38.449    -37.741   -999.900   -999.900     -0.708      0.000   -126.900   -126.210    -73.773    -69.500   -999.900   -999.900
   -105.000    -38.446    -37.740   -999.900   -999.900     -0.706      0.000   -131.900   -131.210    -73.773    -69.500   -999.900   -999.900
   -110.000    -38.446    -37.738   -999.900   -999.900     -0.708      0.000   -136.900   -136.210    -73.773    -69.500   -999.900   -999.900
   -115.000    -38.448    -37.739   -999.900   -999.900     -0.709      0.000   -141.900   -141.210    -73.773    -69.500   -999.900   -999.900
   -120.000    -38.445    -37.738   -999.900   -999.900     -0.707      0.000   -146.900   -146.210    -73.773    -69.500   -999.900   -999.900
