      0.000      3.541      3.943   -999.900   -999.900     -0.402      0.000    -27.380    -27.440      3.541      3.943   -999.900   -999.900
     -5.000      3.565      3.954   -999.900   -999.900     -0.389      0.000    -32.380    -32.440      3.565      3.954   -999.900   -999.900
    -10.000      3.480      3.846   -999.900   -999.900     -0.366      0.000    -37.380    -37.440      3.480      3.846   -999.900   -999.900
    -15.000      3.024      3.282   -999.900   -999.900     -0.258      0.000    -42.380    -42.440      3.024      3.282   -999.900   -999.900
    -20.000      1.576      1.449   -999.900   -999.900      0.127      0.000    -47.380    -47.440      1.576      1.449   -999.900   -999.900
    -25.000     -2.007     -2.373   -999.900   -999.900      0.366      0.000    -52.380    -52.440     -2.007     -2.373   -999.900   -999.900
    -30.000     -6.364     -6.830   -999.900   -999.900      0.466      0.000    -57.380    -57.440     -6.364     -6.830   -999.900   -999.900
    -35.000    -11.099    -11.624   -999.900   -999.900      0.525      0.000    -62.380    -62.440    -11.099    -11.624   -999.900   -999.900
    -40.000    -15.992    -16.538   -999.900   -999.900      0.546      0.000    -67.380    -67.440    -15.992    -16.538   -999.900   -999.900
    -45.000    -20.984    -21.529   -999.900   -999.900      0.545      0.000    -72.380    -72.440    -20.985    -21.530   -999.900   -999.900
    -50.000    -26.030    -26.537   -999.900   -999.900      0.507      0.000    -77.380    -77.440    -26.032    -26.540   -999.900   -999.900
    -55.000    -31.235    -31.621   -999.900   -999.900      0.386      0.000    -82.380    -82.440    -31.244    -31.631   -999.900   -999.900
    -60.000    -36.399    -36.577   -999.900   -999.900      0.178      0.000    -87.380    -87.440    -36.428    -36.611   -999.900   -999.900
    -65.000    -41.684    -41.639   -999.900   -999.900     -0.045      0.000    -92.380    -92.440    -41.783    -41.748   -999.900   -999.900
    -70.000    -46.594    -46.783   -999.900   -999.900      0.189      0.000    -97.380    -97.440    -46.908    -47.150   -999.900   -999.900
    -75.000    -51.060    -51.270   -999.900   -999.900      0.210      0.000   -102.380   -102.440    -52.002    -52.392   -999.900   -999.900
    -80.000    -54.509    -54.554   -999.900   -999.900      0.044      0.000   -107.380   -107.440    -56.964    -57.437   -999.900   -999.900
    -85.000    -56.660    -56.431   -999.900   -999.900     -0.229      0.000   -112.380   -112.440    -62.012    -62.408   -999.900   -999.900
    -90.000    -57.633    -57.265   -999.900   -999.900     -0.368      0.000   -117.380   -117.440    -67.072    -67.516   -999.900   -999.900
    -95.000    -58.005    -57.547   -999.900   -999.900     -0.458      0.000   -122.380   -122.440    -72.634    -72.303   -999.900   -999.900
   -100.000    -58.103    -57.655   -999.900   -999.900     -0.448      0.000   -127.380   -127.440    -77.171    -78.069   -999.900   -999.900
   -105.000    -58.156    -57.692   -999.900   -999.900     -0.464      0.000   -132.380   -132.440    -95.484    -89.481   -999.900   -999.900
   -110.000    -58.162    -57.694   -999.900   -999.900     -0.469      0.000   -137.380   -137.440    -95.484    -93.154   -999.900   -999.900
   -115.000    -58.160    -57.690   -999.900   -999.900     -0.470      0.000   -142.380   -142.440    -95.484    -86.970   -999.900   -999.900
   -120.000    -58.151    -57.704   -999.900   -999.900     -0.446      0.000   -147.380   -147.440    -95.484    -86.970   -999.900   -999.900
