      0.000      3.377      3.826   -999.900   -999.900     -0.449      0.000    -27.380    -27.440      3.377      3.826   -999.900   -999.900
     -5.000      3.370      3.823   -999.900   -999.900     -0.453      0.000    -32.380    -32.440      3.370      3.823   -999.900   -999.900
    -10.000      3.216      3.687   -999.900   -999.900     -0.471      0.000    -37.380    -37.440      3.216      3.687   -999.900   -999.900
    -15.000      2.496      3.016   -999.900   -999.900     -0.520      0.000    -42.380    -42.440      2.496      3.016   -999.900   -999.900
    -20.000      0.444      0.939   -999.900   -999.900     -0.495      0.000    -47.380    -47.440      0.444      0.939   -999.900   -999.900
    -25.000     -3.451     -2.978   -999.900   -999.900     -0.473      0.000    -52.380    -52.440     -3.451     -2.978   -999.900   -999.900
    -30.000     -8.009     -7.561   -999.900   -999.900     -0.448      0.000    -57.380    -57.440     -8.009     -7.561   -999.900   -999.900
    -35.000    -12.758    -12.319   -999.900   -999.900     -0.439      0.000    -62.380    -62.440    -12.758    -12.319   -999.900   -999.900
    -40.000    -17.679    -17.229   -999.900   -999.900     -0.450      0.000    -67.380    -67.440    -17.680    -17.230   -999.900   -999.900
    -45.000    -22.673    -22.206   -999.900   -999.900     -0.467      0.000    -72.380    -72.440    -22.674    -22.207   -999.900   -999.900
    -50.000    -27.631    -27.138   -999.900   -999.900     -0.493      0.000    -77.380    -77.440    -27.634    -27.142   -999.900   -999.900
    -55.000    -32.760    -32.122   -999.900   -999.900     -0.638      0.000    -82.380    -82.440    -32.770    -32.135   -999.900   -999.900
    -60.000    -37.775    -36.981   -999.900   -999.900     -0.793      0.000    -87.380    -87.440    -37.808    -37.022   -999.900   -999.900
    -65.000    -43.050    -41.973   -999.900   -999.900     -1.077      0.000    -92.380    -92.440    -43.164    -42.102   -999.900   -999.900
    -70.000    -48.190    -46.856   -999.900   -999.900     -1.335      0.000    -97.380    -97.440    -48.572    -47.266   -999.900   -999.900
    -75.000    -52.644    -51.172   -999.900   -999.900     -1.473      0.000   -102.380   -102.440    -53.807    -52.383   -999.900   -999.900
    -80.000    -55.863    -54.321   -999.900   -999.900     -1.542      0.000   -107.380   -107.440    -58.810    -57.355   -999.900   -999.900
    -85.000    -57.719    -56.130   -999.900   -999.900     -1.589      0.000   -112.380   -112.440    -63.835    -62.375   -999.900   -999.900
    -90.000    -58.556    -56.893   -999.900   -999.900     -1.663      0.000   -117.380   -117.440    -69.312    -67.312   -999.900   -999.900
    -95.000    -58.824    -57.172   -999.900   -999.900     -1.651      0.000   -122.380   -122.440    -74.709    -72.338   -999.900   -999.900
   -100.000    -58.915    -57.266   -999.900   -999.900     -1.649      0.000   -127.380   -127.440    -81.899    -77.613   -999.900   -999.900
   -105.000    -58.933    -57.305   -999.900   -999.900     -1.627      0.000   -132.380   -132.440    -88.746    -92.419   -999.900   -999.900
   -110.000    -58.950    -57.310   -999.900   -999.900     -1.640      0.000   -137.380   -137.440    -88.746    -92.419   -999.900   -999.900
   -115.000    -58.931    -57.307   -999.900   -999.900     -1.624      0.000   -142.380   -142.440    -88.746    -92.419   -999.900   -999.900
   -120.000    -58.935    -57.304   -999.900   -999.900     -1.631      0.000   -147.380   -147.440    -88.746    -92.419   -999.900   -999.900
