      0.000      3.859      3.766   -999.900   -999.900      0.093      0.000    -27.380    -27.440      3.859      3.766   -999.900   -999.900
     -5.000      3.878      3.787   -999.900   -999.900      0.091      0.000    -32.380    -32.440      3.878      3.787   -999.900   -999.900
    -10.000      3.784      3.703   -999.900   -999.900      0.081      0.000    -37.380    -37.440      3.784      3.703   -999.900   -999.900
    -15.000      3.280      3.228   -999.900   -999.900      0.052      0.000    -42.380    -42.440      3.280      3.228   -999.900   -999.900
    -20.000      1.707      1.703   -999.900   -999.900      0.005      0.000    -47.380    -47.440      1.707      1.703   -999.900   -999.900
    -25.000     -1.958     -1.944   -999.900   -999.900     -0.015      0.000    -52.380    -52.440     -1.958     -1.944   -999.900   -999.900
    -30.000     -6.370     -6.354   -999.900   -999.900     -0.016      0.000    -57.380    -57.440     -6.370     -6.354   -999.900   -999.900
    -35.000    -11.160    -11.139   -999.900   -999.900     -0.021      0.000    -62.380    -62.440    -11.160    -11.139   -999.900   -999.900
    -40.000    -16.074    -16.046   -999.900   -999.900     -0.028      0.000    -67.380    -67.440    -16.075    -16.046   -999.900   -999.900
    -45.000    -21.083    -21.047   -999.900   -999.900     -0.037      0.000    -72.380    -72.440    -21.084    -21.048   -999.900   -999.900
    -50.000    -26.115    -26.050   -999.900   -999.900     -0.065      0.000    -77.380    -77.440    -26.117    -26.053   -999.900   -999.900
    -55.000    -31.320    -31.169   -999.900   -999.900     -0.151      0.000    -82.380    -82.440    -31.328    -31.180   -999.900   -999.900
    -60.000    -36.519    -36.101   -999.900   -999.900     -0.418      0.000    -87.380    -87.440    -36.546    -36.132   -999.900   -999.900
    -65.000    -41.997    -40.922   -999.900   -999.900     -1.075      0.000    -92.380    -92.440    -42.092    -41.019   -999.900   -999.900
    -70.000    -46.921    -45.771   -999.900   -999.900     -1.150      0.000    -97.380    -97.440    -47.223    -46.077   -999.900   -999.900
    -75.000    -51.218    -50.246   -999.900   -999.900     -0.972      0.000   -102.380   -102.440    -52.085    -51.163   -999.900   -999.900
    -80.000    -54.671    -53.733   -999.900   -999.900     -0.939      0.000   -107.380   -107.440    -56.895    -56.136   -999.900   -999.900
    -85.000    -56.976    -55.920   -999.900   -999.900     -1.057      0.000   -112.380   -112.440    -61.942    -61.196   -999.900   -999.900
    -90.000    -58.024    -56.888   -999.900   -999.900     -1.136      0.000   -117.380   -117.440    -66.794    -66.055   -999.900   -999.900
    -95.000    -58.436    -57.263   -999.900   -999.900     -1.174      0.000   -122.380   -122.440    -71.770    -71.036   -999.900   -999.900
   -100.000    -58.563    -57.389   -999.900   -999.900     -1.174      0.000   -127.380   -127.440    -75.971    -76.058   -999.900   -999.900
   -105.000    -58.644    -57.455   -999.900   -999.900     -1.189      0.000   -132.380   -132.440    -75.971    -76.058   -999.900   -999.900
   -110.000    -58.647    -57.436   -999.900   -999.900     -1.211      0.000   -137.380   -137.440    -75.971    -76.058   -999.900   -999.900
   -115.000    -58.633    -57.456   -999.900   -999.900     -1.177      0.000   -142.380   -142.440    -75.971    -76.058   -999.900   -999.900
   -120.000    -58.647    -57.448   -999.900   -999.900     -1.198      0.000   -147.380   -147.440    -75.971    -76.058   -999.900   -999.900
