      0.000      3.592      3.985   -999.900   -999.900     -0.393      0.000    -27.380    -27.440      3.592      3.985   -999.900   -999.900
     -5.000      3.619      4.013   -999.900   -999.900     -0.395      0.000    -32.380    -32.440      3.619      4.013   -999.900   -999.900
    -10.000      3.532      3.942   -999.900   -999.900     -0.411      0.000    -37.380    -37.440      3.532      3.942   -999.900   -999.900
    -15.000      3.079      3.549   -999.900   -999.900     -0.470      0.000    -42.380    -42.440      3.079      3.549   -999.900   -999.900
    -20.000      1.637      2.158   -999.900   -999.900     -0.521      0.000    -47.380    -47.440      1.637      2.158   -999.900   -999.900
    -25.000     -1.921     -1.380   -999.900   -999.900     -0.542      0.000    -52.380    -52.440     -1.921     -1.380   -999.900   -999.900
    -30.000     -6.269     -5.755   -999.900   -999.900     -0.514      0.000    -57.380    -57.440     -6.269     -5.755   -999.900   -999.900
    -35.000    -10.994    -10.500   -999.900   -999.900     -0.495      0.000    -62.380    -62.440    -10.994    -10.500   -999.900   -999.900
    -40.000    -15.873    -15.379   -999.900   -999.900     -0.495      0.000    -67.380    -67.440    -15.873    -15.379   -999.900   -999.900
    -45.000    -20.843    -20.341   -999.900   -999.900     -0.503      0.000    -72.380    -72.440    -20.844    -20.342   -999.900   -999.900
    -50.000    -25.847    -25.313   -999.900   -999.900     -0.534      0.000    -77.380    -77.440    -25.850    -25.317   -999.900   -999.900
    -55.000    -30.977    -30.361   -999.900   -999.900     -0.616      0.000    -82.380    -82.440    -30.986    -30.371   -999.900   -999.900
    -60.000    -36.059    -35.266   -999.900   -999.900     -0.793      0.000    -87.380    -87.440    -36.086    -35.297   -999.900   -999.900
    -65.000    -41.372    -40.134   -999.900   -999.900     -1.238      0.000    -92.380    -92.440    -41.466    -40.231   -999.900   -999.900
    -70.000    -46.435    -45.033   -999.900   -999.900     -1.402      0.000    -97.380    -97.440    -46.742    -45.339   -999.900   -999.900
    -75.000    -50.903    -49.612   -999.900   -999.900     -1.291      0.000   -102.380   -102.440    -51.822    -50.554   -999.900   -999.900
    -80.000    -54.360    -53.101   -999.900   -999.900     -1.259      0.000   -107.380   -107.440    -56.749    -55.585   -999.900   -999.900
    -85.000    -56.538    -55.239   -999.900   -999.900     -1.300      0.000   -112.380   -112.440    -61.746    -60.655   -999.900   -999.900
    -90.000    -57.534    -56.178   -999.900   -999.900     -1.357      0.000   -117.380   -117.440    -66.692    -65.558   -999.900   -999.900
    -95.000    -57.925    -56.542   -999.900   -999.900     -1.384      0.000   -122.380   -122.440    -72.056    -70.745   -999.900   -999.900
   -100.000    -58.039    -56.649   -999.900   -999.900     -1.389      0.000   -127.380   -127.440    -76.840    -75.253   -999.900   -999.900
   -105.000    -58.095    -56.707   -999.900   -999.900     -1.388      0.000   -132.380   -132.440    -92.005    -88.281   -999.900   -999.900
   -110.000    -58.089    -56.706   -999.900   -999.900     -1.383      0.000   -137.380   -137.440    -85.816    -86.881   -999.900   -999.900
   -115.000    -58.100    -56.715   -999.900   -999.900     -1.386      0.000   -142.380   -142.440    -85.816    -86.881   -999.900   -999.900
   -120.000    -58.101    -56.712   -999.900   -999.900     -1.389      0.000   -147.380   -147.440    -85.816    -86.881   -999.900   -999.900
