      0.000      3.366      3.818   -999.900   -999.900     -0.451      0.000    -27.380    -27.440      3.366      3.818   -999.900   -999.900
     -5.000      3.358      3.814   -999.900   -999.900     -0.456      0.000    -32.380    -32.440      3.358      3.814   -999.900   -999.900
    -10.000      3.203      3.676   -999.900   -999.900     -0.473      0.000    -37.380    -37.440      3.203      3.676   -999.900   -999.900
    -15.000      2.480      3.002   -999.900   -999.900     -0.522      0.000    -42.380    -42.440      2.480      3.002   -999.900   -999.900
    -20.000      0.425      0.918   -999.900   -999.900     -0.494      0.000    -47.380    -47.440      0.425      0.918   -999.900   -999.900
    -25.000     -3.472     -3.001   -999.900   -999.900     -0.471      0.000    -52.380    -52.440     -3.472     -3.001   -999.900   -999.900
    -30.000     -8.034     -7.588   -999.900   -999.900     -0.446      0.000    -57.380    -57.440     -8.034     -7.588   -999.900   -999.900
    -35.000    -12.782    -12.344   -999.900   -999.900     -0.437      0.000    -62.380    -62.440    -12.782    -12.344   -999.900   -999.900
    -40.000    -17.704    -17.257   -999.900   -999.900     -0.447      0.000    -67.380    -67.440    -17.705    -17.257   -999.900   -999.900
    -45.000    -22.699    -22.232   -999.900   -999.900     -0.467      0.000    -72.380    -72.440    -22.700    -22.233   -999.900   -999.900
    -50.000    -27.656    -27.165   -999.900   -999.900     -0.491      0.000    -77.380    -77.440    -27.659    -27.169   -999.900   -999.900
    -55.000    -32.783    -32.148   -999.900   -999.900     -0.635      0.000    -82.380    -82.440    -32.794    -32.161   -999.900   -999.900
    -60.000    -37.796    -37.007   -999.900   -999.900     -0.788      0.000    -87.380    -87.440    -37.829    -37.048   -999.900   -999.900
    -65.000    -43.071    -42.005   -999.900   -999.900     -1.066      0.000    -92.380    -92.440    -43.184    -42.135   -999.900   -999.900
    -70.000    -48.213    -46.885   -999.900   -999.900     -1.327      0.000    -97.380    -97.440    -48.592    -47.298   -999.900   -999.900
    -75.000    -52.634    -51.185   -999.900   -999.900     -1.450      0.000   -102.380   -102.440    -53.779    -52.397   -999.900   -999.900
    -80.000    -55.904    -54.343   -999.900   -999.900     -1.561      0.000   -107.380   -107.440    -58.845    -57.390   -999.900   -999.900
    -85.000    -57.743    -56.172   -999.900   -999.900     -1.571      0.000   -112.380   -112.440    -63.782    -62.519   -999.900   -999.900
    -90.000    -58.562    -56.931   -999.900   -999.900     -1.631      0.000   -117.380   -117.440    -68.872    -67.629   -999.900   -999.900
    -95.000    -58.885    -57.191   -999.900   -999.900     -1.694      0.000   -122.380   -122.440    -75.282    -72.618   -999.900   -999.900
   -100.000    -58.979    -57.275   -999.900   -999.900     -1.704      0.000   -127.380   -127.440    -86.854    -77.380   -999.900   -999.900
   -105.000    -58.975    -57.317   -999.900   -999.900     -1.658      0.000   -132.380   -132.440    -84.969    -77.380   -999.900   -999.900
   -110.000    -58.999    -57.320   -999.900   -999.900     -1.679      0.000   -137.380   -137.440    -84.969    -77.380   -999.900   -999.900
   -115.000    -58.993    -57.316   -999.900   -999.900     -1.677      0.000   -142.380   -142.440    -84.969    -77.380   -999.900   -999.900
   -120.000    -58.978    -57.316   -999.900   -999.900     -1.661      0.000   -147.380   -147.440    -84.969    -77.380   -999.900   -999.900
