      0.000      3.273      3.742   -999.900   -999.900     -0.469      0.000    -27.380    -27.440      3.273      3.742   -999.900   -999.900
     -5.000      3.273      3.748   -999.900   -999.900     -0.474      0.000    -32.380    -32.440      3.273      3.748   -999.900   -999.900
    -10.000      3.133      3.626   -999.900   -999.900     -0.493      0.000    -37.380    -37.440      3.133      3.626   -999.900   -999.900
    -15.000      2.468      3.027   -999.900   -999.900     -0.559      0.000    -42.380    -42.440      2.468      3.027   -999.900   -999.900
    -20.000      0.605      1.183   -999.900   -999.900     -0.577      0.000    -47.380    -47.440      0.605      1.183   -999.900   -999.900
    -25.000     -3.214     -2.632   -999.900   -999.900     -0.582      0.000    -52.380    -52.440     -3.214     -2.632   -999.900   -999.900
    -30.000     -7.718     -7.150   -999.900   -999.900     -0.568      0.000    -57.380    -57.440     -7.718     -7.150   -999.900   -999.900
    -35.000    -12.467    -11.902   -999.900   -999.900     -0.565      0.000    -62.380    -62.440    -12.467    -11.902   -999.900   -999.900
    -40.000    -17.379    -16.800   -999.900   -999.900     -0.579      0.000    -67.380    -67.440    -17.379    -16.800   -999.900   -999.900
    -45.000    -22.376    -21.782   -999.900   -999.900     -0.594      0.000    -72.380    -72.440    -22.377    -21.783   -999.900   -999.900
    -50.000    -27.350    -26.724   -999.900   -999.900     -0.626      0.000    -77.380    -77.440    -27.353    -26.727   -999.900   -999.900
    -55.000    -32.486    -31.728   -999.900   -999.900     -0.758      0.000    -82.380    -82.440    -32.496    -31.740   -999.900   -999.900
    -60.000    -37.485    -36.575   -999.900   -999.900     -0.910      0.000    -87.380    -87.440    -37.517    -36.611   -999.900   -999.900
    -65.000    -42.539    -41.558   -999.900   -999.900     -0.981      0.000    -92.380    -92.440    -42.642    -41.674   -999.900   -999.900
    -70.000    -47.629    -46.479   -999.900   -999.900     -1.150      0.000    -97.380    -97.440    -47.969    -46.847   -999.900   -999.900
    -75.000    -52.229    -50.887   -999.900   -999.900     -1.342      0.000   -102.380   -102.440    -53.294    -51.990   -999.900   -999.900
    -80.000    -55.607    -54.159   -999.900   -999.900     -1.448      0.000   -107.380   -107.440    -58.390    -56.969   -999.900   -999.900
    -85.000    -57.567    -56.089   -999.900   -999.900     -1.477      0.000   -112.380   -112.440    -63.463    -61.992   -999.900   -999.900
    -90.000    -58.414    -56.934   -999.900   -999.900     -1.480      0.000   -117.380   -117.440    -68.537    -67.053   -999.900   -999.900
    -95.000    -58.728    -57.228   -999.900   -999.900     -1.500      0.000   -122.380   -122.440    -74.040    -71.898   -999.900   -999.900
   -100.000    -58.814    -57.337   -999.900   -999.900     -1.477      0.000   -127.380   -127.440    -78.808    -77.538   -999.900   -999.900
   -105.000    -58.846    -57.367   -999.900   -999.900     -1.479      0.000   -132.380   -132.440    -84.541    -83.029   -999.900   -999.900
   -110.000    -58.861    -57.391   -999.900   -999.900     -1.470      0.000   -137.380   -137.440    -84.541    -83.029   -999.900   -999.900
   -115.000    -58.856    -57.382   -999.900   -999.900     -1.474      0.000   -142.380   -142.440    -84.541    -83.029   -999.900   -999.900
   -120.000    -58.869    -57.376   -999.900   -999.900     -1.494      0.000   -147.380   -147.440    -84.541    -83.029   -999.900   -999.900
