    -45.000    -21.160    -20.638   -999.900   -999.900     -0.522      0.000    -50.500    -51.300
    -50.000    -26.004    -25.380   -999.900   -999.900     -0.625      0.000    -55.500    -56.300
    -55.000    -31.013    -30.383   -999.900   -999.900     -0.630      0.000    -60.500    -61.300
    -60.000    -35.975    -35.346   -999.900   -999.900     -0.629      0.000    -65.500    -66.300
    -65.000    -40.963    -40.337   -999.900   -999.900     -0.626      0.000    -70.500    -71.300
    -70.000    -45.930    -45.310   -999.900   -999.900     -0.620      0.000    -75.500    -76.300
    -75.000    -51.007    -50.390   -999.900   -999.900     -0.617      0.000    -80.500    -81.300
    -80.000    -55.950    -55.336   -999.900   -999.900     -0.613      0.000    -85.500    -86.300
    -85.000    -60.966    -60.382   -999.900   -999.900     -0.583      0.000    -90.500    -91.300
    -90.000    -65.666    -65.137   -999.900   -999.900     -0.529      0.000    -95.500    -96.300
    -95.000    -69.866    -69.499   -999.900   -999.900     -0.367      0.000   -100.500   -101.300
   -100.000    -72.878    -72.925   -999.900   -999.900      0.048      0.000   -105.500   -106.300
   -105.000    -74.572    -75.215   -999.900   -999.900      0.643      0.000   -110.500   -111.300
   -110.000    -75.218    -76.132   -999.900   -999.900      0.914      0.000   -115.500   -116.300
   -115.000    -75.427    -76.512   -999.900   -999.900      1.085      0.000   -120.500   -121.300
   -120.000    -75.486    -76.647   -999.900   -999.900      1.161      0.000   -125.500   -126.300
   -125.000    -75.513    -76.673   -999.900   -999.900      1.160      0.000   -130.500   -131.300
   -130.000    -75.513    -76.678   -999.900   -999.900      1.165      0.000   -135.500   -136.300
   -135.000    -75.509    -76.685   -999.900   -999.900      1.176      0.000   -140.500   -141.300
   -140.000    -75.510    -76.688   -999.900   -999.900      1.178      0.000   -145.500   -146.300
   -145.000    -75.514    -76.706   -999.900   -999.900      1.192      0.000   -150.500   -151.300
