      0.000      8.466   -999.900   -999.900   -999.900   1008.366      0.000    -15.000    -15.000      8.466   -999.900   -999.900   -999.900
     -5.000      8.465   -999.900   -999.900   -999.900   1008.365      0.000    -20.000    -20.000      8.465   -999.900   -999.900   -999.900
    -10.000      8.465   -999.900   -999.900   -999.900   1008.365      0.000    -25.000    -25.000      8.465   -999.900   -999.900   -999.900
    -15.000      8.465   -999.900   -999.900   -999.900   1008.365      0.000    -30.000    -30.000      8.465   -999.900   -999.900   -999.900
    -20.000      8.411   -999.900   -999.900   -999.900   1008.311      0.000    -35.000    -35.000      8.411   -999.900   -999.900   -999.900
    -25.000      7.940   -999.900   -999.900   -999.900   1007.840      0.000    -40.000    -40.000      7.940   -999.900   -999.900   -999.900
    -30.000      5.303   -999.900   -999.900   -999.900   1005.203      0.000    -45.000    -45.000      5.302   -999.900   -999.900   -999.900
    -35.000      0.635   -999.900   -999.900   -999.900   1000.535      0.000    -50.000    -50.000      0.635   -999.900   -999.900   -999.900
    -40.000     -4.293   -999.900   -999.900   -999.900    995.607      0.000    -55.000    -55.000     -4.294   -999.900   -999.900   -999.900
    -45.000     -9.269   -999.900   -999.900   -999.900    990.631      0.000    -60.000    -60.000     -9.270   -999.900   -999.900   -999.900
    -50.000    -14.258   -999.900   -999.900   -999.900    985.642      0.000    -65.000    -65.000    -14.260   -999.900   -999.900   -999.900
    -55.000    -19.306   -999.900   -999.900   -999.900    980.594      0.000    -70.000    -70.000    -19.310   -999.900   -999.900   -999.900
    -60.000    -24.309   -999.900   -999.900   -999.900    975.591      0.000    -75.000    -75.000    -24.324   -999.900   -999.900   -999.900
    -65.000    -29.357   -999.900   -999.900   -999.900    970.543      0.000    -80.000    -80.000    -29.405   -999.900   -999.900   -999.900
    -70.000    -34.379   -999.900   -999.900   -999.900    965.521      0.000    -85.000    -85.000    -34.535   -999.900   -999.900   -999.900
    -75.000    -39.223   -999.900   -999.900   -999.900    960.677      0.000    -90.000    -90.000    -39.719   -999.900   -999.900   -999.900
    -80.000    -43.358   -999.900   -999.900   -999.900    956.542      0.000    -95.000    -95.000    -44.783   -999.900   -999.900   -999.900
    -85.000    -46.321   -999.900   -999.900   -999.900    953.579      0.000   -100.000   -100.000    -49.821   -999.900   -999.900   -999.900
    -90.000    -47.912   -999.900   -999.900   -999.900    951.988      0.000   -105.000   -105.000    -54.865   -999.900   -999.900   -999.900
    -95.000    -48.556   -999.900   -999.900   -999.900    951.344      0.000   -110.000   -110.000    -59.853   -999.900   -999.900   -999.900
   -100.000    -48.781   -999.900   -999.900   -999.900    951.119      0.000   -115.000   -115.000    -64.785   -999.900   -999.900   -999.900
   -105.000    -48.900   -999.900   -999.900   -999.900    951.000      0.000   -120.000   -120.000    -64.785   -999.900   -999.900   -999.900
   -110.000    -48.894   -999.900   -999.900   -999.900    951.006      0.000   -125.000   -125.000    -64.785   -999.900   -999.900   -999.900
   -115.000    -48.882   -999.900   -999.900   -999.900    951.018      0.000   -130.000   -130.000    -64.785   -999.900   -999.900   -999.900
   -120.000    -48.888   -999.900   -999.900   -999.900    951.012      0.000   -135.000   -135.000    -64.785   -999.900   -999.900   -999.900
