      0.000      8.467   -999.900   -999.900   -999.900   1008.367      0.000    -16.220    -16.220      8.467   -999.900   -999.900   -999.900
     -5.000      8.466   -999.900   -999.900   -999.900   1008.366      0.000    -21.220    -21.220      8.466   -999.900   -999.900   -999.900
    -10.000      8.467   -999.900   -999.900   -999.900   1008.367      0.000    -26.220    -26.220      8.467   -999.900   -999.900   -999.900
    -15.000      8.466   -999.900   -999.900   -999.900   1008.366      0.000    -31.220    -31.220      8.466   -999.900   -999.900   -999.900
    -20.000      8.411   -999.900   -999.900   -999.900   1008.311      0.000    -36.220    -36.220      8.411   -999.900   -999.900   -999.900
    -25.000      7.933   -999.900   -999.900   -999.900   1007.833      0.000    -41.220    -41.220      7.933   -999.900   -999.900   -999.900
    -30.000      5.268   -999.900   -999.900   -999.900   1005.168      0.000    -46.220    -46.220      5.268   -999.900   -999.900   -999.900
    -35.000      0.596   -999.900   -999.900   -999.900   1000.496      0.000    -51.220    -51.220      0.596   -999.900   -999.900   -999.900
    -40.000     -4.334   -999.900   -999.900   -999.900    995.566      0.000    -56.220    -56.220     -4.334   -999.900   -999.900   -999.900
    -45.000     -9.311   -999.900   -999.900   -999.900    990.589      0.000    -61.220    -61.220     -9.311   -999.900   -999.900   -999.900
    -50.000    -14.300   -999.900   -999.900   -999.900    985.600      0.000    -66.220    -66.220    -14.302   -999.900   -999.900   -999.900
    -55.000    -19.348   -999.900   -999.900   -999.900    980.552      0.000    -71.220    -71.220    -19.353   -999.900   -999.900   -999.900
    -60.000    -24.346   -999.900   -999.900   -999.900    975.554      0.000    -76.220    -76.220    -24.362   -999.900   -999.900   -999.900
    -65.000    -29.394   -999.900   -999.900   -999.900    970.506      0.000    -81.220    -81.220    -29.444   -999.900   -999.900   -999.900
    -70.000    -34.413   -999.900   -999.900   -999.900    965.487      0.000    -86.220    -86.220    -34.573   -999.900   -999.900   -999.900
    -75.000    -39.247   -999.900   -999.900   -999.900    960.653      0.000    -91.220    -91.220    -39.752   -999.900   -999.900   -999.900
    -80.000    -43.375   -999.900   -999.900   -999.900    956.525      0.000    -96.220    -96.220    -44.825   -999.900   -999.900   -999.900
    -85.000    -46.322   -999.900   -999.900   -999.900    953.578      0.000   -101.220   -101.220    -49.883   -999.900   -999.900   -999.900
    -90.000    -47.872   -999.900   -999.900   -999.900    952.028      0.000   -106.220   -106.220    -54.855   -999.900   -999.900   -999.900
    -95.000    -48.525   -999.900   -999.900   -999.900    951.375      0.000   -111.220   -111.220    -60.031   -999.900   -999.900   -999.900
   -100.000    -48.745   -999.900   -999.900   -999.900    951.155      0.000   -116.220   -116.220    -65.267   -999.900   -999.900   -999.900
   -105.000    -48.833   -999.900   -999.900   -999.900    951.067      0.000   -121.220   -121.220    -75.405   -999.900   -999.900   -999.900
   -110.000    -48.845   -999.900   -999.900   -999.900    951.055      0.000   -126.220   -126.220    -75.405   -999.900   -999.900   -999.900
   -115.000    -48.851   -999.900   -999.900   -999.900    951.049      0.000   -131.220   -131.220    -75.405   -999.900   -999.900   -999.900
   -120.000    -48.843   -999.900   -999.900   -999.900    951.057      0.000   -136.220   -136.220    -75.405   -999.900   -999.900   -999.900
