      0.000      6.190      3.023   -999.900   -999.900      3.167      0.000    -29.400    -30.400      6.190      3.023   -999.900   -999.900
     -5.000      5.922      2.865   -999.900   -999.900      3.057      0.000    -34.400    -35.400      5.922      2.865   -999.900   -999.900
    -10.000      4.877      2.175   -999.900   -999.900      2.702      0.000    -39.400    -40.400      4.877      2.175   -999.900   -999.900
    -15.000      2.030      0.196   -999.900   -999.900      1.834      0.000    -44.400    -45.400      2.030      0.196   -999.900   -999.900
    -20.000     -2.775     -4.283   -999.900   -999.900      1.509      0.000    -49.400    -50.400     -2.775     -4.283   -999.900   -999.900
    -25.000     -7.655     -9.117   -999.900   -999.900      1.461      0.000    -54.400    -55.400     -7.655     -9.117   -999.900   -999.900
    -30.000    -12.627    -14.084   -999.900   -999.900      1.457      0.000    -59.400    -60.400    -12.627    -14.084   -999.900   -999.900
    -35.000    -17.715    -19.179   -999.900   -999.900      1.464      0.000    -64.400    -65.400    -17.715    -19.180   -999.900   -999.900
    -40.000    -22.778    -24.243   -999.900   -999.900      1.465      0.000    -69.400    -70.400    -22.779    -24.244   -999.900   -999.900
    -45.000    -27.834    -29.347   -999.900   -999.900      1.512      0.000    -74.400    -75.400    -27.837    -29.351   -999.900   -999.900
    -50.000    -32.882    -34.440   -999.900   -999.900      1.558      0.000    -79.400    -80.400    -32.890    -34.455   -999.900   -999.900
    -55.000    -37.898    -39.570   -999.900   -999.900      1.672      0.000    -84.400    -85.400    -37.924    -39.620   -999.900   -999.900
    -60.000    -42.797    -44.640   -999.900   -999.900      1.844      0.000    -89.400    -90.400    -42.877    -44.804   -999.900   -999.900
    -65.000    -47.687    -49.431   -999.900   -999.900      1.744      0.000    -94.400    -95.400    -47.940    -49.944   -999.900   -999.900
    -70.000    -52.214    -53.495   -999.900   -999.900      1.281      0.000    -99.400   -100.400    -52.972    -54.944   -999.900   -999.900
    -75.000    -55.932    -56.415   -999.900   -999.900      0.483      0.000   -104.400   -105.400    -57.989    -59.938   -999.900   -999.900
    -80.000    -58.341    -57.998   -999.900   -999.900     -0.343      0.000   -109.400   -110.400    -62.986    -64.989   -999.900   -999.900
    -85.000    -59.501    -58.641   -999.900   -999.900     -0.860      0.000   -114.400   -115.400    -67.977    -70.049   -999.900   -999.900
    -90.000    -59.961    -58.866   -999.900   -999.900     -1.095      0.000   -119.400   -120.400    -73.313    -75.229   -999.900   -999.900
    -95.000    -60.105    -58.941   -999.900   -999.900     -1.164      0.000   -124.400   -125.400    -78.652    -81.133   -999.900   -999.900
   -100.000    -60.160    -58.946   -999.900   -999.900     -1.214      0.000   -129.400   -130.400    -88.400    -82.037   -999.900   -999.900
   -105.000    -60.170    -58.960   -999.900   -999.900     -1.210      0.000   -134.400   -135.400    -88.400    -86.649   -999.900   -999.900
   -110.000    -60.160    -58.968   -999.900   -999.900     -1.192      0.000   -139.400   -140.400    -88.400    -86.649   -999.900   -999.900
   -115.000    -60.175    -58.967   -999.900   -999.900     -1.208      0.000   -144.400   -145.400    -88.400    -86.649   -999.900   -999.900
   -120.000    -60.160    -58.974   -999.900   -999.900     -1.186      0.000   -149.400   -150.400    -88.400    -86.649   -999.900   -999.900
