      0.000      6.371      3.199   -999.900   -999.900      3.172      0.000    -29.400    -30.400      6.371      3.199   -999.900   -999.900
     -5.000      6.097      3.079   -999.900   -999.900      3.018      0.000    -34.400    -35.400      6.097      3.079   -999.900   -999.900
    -10.000      5.002      2.498   -999.900   -999.900      2.504      0.000    -39.400    -40.400      5.002      2.498   -999.900   -999.900
    -15.000      2.289      0.901   -999.900   -999.900      1.388      0.000    -44.400    -45.400      2.289      0.901   -999.900   -999.900
    -20.000     -2.469     -3.104   -999.900   -999.900      0.635      0.000    -49.400    -50.400     -2.469     -3.104   -999.900   -999.900
    -25.000     -7.352     -7.917   -999.900   -999.900      0.565      0.000    -54.400    -55.400     -7.352     -7.917   -999.900   -999.900
    -30.000    -12.396    -12.931   -999.900   -999.900      0.535      0.000    -59.400    -60.400    -12.396    -12.932   -999.900   -999.900
    -35.000    -17.395    -17.912   -999.900   -999.900      0.517      0.000    -64.400    -65.400    -17.396    -17.912   -999.900   -999.900
    -40.000    -22.459    -22.950   -999.900   -999.900      0.491      0.000    -69.400    -70.400    -22.460    -22.951   -999.900   -999.900
    -45.000    -27.527    -27.996   -999.900   -999.900      0.470      0.000    -74.400    -75.400    -27.530    -27.999   -999.900   -999.900
    -50.000    -32.579    -32.983   -999.900   -999.900      0.404      0.000    -79.400    -80.400    -32.589    -32.992   -999.900   -999.900
    -55.000    -37.513    -38.055   -999.900   -999.900      0.541      0.000    -84.400    -85.400    -37.544    -38.084   -999.900   -999.900
    -60.000    -42.319    -43.240   -999.900   -999.900      0.921      0.000    -89.400    -90.400    -42.413    -43.339   -999.900   -999.900
    -65.000    -47.133    -48.230   -999.900   -999.900      1.096      0.000    -94.400    -95.400    -47.423    -48.551   -999.900   -999.900
    -70.000    -51.604    -52.670   -999.900   -999.900      1.065      0.000    -99.400   -100.400    -52.469    -53.629   -999.900   -999.900
    -75.000    -55.181    -56.105   -999.900   -999.900      0.924      0.000   -104.400   -105.400    -57.483    -58.599   -999.900   -999.900
    -80.000    -57.404    -58.216   -999.900   -999.900      0.811      0.000   -109.400   -110.400    -62.441    -63.596   -999.900   -999.900
    -85.000    -58.457    -59.147   -999.900   -999.900      0.690      0.000   -114.400   -115.400    -67.479    -68.367   -999.900   -999.900
    -90.000    -58.847    -59.527   -999.900   -999.900      0.680      0.000   -119.400   -120.400    -72.498    -73.592   -999.900   -999.900
    -95.000    -58.961    -59.630   -999.900   -999.900      0.668      0.000   -124.400   -125.400    -76.485    -77.495   -999.900   -999.900
   -100.000    -59.014    -59.685   -999.900   -999.900      0.671      0.000   -129.400   -130.400    -81.450    -83.874   -999.900   -999.900
   -105.000    -59.019    -59.697   -999.900   -999.900      0.678      0.000   -134.400   -135.400    -82.463    -89.550   -999.900   -999.900
   -110.000    -59.048    -59.692   -999.900   -999.900      0.645      0.000   -139.400   -140.400    -82.463    -86.638   -999.900   -999.900
   -115.000    -59.034    -59.708   -999.900   -999.900      0.674      0.000   -144.400   -145.400    -82.463    -86.638   -999.900   -999.900
   -120.000    -59.054    -59.707   -999.900   -999.900      0.654      0.000   -149.400   -150.400    -82.463    -86.638   -999.900   -999.900
