      0.000      5.760      6.000   -999.900   -999.900     -0.240      0.000    -27.380    -27.440      5.760      6.000   -999.900   -999.900
     -5.000      5.761      6.018   -999.900   -999.900     -0.257      0.000    -32.380    -32.440      5.761      6.018   -999.900   -999.900
    -10.000      5.506      5.831   -999.900   -999.900     -0.324      0.000    -37.380    -37.440      5.506      5.831   -999.900   -999.900
    -15.000      4.517      5.045   -999.900   -999.900     -0.528      0.000    -42.380    -42.440      4.517      5.045   -999.900   -999.900
    -20.000      2.058      2.717   -999.900   -999.900     -0.658      0.000    -47.380    -47.440      2.058      2.717   -999.900   -999.900
    -25.000     -2.658     -1.936   -999.900   -999.900     -0.722      0.000    -52.380    -52.440     -2.658     -1.936   -999.900   -999.900
    -30.000     -7.623     -6.884   -999.900   -999.900     -0.738      0.000    -57.380    -57.440     -7.623     -6.884   -999.900   -999.900
    -35.000    -12.568    -11.818   -999.900   -999.900     -0.749      0.000    -62.380    -62.440    -12.568    -11.818   -999.900   -999.900
    -40.000    -17.580    -16.825   -999.900   -999.900     -0.756      0.000    -67.380    -67.440    -17.580    -16.825   -999.900   -999.900
    -45.000    -22.613    -21.842   -999.900   -999.900     -0.770      0.000    -72.380    -72.440    -22.613    -21.843   -999.900   -999.900
    -50.000    -27.636    -26.863   -999.900   -999.900     -0.773      0.000    -77.380    -77.440    -27.639    -26.865   -999.900   -999.900
    -55.000    -32.700    -31.898   -999.900   -999.900     -0.802      0.000    -82.380    -82.440    -32.708    -31.905   -999.900   -999.900
    -60.000    -37.580    -36.923   -999.900   -999.900     -0.657      0.000    -87.380    -87.440    -37.603    -36.944   -999.900   -999.900
    -65.000    -42.411    -41.990   -999.900   -999.900     -0.421      0.000    -92.380    -92.440    -42.484    -42.060   -999.900   -999.900
    -70.000    -47.256    -46.928   -999.900   -999.900     -0.328      0.000    -97.380    -97.440    -47.482    -47.151   -999.900   -999.900
    -75.000    -51.844    -51.484   -999.900   -999.900     -0.361      0.000   -102.380   -102.440    -52.528    -52.153   -999.900   -999.900
    -80.000    -55.646    -55.289   -999.900   -999.900     -0.357      0.000   -107.380   -107.440    -57.513    -57.113   -999.900   -999.900
    -85.000    -58.212    -57.866   -999.900   -999.900     -0.346      0.000   -112.380   -112.440    -62.540    -62.077   -999.900   -999.900
    -90.000    -59.477    -59.189   -999.900   -999.900     -0.288      0.000   -117.380   -117.440    -67.556    -67.203   -999.900   -999.900
    -95.000    -59.963    -59.691   -999.900   -999.900     -0.273      0.000   -122.380   -122.440    -72.513    -72.291   -999.900   -999.900
   -100.000    -60.141    -59.853   -999.900   -999.900     -0.288      0.000   -127.380   -127.440    -78.045    -77.079   -999.900   -999.900
   -105.000    -60.211    -59.934   -999.900   -999.900     -0.276      0.000   -132.380   -132.440    -95.617    -93.861   -999.900   -999.900
   -110.000    -60.200    -59.928   -999.900   -999.900     -0.272      0.000   -137.380   -137.440    -85.833    -87.017   -999.900   -999.900
   -115.000    -60.207    -59.938   -999.900   -999.900     -0.268      0.000   -142.380   -142.440    -89.337    -87.017   -999.900   -999.900
   -120.000    -60.230    -59.944   -999.900   -999.900     -0.286      0.000   -147.380   -147.440    -89.337    -87.017   -999.900   -999.900
