      0.000      5.927      6.306   -999.900   -999.900     -0.379      0.000    -29.460    -30.460      5.927      6.306   -999.900   -999.900
     -5.000      5.742      5.753   -999.900   -999.900     -0.011      0.000    -34.460    -35.460      5.742      5.753   -999.900   -999.900
    -10.000      4.935      4.561   -999.900   -999.900      0.374      0.000    -39.460    -40.460      4.935      4.561   -999.900   -999.900
    -15.000      2.892      2.072   -999.900   -999.900      0.820      0.000    -44.460    -45.460      2.892      2.072   -999.900   -999.900
    -20.000     -1.620     -2.695   -999.900   -999.900      1.075      0.000    -49.460    -50.460     -1.620     -2.695   -999.900   -999.900
    -25.000     -6.490     -7.608   -999.900   -999.900      1.118      0.000    -54.460    -55.460     -6.491     -7.608   -999.900   -999.900
    -30.000    -11.492    -12.637   -999.900   -999.900      1.145      0.000    -59.460    -60.460    -11.492    -12.637   -999.900   -999.900
    -35.000    -16.472    -17.650   -999.900   -999.900      1.177      0.000    -64.460    -65.460    -16.473    -17.650   -999.900   -999.900
    -40.000    -21.534    -22.726   -999.900   -999.900      1.192      0.000    -69.460    -70.460    -21.536    -22.728   -999.900   -999.900
    -45.000    -26.597    -27.857   -999.900   -999.900      1.259      0.000    -74.460    -75.460    -26.603    -27.864   -999.900   -999.900
    -50.000    -31.652    -32.975   -999.900   -999.900      1.323      0.000    -79.460    -80.460    -31.669    -32.999   -999.900   -999.900
    -55.000    -36.683    -38.163   -999.900   -999.900      1.480      0.000    -84.460    -85.460    -36.740    -38.244   -999.900   -999.900
    -60.000    -41.612    -43.143   -999.900   -999.900      1.532      0.000    -89.460    -90.460    -41.791    -43.404   -999.900   -999.900
    -65.000    -46.313    -47.743   -999.900   -999.900      1.430      0.000    -94.460    -95.460    -46.866    -48.542   -999.900   -999.900
    -70.000    -50.351    -51.410   -999.900   -999.900      1.059      0.000    -99.460   -100.460    -51.918    -53.565   -999.900   -999.900
    -75.000    -53.197    -53.762   -999.900   -999.900      0.564      0.000   -104.460   -105.460    -57.001    -58.605   -999.900   -999.900
    -80.000    -54.643    -54.860   -999.900   -999.900      0.217      0.000   -109.460   -110.460    -61.945    -63.576   -999.900   -999.900
    -85.000    -55.235    -55.276   -999.900   -999.900      0.041      0.000   -114.460   -115.460    -66.968    -68.537   -999.900   -999.900
    -90.000    -55.430    -55.411   -999.900   -999.900     -0.019      0.000   -119.460   -120.460    -71.584    -73.041   -999.900   -999.900
    -95.000    -55.492    -55.471   -999.900   -999.900     -0.021      0.000   -124.460   -125.460    -75.397    -79.940   -999.900   -999.900
   -100.000    -55.527    -55.469   -999.900   -999.900     -0.058      0.000   -129.460   -130.460    -81.775    -79.443   -999.900   -999.900
   -105.000    -55.521    -55.478   -999.900   -999.900     -0.043      0.000   -134.460   -135.460    -79.955    -82.594   -999.900   -999.900
   -110.000    -55.552    -55.488   -999.900   -999.900     -0.064      0.000   -139.460   -140.460    -79.955    -82.594   -999.900   -999.900
   -115.000    -55.544    -55.488   -999.900   -999.900     -0.056      0.000   -144.460   -145.460    -79.955    -82.594   -999.900   -999.900
   -120.000    -55.531    -55.493   -999.900   -999.900     -0.038      0.000   -149.460   -150.460    -79.955    -82.594   -999.900   -999.900
