      0.000      6.020      6.438   -999.900   -999.900     -0.418      0.000    -26.420    -26.440      6.020      6.438   -999.900   -999.900
     -5.000      5.969      6.438   -999.900   -999.900     -0.468      0.000    -31.420    -31.440      5.969      6.438   -999.900   -999.900
    -10.000      5.615      6.229   -999.900   -999.900     -0.615      0.000    -36.420    -36.440      5.615      6.229   -999.900   -999.900
    -15.000      4.413      5.546   -999.900   -999.900     -1.133      0.000    -41.420    -41.440      4.413      5.546   -999.900   -999.900
    -20.000      1.211      4.140   -999.900   -999.900     -2.930      0.000    -46.420    -46.440      1.211      4.140   -999.900   -999.900
    -25.000     -3.580      0.817   -999.900   -999.900     -4.397      0.000    -51.420    -51.440     -3.580      0.817   -999.900   -999.900
    -30.000     -8.548     -4.081   -999.900   -999.900     -4.467      0.000    -56.420    -56.440     -8.548     -4.081   -999.900   -999.900
    -35.000    -13.544     -9.043   -999.900   -999.900     -4.500      0.000    -61.420    -61.440    -13.544     -9.043   -999.900   -999.900
    -40.000    -18.569    -14.061   -999.900   -999.900     -4.508      0.000    -66.420    -66.440    -18.570    -14.062   -999.900   -999.900
    -45.000    -23.621    -19.092   -999.900   -999.900     -4.529      0.000    -71.420    -71.440    -23.624    -19.095   -999.900   -999.900
    -50.000    -28.641    -24.114   -999.900   -999.900     -4.526      0.000    -76.420    -76.440    -28.650    -24.123   -999.900   -999.900
    -55.000    -33.682    -29.176   -999.900   -999.900     -4.506      0.000    -81.420    -81.440    -33.712    -29.204   -999.900   -999.900
    -60.000    -38.404    -34.111   -999.900   -999.900     -4.293      0.000    -86.420    -86.440    -38.492    -34.197   -999.900   -999.900
    -65.000    -43.167    -38.965   -999.900   -999.900     -4.202      0.000    -91.420    -91.440    -43.438    -39.232   -999.900   -999.900
    -70.000    -47.659    -43.508   -999.900   -999.900     -4.151      0.000    -96.420    -96.440    -48.469    -44.315   -999.900   -999.900
    -75.000    -51.315    -47.203   -999.900   -999.900     -4.112      0.000   -101.420   -101.440    -53.497    -49.403   -999.900   -999.900
    -80.000    -53.630    -49.521   -999.900   -999.900     -4.109      0.000   -106.420   -106.440    -58.487    -54.437   -999.900   -999.900
    -85.000    -54.719    -50.599   -999.900   -999.900     -4.119      0.000   -111.420   -111.440    -63.411    -59.414   -999.900   -999.900
    -90.000    -55.144    -51.024   -999.900   -999.900     -4.119      0.000   -116.420   -116.440    -68.492    -64.779   -999.900   -999.900
    -95.000    -55.276    -51.141   -999.900   -999.900     -4.134      0.000   -121.420   -121.440    -73.021    -69.124   -999.900   -999.900
   -100.000    -55.339    -51.203   -999.900   -999.900     -4.136      0.000   -126.420   -126.440    -81.589    -78.694   -999.900   -999.900
   -105.000    -55.344    -51.204   -999.900   -999.900     -4.140      0.000   -131.420   -131.440    -84.792    -79.067   -999.900   -999.900
   -110.000    -55.350    -51.211   -999.900   -999.900     -4.139      0.000   -136.420   -136.440    -84.792    -96.671   -999.900   -999.900
   -115.000    -55.352    -51.216   -999.900   -999.900     -4.136      0.000   -141.420   -141.440    -84.792    -96.671   -999.900   -999.900
   -120.000    -55.351    -51.214   -999.900   -999.900     -4.137      0.000   -146.420   -146.440    -84.792    -96.671   -999.900   -999.900
