      0.000      8.356   -999.900   -999.900   -999.900   1008.256      0.000    -15.910    -15.910      8.356   -999.900   -999.900   -999.900
     -5.000      8.355   -999.900   -999.900   -999.900   1008.255      0.000    -20.910    -20.910      8.355   -999.900   -999.900   -999.900
    -10.000      8.354   -999.900   -999.900   -999.900   1008.254      0.000    -25.910    -25.910      8.354   -999.900   -999.900   -999.900
    -15.000      8.349   -999.900   -999.900   -999.900   1008.249      0.000    -30.910    -30.910      8.349   -999.900   -999.900   -999.900
    -20.000      8.294   -999.900   -999.900   -999.900   1008.194      0.000    -35.910    -35.910      8.294   -999.900   -999.900   -999.900
    -25.000      7.824   -999.900   -999.900   -999.900   1007.724      0.000    -40.910    -40.910      7.824   -999.900   -999.900   -999.900
    -30.000      5.968   -999.900   -999.900   -999.900   1005.868      0.000    -45.910    -45.910      5.968   -999.900   -999.900   -999.900
    -35.000      1.613   -999.900   -999.900   -999.900   1001.513      0.000    -50.910    -50.910      1.613   -999.900   -999.900   -999.900
    -40.000     -3.268   -999.900   -999.900   -999.900    996.632      0.000    -55.910    -55.910     -3.269   -999.900   -999.900   -999.900
    -45.000     -8.224   -999.900   -999.900   -999.900    991.676      0.000    -60.910    -60.910     -8.224   -999.900   -999.900   -999.900
    -50.000    -13.207   -999.900   -999.900   -999.900    986.693      0.000    -65.910    -65.910    -13.207   -999.900   -999.900   -999.900
    -55.000    -18.239   -999.900   -999.900   -999.900    981.661      0.000    -70.910    -70.910    -18.241   -999.900   -999.900   -999.900
    -60.000    -23.208   -999.900   -999.900   -999.900    976.692      0.000    -75.910    -75.910    -23.215   -999.900   -999.900   -999.900
    -65.000    -28.237   -999.900   -999.900   -999.900    971.663      0.000    -80.910    -80.910    -28.258   -999.900   -999.900   -999.900
    -70.000    -33.245   -999.900   -999.900   -999.900    966.655      0.000    -85.910    -85.910    -33.312   -999.900   -999.900   -999.900
    -75.000    -38.182   -999.900   -999.900   -999.900    961.718      0.000    -90.910    -90.910    -38.393   -999.900   -999.900   -999.900
    -80.000    -42.738   -999.900   -999.900   -999.900    957.162      0.000    -95.910    -95.910    -43.372   -999.900   -999.900   -999.900
    -85.000    -46.617   -999.900   -999.900   -999.900    953.283      0.000   -100.910   -100.910    -48.369   -999.900   -999.900   -999.900
    -90.000    -49.262   -999.900   -999.900   -999.900    950.638      0.000   -105.910   -105.910    -53.356   -999.900   -999.900   -999.900
    -95.000    -50.610   -999.900   -999.900   -999.900    949.290      0.000   -110.910   -110.910    -58.372   -999.900   -999.900   -999.900
   -100.000    -51.137   -999.900   -999.900   -999.900    948.763      0.000   -115.910   -115.910    -63.368   -999.900   -999.900   -999.900
   -105.000    -51.407   -999.900   -999.900   -999.900    948.493      0.000   -120.910   -120.910    -63.368   -999.900   -999.900   -999.900
   -110.000    -51.416   -999.900   -999.900   -999.900    948.484      0.000   -125.910   -125.910    -63.368   -999.900   -999.900   -999.900
   -115.000    -51.397   -999.900   -999.900   -999.900    948.503      0.000   -130.910   -130.910    -63.368   -999.900   -999.900   -999.900
   -120.000    -51.401   -999.900   -999.900   -999.900    948.499      0.000   -135.910   -135.910    -63.368   -999.900   -999.900   -999.900
