      0.000      5.749      6.388   -999.900   -999.900     -0.639      0.000    -27.040    -27.130      5.749      6.388   -999.900   -999.900
     -5.000      5.773      6.406   -999.900   -999.900     -0.633      0.000    -32.040    -32.130      5.773      6.406   -999.900   -999.900
    -10.000      5.681      6.300   -999.900   -999.900     -0.619      0.000    -37.040    -37.130      5.681      6.300   -999.900   -999.900
    -15.000      5.156      5.787   -999.900   -999.900     -0.631      0.000    -42.040    -42.130      5.155      5.787   -999.900   -999.900
    -20.000      3.835      4.495   -999.900   -999.900     -0.661      0.000    -47.040    -47.130      3.835      4.495   -999.900   -999.900
    -25.000      0.792      1.462   -999.900   -999.900     -0.670      0.000    -52.040    -52.130      0.792      1.462   -999.900   -999.900
    -30.000     -4.097     -3.398   -999.900   -999.900     -0.698      0.000    -57.040    -57.130     -4.097     -3.398   -999.900   -999.900
    -35.000     -9.081     -8.364   -999.900   -999.900     -0.717      0.000    -62.040    -62.130     -9.081     -8.364   -999.900   -999.900
    -40.000    -14.090    -13.363   -999.900   -999.900     -0.727      0.000    -67.040    -67.130    -14.090    -13.363   -999.900   -999.900
    -45.000    -19.082    -18.357   -999.900   -999.900     -0.726      0.000    -72.040    -72.130    -19.084    -18.358   -999.900   -999.900
    -50.000    -24.089    -23.379   -999.900   -999.900     -0.709      0.000    -77.040    -77.130    -24.092    -23.383   -999.900   -999.900
    -55.000    -29.114    -28.414   -999.900   -999.900     -0.700      0.000    -82.040    -82.130    -29.125    -28.426   -999.900   -999.900
    -60.000    -34.104    -33.454   -999.900   -999.900     -0.650      0.000    -87.040    -87.130    -34.139    -33.490   -999.900   -999.900
    -65.000    -39.121    -38.512   -999.900   -999.900     -0.609      0.000    -92.040    -92.130    -39.236    -38.629   -999.900   -999.900
    -70.000    -43.911    -43.359   -999.900   -999.900     -0.553      0.000    -97.040    -97.130    -44.266    -43.724   -999.900   -999.900
    -75.000    -48.219    -47.671   -999.900   -999.900     -0.548      0.000   -102.040   -102.130    -49.251    -48.737   -999.900   -999.900
    -80.000    -51.585    -50.981   -999.900   -999.900     -0.604      0.000   -107.040   -107.130    -54.253    -53.708   -999.900   -999.900
    -85.000    -53.589    -52.950   -999.900   -999.900     -0.640      0.000   -112.040   -112.130    -59.246    -58.697   -999.900   -999.900
    -90.000    -54.479    -53.821   -999.900   -999.900     -0.657      0.000   -117.040   -117.130    -64.211    -63.686   -999.900   -999.900
    -95.000    -54.806    -54.145   -999.900   -999.900     -0.661      0.000   -122.040   -122.130    -69.194    -68.852   -999.900   -999.900
   -100.000    -54.912    -54.254   -999.900   -999.900     -0.658      0.000   -127.040   -127.130    -73.892    -74.597   -999.900   -999.900
   -105.000    -54.973    -54.294   -999.900   -999.900     -0.679      0.000   -132.040   -132.130    -73.892    -74.597   -999.900   -999.900
   -110.000    -54.974    -54.301   -999.900   -999.900     -0.673      0.000   -137.040   -137.130    -73.892    -74.597   -999.900   -999.900
   -115.000    -54.966    -54.283   -999.900   -999.900     -0.683      0.000   -142.040   -142.130    -73.892    -74.597   -999.900   -999.900
   -120.000    -54.954    -54.297   -999.900   -999.900     -0.657      0.000   -147.040   -147.130    -73.892    -74.597   -999.900   -999.900
