      0.000      3.470      3.773   -999.900   -999.900     -0.303      0.000    -27.040    -27.130      3.470      3.773   -999.900   -999.900
     -5.000      3.476      3.777   -999.900   -999.900     -0.301      0.000    -32.040    -32.130      3.476      3.777   -999.900   -999.900
    -10.000      3.428      3.726   -999.900   -999.900     -0.298      0.000    -37.040    -37.130      3.428      3.726   -999.900   -999.900
    -15.000      3.136      3.450   -999.900   -999.900     -0.314      0.000    -42.040    -42.130      3.136      3.450   -999.900   -999.900
    -20.000      2.202      2.557   -999.900   -999.900     -0.355      0.000    -47.040    -47.130      2.202      2.557   -999.900   -999.900
    -25.000     -0.289      0.218   -999.900   -999.900     -0.506      0.000    -52.040    -52.130     -0.289      0.218   -999.900   -999.900
    -30.000     -4.440     -3.898   -999.900   -999.900     -0.542      0.000    -57.040    -57.130     -4.440     -3.898   -999.900   -999.900
    -35.000     -9.021     -8.463   -999.900   -999.900     -0.558      0.000    -62.040    -62.130     -9.021     -8.463   -999.900   -999.900
    -40.000    -13.831    -13.259   -999.900   -999.900     -0.572      0.000    -67.040    -67.130    -13.831    -13.259   -999.900   -999.900
    -45.000    -18.749    -18.164   -999.900   -999.900     -0.585      0.000    -72.040    -72.130    -18.750    -18.165   -999.900   -999.900
    -50.000    -23.701    -23.120   -999.900   -999.900     -0.581      0.000    -77.040    -77.130    -23.702    -23.121   -999.900   -999.900
    -55.000    -28.763    -28.190   -999.900   -999.900     -0.574      0.000    -82.040    -82.130    -28.766    -28.193   -999.900   -999.900
    -60.000    -33.842    -33.300   -999.900   -999.900     -0.542      0.000    -87.040    -87.130    -33.852    -33.311   -999.900   -999.900
    -65.000    -38.997    -38.535   -999.900   -999.900     -0.462      0.000    -92.040    -92.130    -39.029    -38.571   -999.900   -999.900
    -70.000    -44.047    -43.430   -999.900   -999.900     -0.617      0.000    -97.040    -97.130    -44.150    -43.540   -999.900   -999.900
    -75.000    -48.848    -48.315   -999.900   -999.900     -0.533      0.000   -102.040   -102.130    -49.164    -48.664   -999.900   -999.900
    -80.000    -53.246    -52.707   -999.900   -999.900     -0.539      0.000   -107.040   -107.130    -54.179    -53.742   -999.900   -999.900
    -85.000    -56.729    -56.096   -999.900   -999.900     -0.633      0.000   -112.040   -112.130    -59.179    -58.795   -999.900   -999.900
    -90.000    -58.869    -58.094   -999.900   -999.900     -0.775      0.000   -117.040   -117.130    -64.183    -63.832   -999.900   -999.900
    -95.000    -59.848    -58.954   -999.900   -999.900     -0.894      0.000   -122.040   -122.130    -69.212    -68.689   -999.900   -999.900
   -100.000    -60.202    -59.281   -999.900   -999.900     -0.921      0.000   -127.040   -127.130    -74.107    -73.661   -999.900   -999.900
   -105.000    -60.379    -59.430   -999.900   -999.900     -0.950      0.000   -132.040   -132.130    -91.510    -84.855   -999.900   -999.900
   -110.000    -60.387    -59.448   -999.900   -999.900     -0.939      0.000   -137.040   -137.130    -91.510    -84.855   -999.900   -999.900
   -115.000    -60.373    -59.447   -999.900   -999.900     -0.926      0.000   -142.040   -142.130    -91.510    -84.855   -999.900   -999.900
   -120.000    -60.391    -59.444   -999.900   -999.900     -0.947      0.000   -147.040   -147.130    -91.510    -84.855   -999.900   -999.900
