      0.000      3.617      4.003   -999.900   -999.900     -0.387      0.000    -27.380    -27.440      3.617      4.003   -999.900   -999.900
     -5.000      3.644      4.032   -999.900   -999.900     -0.388      0.000    -32.380    -32.440      3.644      4.032   -999.900   -999.900
    -10.000      3.559      3.962   -999.900   -999.900     -0.404      0.000    -37.380    -37.440      3.559      3.962   -999.900   -999.900
    -15.000      3.112      3.573   -999.900   -999.900     -0.461      0.000    -42.380    -42.440      3.112      3.573   -999.900   -999.900
    -20.000      1.680      2.188   -999.900   -999.900     -0.509      0.000    -47.380    -47.440      1.680      2.188   -999.900   -999.900
    -25.000     -1.873     -1.348   -999.900   -999.900     -0.525      0.000    -52.380    -52.440     -1.873     -1.348   -999.900   -999.900
    -30.000     -6.220     -5.724   -999.900   -999.900     -0.496      0.000    -57.380    -57.440     -6.220     -5.724   -999.900   -999.900
    -35.000    -10.941    -10.467   -999.900   -999.900     -0.474      0.000    -62.380    -62.440    -10.941    -10.468   -999.900   -999.900
    -40.000    -15.818    -15.347   -999.900   -999.900     -0.471      0.000    -67.380    -67.440    -15.818    -15.348   -999.900   -999.900
    -45.000    -20.787    -20.308   -999.900   -999.900     -0.478      0.000    -72.380    -72.440    -20.788    -20.310   -999.900   -999.900
    -50.000    -25.786    -25.279   -999.900   -999.900     -0.507      0.000    -77.380    -77.440    -25.789    -25.284   -999.900   -999.900
    -55.000    -30.913    -30.325   -999.900   -999.900     -0.588      0.000    -82.380    -82.440    -30.926    -30.340   -999.900   -999.900
    -60.000    -35.986    -35.223   -999.900   -999.900     -0.763      0.000    -87.380    -87.440    -36.025    -35.267   -999.900   -999.900
    -65.000    -41.262    -40.057   -999.900   -999.900     -1.206      0.000    -92.380    -92.440    -41.397    -40.193   -999.900   -999.900
    -70.000    -46.233    -44.861   -999.900   -999.900     -1.373      0.000    -97.380    -97.440    -46.671    -45.287   -999.900   -999.900
    -75.000    -50.486    -49.211   -999.900   -999.900     -1.274      0.000   -102.380   -102.440    -51.766    -50.488   -999.900   -999.900
    -80.000    -53.537    -52.326   -999.900   -999.900     -1.211      0.000   -107.380   -107.440    -56.685    -55.531   -999.900   -999.900
    -85.000    -55.283    -54.046   -999.900   -999.900     -1.237      0.000   -112.380   -112.440    -61.679    -60.535   -999.900   -999.900
    -90.000    -56.010    -54.772   -999.900   -999.900     -1.238      0.000   -117.380   -117.440    -66.521    -65.555   -999.900   -999.900
    -95.000    -56.279    -55.031   -999.900   -999.900     -1.247      0.000   -122.380   -122.440    -71.400    -70.715   -999.900   -999.900
   -100.000    -56.376    -55.112   -999.900   -999.900     -1.264      0.000   -127.380   -127.440    -76.928    -75.703   -999.900   -999.900
   -105.000    -56.410    -55.156   -999.900   -999.900     -1.254      0.000   -132.380   -132.440    -86.372    -75.703   -999.900   -999.900
   -110.000    -56.425    -55.137   -999.900   -999.900     -1.288      0.000   -137.380   -137.440    -86.372    -75.703   -999.900   -999.900
   -115.000    -56.414    -55.153   -999.900   -999.900     -1.260      0.000   -142.380   -142.440    -86.372    -75.703   -999.900   -999.900
   -120.000    -56.408    -55.155   -999.900   -999.900     -1.253      0.000   -147.380   -147.440    -86.372    -75.703   -999.900   -999.900
