      0.000      3.723      4.058   -999.900   -999.900     -0.335      0.000    -27.380    -27.440      3.723      4.058   -999.900   -999.900
     -5.000      3.759      4.095   -999.900   -999.900     -0.335      0.000    -32.380    -32.440      3.759      4.095   -999.900   -999.900
    -10.000      3.690      4.039   -999.900   -999.900     -0.349      0.000    -37.380    -37.440      3.690      4.039   -999.900   -999.900
    -15.000      3.280      3.682   -999.900   -999.900     -0.402      0.000    -42.380    -42.440      3.280      3.682   -999.900   -999.900
    -20.000      1.895      2.355   -999.900   -999.900     -0.459      0.000    -47.380    -47.440      1.895      2.355   -999.900   -999.900
    -25.000     -1.655     -1.177   -999.900   -999.900     -0.478      0.000    -52.380    -52.440     -1.655     -1.177   -999.900   -999.900
    -30.000     -5.866     -5.427   -999.900   -999.900     -0.439      0.000    -57.380    -57.440     -5.866     -5.428   -999.900   -999.900
    -35.000    -10.654    -10.250   -999.900   -999.900     -0.405      0.000    -62.380    -62.440    -10.654    -10.250   -999.900   -999.900
    -40.000    -15.521    -15.126   -999.900   -999.900     -0.396      0.000    -67.380    -67.440    -15.522    -15.126   -999.900   -999.900
    -45.000    -20.467    -20.070   -999.900   -999.900     -0.397      0.000    -72.380    -72.440    -20.469    -20.072   -999.900   -999.900
    -50.000    -25.486    -25.066   -999.900   -999.900     -0.421      0.000    -77.380    -77.440    -25.490    -25.070   -999.900   -999.900
    -55.000    -30.605    -30.102   -999.900   -999.900     -0.503      0.000    -82.380    -82.440    -30.618    -30.116   -999.900   -999.900
    -60.000    -35.642    -34.967   -999.900   -999.900     -0.675      0.000    -87.380    -87.440    -35.683    -35.011   -999.900   -999.900
    -65.000    -41.017    -39.849   -999.900   -999.900     -1.168      0.000    -92.380    -92.440    -41.159    -39.985   -999.900   -999.900
    -70.000    -45.912    -44.586   -999.900   -999.900     -1.327      0.000    -97.380    -97.440    -46.366    -45.006   -999.900   -999.900
    -75.000    -50.118    -48.919   -999.900   -999.900     -1.199      0.000   -102.380   -102.440    -51.433    -50.170   -999.900   -999.900
    -80.000    -53.131    -52.090   -999.900   -999.900     -1.041      0.000   -107.380   -107.440    -56.344    -55.270   -999.900   -999.900
    -85.000    -54.836    -53.828   -999.900   -999.900     -1.008      0.000   -112.380   -112.440    -61.301    -60.299   -999.900   -999.900
    -90.000    -55.552    -54.539   -999.900   -999.900     -1.013      0.000   -117.380   -117.440    -66.159    -65.119   -999.900   -999.900
    -95.000    -55.823    -54.817   -999.900   -999.900     -1.005      0.000   -122.380   -122.440    -71.320    -70.491   -999.900   -999.900
   -100.000    -55.909    -54.900   -999.900   -999.900     -1.009      0.000   -127.380   -127.440    -76.548    -75.678   -999.900   -999.900
   -105.000    -55.956    -54.940   -999.900   -999.900     -1.015      0.000   -132.380   -132.440    -76.548    -75.678   -999.900   -999.900
   -110.000    -55.941    -54.938   -999.900   -999.900     -1.003      0.000   -137.380   -137.440    -76.548    -75.678   -999.900   -999.900
   -115.000    -55.951    -54.936   -999.900   -999.900     -1.015      0.000   -142.380   -142.440    -76.548    -75.678   -999.900   -999.900
   -120.000    -55.940    -54.932   -999.900   -999.900     -1.008      0.000   -147.380   -147.440    -76.548    -75.678   -999.900   -999.900
