      0.000      3.238      3.705   -999.900   -999.900     -0.466      0.000    -27.380    -27.440      3.238      3.705   -999.900   -999.900
     -5.000      3.241      3.710   -999.900   -999.900     -0.469      0.000    -32.380    -32.440      3.241      3.710   -999.900   -999.900
    -10.000      3.106      3.587   -999.900   -999.900     -0.481      0.000    -37.380    -37.440      3.106      3.587   -999.900   -999.900
    -15.000      2.447      2.965   -999.900   -999.900     -0.518      0.000    -42.380    -42.440      2.447      2.965   -999.900   -999.900
    -20.000      0.594      1.059   -999.900   -999.900     -0.464      0.000    -47.380    -47.440      0.594      1.059   -999.900   -999.900
    -25.000     -3.233     -2.800   -999.900   -999.900     -0.432      0.000    -52.380    -52.440     -3.233     -2.801   -999.900   -999.900
    -30.000     -7.679     -7.267   -999.900   -999.900     -0.411      0.000    -57.380    -57.440     -7.679     -7.267   -999.900   -999.900
    -35.000    -12.474    -12.073   -999.900   -999.900     -0.401      0.000    -62.380    -62.440    -12.474    -12.074   -999.900   -999.900
    -40.000    -17.380    -16.967   -999.900   -999.900     -0.413      0.000    -67.380    -67.440    -17.380    -16.968   -999.900   -999.900
    -45.000    -22.360    -21.931   -999.900   -999.900     -0.429      0.000    -72.380    -72.440    -22.361    -21.933   -999.900   -999.900
    -50.000    -27.323    -26.873   -999.900   -999.900     -0.449      0.000    -77.380    -77.440    -27.327    -26.879   -999.900   -999.900
    -55.000    -32.428    -31.845   -999.900   -999.900     -0.583      0.000    -82.380    -82.440    -32.442    -31.861   -999.900   -999.900
    -60.000    -37.345    -36.659   -999.900   -999.900     -0.686      0.000    -87.380    -87.440    -37.389    -36.709   -999.900   -999.900
    -65.000    -42.631    -41.735   -999.900   -999.900     -0.896      0.000    -92.380    -92.440    -42.780    -41.899   -999.900   -999.900
    -70.000    -47.665    -46.578   -999.900   -999.900     -1.086      0.000    -97.380    -97.440    -48.156    -47.097   -999.900   -999.900
    -75.000    -51.973    -50.708   -999.900   -999.900     -1.264      0.000   -102.380   -102.440    -53.450    -52.205   -999.900   -999.900
    -80.000    -54.885    -53.581   -999.900   -999.900     -1.304      0.000   -107.380   -107.440    -58.487    -57.196   -999.900   -999.900
    -85.000    -56.434    -55.112   -999.900   -999.900     -1.322      0.000   -112.380   -112.440    -63.541    -62.182   -999.900   -999.900
    -90.000    -57.053    -55.734   -999.900   -999.900     -1.320      0.000   -117.380   -117.440    -68.524    -67.123   -999.900   -999.900
    -95.000    -57.277    -55.931   -999.900   -999.900     -1.346      0.000   -122.380   -122.440    -73.799    -71.224   -999.900   -999.900
   -100.000    -57.338    -56.018   -999.900   -999.900     -1.320      0.000   -127.380   -127.440    -78.176    -76.073   -999.900   -999.900
   -105.000    -57.384    -56.074   -999.900   -999.900     -1.311      0.000   -132.380   -132.440    -78.176    -76.073   -999.900   -999.900
   -110.000    -57.372    -56.062   -999.900   -999.900     -1.310      0.000   -137.380   -137.440    -78.176    -76.073   -999.900   -999.900
   -115.000    -57.361    -56.050   -999.900   -999.900     -1.311      0.000   -142.380   -142.440    -78.176    -76.073   -999.900   -999.900
   -120.000    -57.380    -56.058   -999.900   -999.900     -1.322      0.000   -147.380   -147.440    -78.176    -76.073   -999.900   -999.900
