      0.000      3.472      3.696   -999.900   -999.900     -0.223      0.000    -27.040    -27.130      3.472      3.696   -999.900   -999.900
     -5.000      3.477      3.697   -999.900   -999.900     -0.220      0.000    -32.040    -32.130      3.477      3.697   -999.900   -999.900
    -10.000      3.410      3.631   -999.900   -999.900     -0.221      0.000    -37.040    -37.130      3.410      3.631   -999.900   -999.900
    -15.000      3.048      3.297   -999.900   -999.900     -0.249      0.000    -42.040    -42.130      3.048      3.297   -999.900   -999.900
    -20.000      2.012      2.319   -999.900   -999.900     -0.307      0.000    -47.040    -47.130      2.012      2.319   -999.900   -999.900
    -25.000     -0.728     -0.305   -999.900   -999.900     -0.423      0.000    -52.040    -52.130     -0.728     -0.305   -999.900   -999.900
    -30.000     -4.945     -4.520   -999.900   -999.900     -0.425      0.000    -57.040    -57.130     -4.945     -4.520   -999.900   -999.900
    -35.000     -9.538     -9.112   -999.900   -999.900     -0.426      0.000    -62.040    -62.130     -9.538     -9.112   -999.900   -999.900
    -40.000    -14.380    -13.944   -999.900   -999.900     -0.436      0.000    -67.040    -67.130    -14.380    -13.944   -999.900   -999.900
    -45.000    -19.348    -18.897   -999.900   -999.900     -0.452      0.000    -72.040    -72.130    -19.349    -18.898   -999.900   -999.900
    -50.000    -24.386    -23.912   -999.900   -999.900     -0.474      0.000    -77.040    -77.130    -24.388    -23.915   -999.900   -999.900
    -55.000    -29.549    -29.023   -999.900   -999.900     -0.526      0.000    -82.040    -82.130    -29.557    -29.033   -999.900   -999.900
    -60.000    -34.738    -34.062   -999.900   -999.900     -0.677      0.000    -87.040    -87.130    -34.764    -34.094   -999.900   -999.900
    -65.000    -40.079    -38.971   -999.900   -999.900     -1.108      0.000    -92.040    -92.130    -40.167    -39.072   -999.900   -999.900
    -70.000    -45.149    -43.799   -999.900   -999.900     -1.350      0.000    -97.040    -97.130    -45.438    -44.114   -999.900   -999.900
    -75.000    -49.612    -48.319   -999.900   -999.900     -1.293      0.000   -102.040   -102.130    -50.476    -49.276   -999.900   -999.900
    -80.000    -53.162    -51.807   -999.900   -999.900     -1.355      0.000   -107.040   -107.130    -55.442    -54.340   -999.900   -999.900
    -85.000    -55.398    -53.909   -999.900   -999.900     -1.489      0.000   -112.040   -112.130    -60.394    -59.387   -999.900   -999.900
    -90.000    -56.452    -54.843   -999.900   -999.900     -1.609      0.000   -117.040   -117.130    -65.352    -64.380   -999.900   -999.900
    -95.000    -56.839    -55.178   -999.900   -999.900     -1.660      0.000   -122.040   -122.130    -70.053    -69.179   -999.900   -999.900
   -100.000    -56.979    -55.314   -999.900   -999.900     -1.665      0.000   -127.040   -127.130    -74.837    -75.593   -999.900   -999.900
   -105.000    -57.031    -55.346   -999.900   -999.900     -1.685      0.000   -132.040   -132.130    -80.510    -82.272   -999.900   -999.900
   -110.000    -57.065    -55.357   -999.900   -999.900     -1.708      0.000   -137.040   -137.130    -80.510    -82.272   -999.900   -999.900
   -115.000    -57.056    -55.364   -999.900   -999.900     -1.692      0.000   -142.040   -142.130    -80.510    -82.272   -999.900   -999.900
   -120.000    -57.052    -55.352   -999.900   -999.900     -1.699      0.000   -147.040   -147.130    -80.510    -82.272   -999.900   -999.900
