      0.000      3.451      3.774   -999.900   -999.900     -0.323      0.000    -27.040    -27.130      3.451      3.774   -999.900   -999.900
     -5.000      3.452      3.773   -999.900   -999.900     -0.320      0.000    -32.040    -32.130      3.452      3.773   -999.900   -999.900
    -10.000      3.376      3.696   -999.900   -999.900     -0.320      0.000    -37.040    -37.130      3.376      3.696   -999.900   -999.900
    -15.000      2.971      3.318   -999.900   -999.900     -0.347      0.000    -42.040    -42.130      2.971      3.318   -999.900   -999.900
    -20.000      1.823      2.252   -999.900   -999.900     -0.429      0.000    -47.040    -47.130      1.823      2.252   -999.900   -999.900
    -25.000     -1.221     -0.564   -999.900   -999.900     -0.657      0.000    -52.040    -52.130     -1.221     -0.564   -999.900   -999.900
    -30.000     -5.524     -4.820   -999.900   -999.900     -0.704      0.000    -57.040    -57.130     -5.524     -4.820   -999.900   -999.900
    -35.000    -10.178     -9.453   -999.900   -999.900     -0.725      0.000    -62.040    -62.130    -10.178     -9.453   -999.900   -999.900
    -40.000    -15.026    -14.280   -999.900   -999.900     -0.746      0.000    -67.040    -67.130    -15.026    -14.280   -999.900   -999.900
    -45.000    -19.959    -19.211   -999.900   -999.900     -0.748      0.000    -72.040    -72.130    -19.960    -19.212   -999.900   -999.900
    -50.000    -24.902    -24.147   -999.900   -999.900     -0.755      0.000    -77.040    -77.130    -24.906    -24.150   -999.900   -999.900
    -55.000    -29.993    -29.224   -999.900   -999.900     -0.769      0.000    -82.040    -82.130    -30.004    -29.236   -999.900   -999.900
    -60.000    -35.114    -34.323   -999.900   -999.900     -0.791      0.000    -87.040    -87.130    -35.150    -34.361   -999.900   -999.900
    -65.000    -40.213    -39.459   -999.900   -999.900     -0.754      0.000    -92.040    -92.130    -40.332    -39.585   -999.900   -999.900
    -70.000    -45.065    -44.223   -999.900   -999.900     -0.842      0.000    -97.040    -97.130    -45.439    -44.613   -999.900   -999.900
    -75.000    -49.358    -48.605   -999.900   -999.900     -0.752      0.000   -102.040   -102.130    -50.446    -49.773   -999.900   -999.900
    -80.000    -52.628    -51.848   -999.900   -999.900     -0.779      0.000   -107.040   -107.130    -55.390    -54.836   -999.900   -999.900
    -85.000    -54.570    -53.677   -999.900   -999.900     -0.894      0.000   -112.040   -112.130    -60.357    -59.834   -999.900   -999.900
    -90.000    -55.333    -54.480   -999.900   -999.900     -0.854      0.000   -117.040   -117.130    -64.453    -65.017   -999.900   -999.900
    -95.000    -55.808    -54.739   -999.900   -999.900     -1.069      0.000   -122.040   -122.130    -72.579    -69.664   -999.900   -999.900
   -100.000    -55.911    -54.822   -999.900   -999.900     -1.089      0.000   -127.040   -127.130    -72.579    -73.462   -999.900   -999.900
   -105.000    -55.805    -54.889   -999.900   -999.900     -0.916      0.000   -132.040   -132.130    -72.579    -73.462   -999.900   -999.900
   -110.000    -55.976    -54.874   -999.900   -999.900     -1.102      0.000   -137.040   -137.130    -72.579    -73.462   -999.900   -999.900
   -115.000    -55.966    -54.881   -999.900   -999.900     -1.085      0.000   -142.040   -142.130    -72.579    -73.462   -999.900   -999.900
   -120.000    -55.858    -54.882   -999.900   -999.900     -0.977      0.000   -147.040   -147.130    -72.579    -73.462   -999.900   -999.900
