      0.000      3.467      3.770   -999.900   -999.900     -0.303      0.000    -27.040    -27.130      3.467      3.770   -999.900   -999.900
     -5.000      3.473      3.774   -999.900   -999.900     -0.301      0.000    -32.040    -32.130      3.473      3.774   -999.900   -999.900
    -10.000      3.424      3.723   -999.900   -999.900     -0.299      0.000    -37.040    -37.130      3.424      3.723   -999.900   -999.900
    -15.000      3.127      3.443   -999.900   -999.900     -0.316      0.000    -42.040    -42.130      3.127      3.443   -999.900   -999.900
    -20.000      2.184      2.542   -999.900   -999.900     -0.358      0.000    -47.040    -47.130      2.184      2.542   -999.900   -999.900
    -25.000     -0.330      0.185   -999.900   -999.900     -0.516      0.000    -52.040    -52.130     -0.330      0.185   -999.900   -999.900
    -30.000     -4.478     -3.925   -999.900   -999.900     -0.553      0.000    -57.040    -57.130     -4.478     -3.925   -999.900   -999.900
    -35.000     -9.073     -8.503   -999.900   -999.900     -0.570      0.000    -62.040    -62.130     -9.073     -8.503   -999.900   -999.900
    -40.000    -13.884    -13.299   -999.900   -999.900     -0.585      0.000    -67.040    -67.130    -13.884    -13.299   -999.900   -999.900
    -45.000    -18.801    -18.204   -999.900   -999.900     -0.597      0.000    -72.040    -72.130    -18.802    -18.205   -999.900   -999.900
    -50.000    -23.752    -23.157   -999.900   -999.900     -0.595      0.000    -77.040    -77.130    -23.755    -23.160   -999.900   -999.900
    -55.000    -28.810    -28.221   -999.900   -999.900     -0.588      0.000    -82.040    -82.130    -28.819    -28.231   -999.900   -999.900
    -60.000    -33.868    -33.304   -999.900   -999.900     -0.564      0.000    -87.040    -87.130    -33.896    -33.335   -999.900   -999.900
    -65.000    -38.989    -38.510   -999.900   -999.900     -0.479      0.000    -92.040    -92.130    -39.080    -38.613   -999.900   -999.900
    -70.000    -43.917    -43.265   -999.900   -999.900     -0.652      0.000    -97.040    -97.130    -44.209    -43.581   -999.900   -999.900
    -75.000    -48.360    -47.743   -999.900   -999.900     -0.617      0.000   -102.040   -102.130    -49.228    -48.693   -999.900   -999.900
    -80.000    -51.915    -51.255   -999.900   -999.900     -0.660      0.000   -107.040   -107.130    -54.212    -53.783   -999.900   -999.900
    -85.000    -54.161    -53.351   -999.900   -999.900     -0.810      0.000   -112.040   -112.130    -59.236    -58.806   -999.900   -999.900
    -90.000    -55.192    -54.288   -999.900   -999.900     -0.904      0.000   -117.040   -117.130    -64.179    -63.769   -999.900   -999.900
    -95.000    -55.576    -54.635   -999.900   -999.900     -0.940      0.000   -122.040   -122.130    -68.986    -68.752   -999.900   -999.900
   -100.000    -55.717    -54.745   -999.900   -999.900     -0.972      0.000   -127.040   -127.130    -74.253    -73.259   -999.900   -999.900
   -105.000    -55.785    -54.820   -999.900   -999.900     -0.965      0.000   -132.040   -132.130    -74.253    -73.259   -999.900   -999.900
   -110.000    -55.780    -54.800   -999.900   -999.900     -0.980      0.000   -137.040   -137.130    -74.253    -73.259   -999.900   -999.900
   -115.000    -55.780    -54.805   -999.900   -999.900     -0.976      0.000   -142.040   -142.130    -74.253    -73.259   -999.900   -999.900
   -120.000    -55.768    -54.803   -999.900   -999.900     -0.965      0.000   -147.040   -147.130    -74.253    -73.259   -999.900   -999.900
