      0.000      3.736      3.874   -999.900   -999.900     -0.138      0.000    -27.040    -27.130      3.736      3.874   -999.900   -999.900
     -5.000      3.744      3.880   -999.900   -999.900     -0.136      0.000    -32.040    -32.130      3.744      3.880   -999.900   -999.900
    -10.000      3.705      3.839   -999.900   -999.900     -0.134      0.000    -37.040    -37.130      3.705      3.839   -999.900   -999.900
    -15.000      3.445      3.595   -999.900   -999.900     -0.150      0.000    -42.040    -42.130      3.445      3.595   -999.900   -999.900
    -20.000      2.551      2.750   -999.900   -999.900     -0.199      0.000    -47.040    -47.130      2.551      2.750   -999.900   -999.900
    -25.000      0.033      0.321   -999.900   -999.900     -0.288      0.000    -52.040    -52.130      0.033      0.321   -999.900   -999.900
    -30.000     -4.064     -3.791   -999.900   -999.900     -0.273      0.000    -57.040    -57.130     -4.064     -3.791   -999.900   -999.900
    -35.000     -8.677     -8.416   -999.900   -999.900     -0.261      0.000    -62.040    -62.130     -8.677     -8.416   -999.900   -999.900
    -40.000    -13.501    -13.242   -999.900   -999.900     -0.258      0.000    -67.040    -67.130    -13.501    -13.243   -999.900   -999.900
    -45.000    -18.436    -18.179   -999.900   -999.900     -0.257      0.000    -72.040    -72.130    -18.436    -18.180   -999.900   -999.900
    -50.000    -23.419    -23.167   -999.900   -999.900     -0.253      0.000    -77.040    -77.130    -23.422    -23.170   -999.900   -999.900
    -55.000    -28.536    -28.326   -999.900   -999.900     -0.210      0.000    -82.040    -82.130    -28.544    -28.335   -999.900   -999.900
    -60.000    -33.465    -33.430   -999.900   -999.900     -0.035      0.000    -87.040    -87.130    -33.492    -33.461   -999.900   -999.900
    -65.000    -38.514    -38.430   -999.900   -999.900     -0.084      0.000    -92.040    -92.130    -38.600    -38.529   -999.900   -999.900
    -70.000    -43.294    -43.094   -999.900   -999.900     -0.200      0.000    -97.040    -97.130    -43.558    -43.391   -999.900   -999.900
    -75.000    -47.730    -47.458   -999.900   -999.900     -0.272      0.000   -102.040   -102.130    -48.507    -48.323   -999.900   -999.900
    -80.000    -51.379    -50.975   -999.900   -999.900     -0.404      0.000   -107.040   -107.130    -53.451    -53.236   -999.900   -999.900
    -85.000    -53.778    -53.241   -999.900   -999.900     -0.537      0.000   -112.040   -112.130    -58.454    -58.242   -999.900   -999.900
    -90.000    -54.925    -54.281   -999.900   -999.900     -0.644      0.000   -117.040   -117.130    -63.420    -63.101   -999.900   -999.900
    -95.000    -55.363    -54.694   -999.900   -999.900     -0.668      0.000   -122.040   -122.130    -68.337    -68.220   -999.900   -999.900
   -100.000    -55.525    -54.826   -999.900   -999.900     -0.699      0.000   -127.040   -127.130    -74.001    -73.059   -999.900   -999.900
   -105.000    -55.592    -54.898   -999.900   -999.900     -0.694      0.000   -132.040   -132.130    -74.001    -73.059   -999.900   -999.900
   -110.000    -55.575    -54.885   -999.900   -999.900     -0.690      0.000   -137.040   -137.130    -74.001    -73.059   -999.900   -999.900
   -115.000    -55.593    -54.892   -999.900   -999.900     -0.701      0.000   -142.040   -142.130    -74.001    -73.059   -999.900   -999.900
   -120.000    -55.589    -54.892   -999.900   -999.900     -0.697      0.000   -147.040   -147.130    -74.001    -73.059   -999.900   -999.900
