      0.000      1.253      1.875   -999.900   -999.900     -0.621      0.000    -27.040    -27.130      1.253      1.875   -999.900   -999.900
     -5.000      1.261      1.880   -999.900   -999.900     -0.619      0.000    -32.040    -32.130      1.261      1.880   -999.900   -999.900
    -10.000      1.212      1.831   -999.900   -999.900     -0.619      0.000    -37.040    -37.130      1.212      1.831   -999.900   -999.900
    -15.000      0.926      1.578   -999.900   -999.900     -0.653      0.000    -42.040    -42.130      0.926      1.578   -999.900   -999.900
    -20.000      0.033      0.746   -999.900   -999.900     -0.714      0.000    -47.040    -47.130      0.033      0.746   -999.900   -999.900
    -25.000     -2.312     -1.498   -999.900   -999.900     -0.814      0.000    -52.040    -52.130     -2.312     -1.498   -999.900   -999.900
    -30.000     -6.302     -5.506   -999.900   -999.900     -0.796      0.000    -57.040    -57.130     -6.302     -5.506   -999.900   -999.900
    -35.000    -10.747     -9.991   -999.900   -999.900     -0.756      0.000    -62.040    -62.130    -10.747     -9.991   -999.900   -999.900
    -40.000    -15.472    -14.734   -999.900   -999.900     -0.738      0.000    -67.040    -67.130    -15.473    -14.735   -999.900   -999.900
    -45.000    -20.353    -19.613   -999.900   -999.900     -0.740      0.000    -72.040    -72.130    -20.354    -19.614   -999.900   -999.900
    -50.000    -25.309    -24.561   -999.900   -999.900     -0.748      0.000    -77.040    -77.130    -25.312    -24.564   -999.900   -999.900
    -55.000    -30.385    -29.590   -999.900   -999.900     -0.795      0.000    -82.040    -82.130    -30.394    -29.601   -999.900   -999.900
    -60.000    -35.474    -34.590   -999.900   -999.900     -0.884      0.000    -87.040    -87.130    -35.505    -34.626   -999.900   -999.900
    -65.000    -40.646    -39.592   -999.900   -999.900     -1.054      0.000    -92.040    -92.130    -40.747    -39.709   -999.900   -999.900
    -70.000    -45.666    -44.599   -999.900   -999.900     -1.068      0.000    -97.040    -97.130    -45.997    -44.980   -999.900   -999.900
    -75.000    -50.168    -49.055   -999.900   -999.900     -1.113      0.000   -102.040   -102.130    -51.173    -50.214   -999.900   -999.900
    -80.000    -53.599    -52.305   -999.900   -999.900     -1.294      0.000   -107.040   -107.130    -56.234    -55.274   -999.900   -999.900
    -85.000    -55.635    -54.158   -999.900   -999.900     -1.477      0.000   -112.040   -112.130    -61.275    -60.338   -999.900   -999.900
    -90.000    -56.508    -54.949   -999.900   -999.900     -1.559      0.000   -117.040   -117.130    -66.055    -65.430   -999.900   -999.900
    -95.000    -56.870    -55.229   -999.900   -999.900     -1.641      0.000   -122.040   -122.130    -71.574    -70.635   -999.900   -999.900
   -100.000    -56.959    -55.316   -999.900   -999.900     -1.642      0.000   -127.040   -127.130    -75.549    -75.746   -999.900   -999.900
   -105.000    -57.010    -55.361   -999.900   -999.900     -1.649      0.000   -132.040   -132.130    -83.872    -75.746   -999.900   -999.900
   -110.000    -57.009    -55.365   -999.900   -999.900     -1.643      0.000   -137.040   -137.130    -83.164    -75.746   -999.900   -999.900
   -115.000    -57.024    -55.344   -999.900   -999.900     -1.681      0.000   -142.040   -142.130    -83.164    -75.746   -999.900   -999.900
   -120.000    -57.033    -55.354   -999.900   -999.900     -1.679      0.000   -147.040   -147.130    -83.164    -75.746   -999.900   -999.900
