      0.000      3.124      3.391   -999.900   -999.900     -0.266      0.000    -27.040    -27.130      3.124      3.391   -999.900   -999.900
     -5.000      2.227      2.562   -999.900   -999.900     -0.335      0.000    -32.040    -32.130      2.227      2.562   -999.900   -999.900
    -10.000     -0.194      0.311   -999.900   -999.900     -0.505      0.000    -37.040    -37.130     -0.194      0.311   -999.900   -999.900
    -15.000     -4.315     -3.798   -999.900   -999.900     -0.517      0.000    -42.040    -42.130     -4.315     -3.798   -999.900   -999.900
    -20.000     -8.890     -8.368   -999.900   -999.900     -0.522      0.000    -47.040    -47.130     -8.890     -8.368   -999.900   -999.900
    -25.000    -13.627    -13.086   -999.900   -999.900     -0.541      0.000    -52.040    -52.130    -13.628    -13.086   -999.900   -999.900
    -30.000    -18.620    -18.088   -999.900   -999.900     -0.532      0.000    -57.040    -57.130    -18.620    -18.089   -999.900   -999.900
    -35.000    -23.707    -23.139   -999.900   -999.900     -0.567      0.000    -62.040    -62.130    -23.709    -23.143   -999.900   -999.900
    -40.000    -28.852    -28.245   -999.900   -999.900     -0.607      0.000    -67.040    -67.130    -28.860    -28.256   -999.900   -999.900
    -45.000    -34.124    -33.365   -999.900   -999.900     -0.758      0.000    -72.040    -72.130    -34.152    -33.401   -999.900   -999.900
    -50.000    -39.433    -38.267   -999.900   -999.900     -1.166      0.000    -77.040    -77.130    -39.529    -38.381   -999.900   -999.900
    -55.000    -44.488    -43.050   -999.900   -999.900     -1.438      0.000    -82.040    -82.130    -44.803    -43.400   -999.900   -999.900
    -60.000    -48.864    -47.394   -999.900   -999.900     -1.470      0.000    -87.040    -87.130    -49.790    -48.422   -999.900   -999.900
    -65.000    -52.374    -50.839   -999.900   -999.900     -1.534      0.000    -92.040    -92.130    -54.818    -53.562   -999.900   -999.900
    -70.000    -54.512    -52.841   -999.900   -999.900     -1.671      0.000    -97.040    -97.130    -59.803    -58.664   -999.900   -999.900
    -75.000    -55.448    -53.648   -999.900   -999.900     -1.800      0.000   -102.040   -102.130    -64.435    -63.207   -999.900   -999.900
    -80.000    -55.872    -54.039   -999.900   -999.900     -1.833      0.000   -107.040   -107.130    -70.227    -69.737   -999.900   -999.900
    -85.000    -55.992    -54.122   -999.900   -999.900     -1.870      0.000   -112.040   -112.130    -76.140    -74.990   -999.900   -999.900
    -90.000    -56.039    -54.159   -999.900   -999.900     -1.879      0.000   -117.040   -117.130    -76.140    -74.990   -999.900   -999.900
    -95.000    -56.081    -54.175   -999.900   -999.900     -1.906      0.000   -122.040   -122.130    -76.140    -74.990   -999.900   -999.900
   -100.000    -56.061    -54.166   -999.900   -999.900     -1.895      0.000   -127.040   -127.130    -76.140    -74.990   -999.900   -999.900
   -105.000    -56.006    -54.106   -999.900   -999.900     -1.900      0.000   -132.040   -132.130    -76.140    -74.990   -999.900   -999.900
   -110.000    -56.053    -54.183   -999.900   -999.900     -1.870      0.000   -137.040   -137.130    -76.140    -74.990   -999.900   -999.900
   -115.000    -56.046    -54.181   -999.900   -999.900     -1.865      0.000   -142.040   -142.130    -76.140    -74.990   -999.900   -999.900
   -120.000    -56.034    -54.162   -999.900   -999.900     -1.872      0.000   -147.040   -147.130    -76.140    -74.990   -999.900   -999.900
