      0.000      3.483      3.719   -999.900   -999.900     -0.236      0.000    -27.040    -27.130      3.483      3.719   -999.900   -999.900
     -5.000      3.488      3.722   -999.900   -999.900     -0.234      0.000    -32.040    -32.130      3.488      3.722   -999.900   -999.900
    -10.000      3.413      3.654   -999.900   -999.900     -0.241      0.000    -37.040    -37.130      3.413      3.654   -999.900   -999.900
    -15.000      3.025      3.314   -999.900   -999.900     -0.289      0.000    -42.040    -42.130      3.025      3.314   -999.900   -999.900
    -20.000      1.940      2.322   -999.900   -999.900     -0.382      0.000    -47.040    -47.130      1.940      2.322   -999.900   -999.900
    -25.000     -0.905     -0.315   -999.900   -999.900     -0.590      0.000    -52.040    -52.130     -0.905     -0.315   -999.900   -999.900
    -30.000     -5.176     -4.560   -999.900   -999.900     -0.616      0.000    -57.040    -57.130     -5.176     -4.560   -999.900   -999.900
    -35.000     -9.753     -9.126   -999.900   -999.900     -0.626      0.000    -62.040    -62.130     -9.753     -9.126   -999.900   -999.900
    -40.000    -14.600    -13.961   -999.900   -999.900     -0.640      0.000    -67.040    -67.130    -14.601    -13.961   -999.900   -999.900
    -45.000    -19.578    -18.915   -999.900   -999.900     -0.663      0.000    -72.040    -72.130    -19.579    -18.916   -999.900   -999.900
    -50.000    -24.620    -23.932   -999.900   -999.900     -0.688      0.000    -77.040    -77.130    -24.623    -23.936   -999.900   -999.900
    -55.000    -29.798    -29.054   -999.900   -999.900     -0.744      0.000    -82.040    -82.130    -29.809    -29.068   -999.900   -999.900
    -60.000    -35.038    -34.133   -999.900   -999.900     -0.904      0.000    -87.040    -87.130    -35.073    -34.178   -999.900   -999.900
    -65.000    -40.339    -38.996   -999.900   -999.900     -1.343      0.000    -92.040    -92.130    -40.461    -39.133   -999.900   -999.900
    -70.000    -45.309    -43.728   -999.900   -999.900     -1.581      0.000    -97.040    -97.130    -45.703    -44.150   -999.900   -999.900
    -75.000    -49.592    -48.017   -999.900   -999.900     -1.574      0.000   -102.040   -102.130    -50.742    -49.260   -999.900   -999.900
    -80.000    -52.817    -51.166   -999.900   -999.900     -1.651      0.000   -107.040   -107.130    -55.735    -54.296   -999.900   -999.900
    -85.000    -54.668    -52.915   -999.900   -999.900     -1.753      0.000   -112.040   -112.130    -60.674    -59.267   -999.900   -999.900
    -90.000    -55.493    -53.676   -999.900   -999.900     -1.816      0.000   -117.040   -117.130    -65.755    -64.408   -999.900   -999.900
    -95.000    -55.788    -53.944   -999.900   -999.900     -1.844      0.000   -122.040   -122.130    -70.954    -69.748   -999.900   -999.900
   -100.000    -55.885    -54.022   -999.900   -999.900     -1.863      0.000   -127.040   -127.130    -76.571    -74.648   -999.900   -999.900
   -105.000    -55.933    -54.063   -999.900   -999.900     -1.870      0.000   -132.040   -132.130    -76.571    -74.648   -999.900   -999.900
   -110.000    -55.923    -54.072   -999.900   -999.900     -1.851      0.000   -137.040   -137.130    -76.571    -74.648   -999.900   -999.900
   -115.000    -55.906    -54.031   -999.900   -999.900     -1.875      0.000   -142.040   -142.130    -76.571    -74.648   -999.900   -999.900
   -120.000    -55.927    -54.073   -999.900   -999.900     -1.854      0.000   -147.040   -147.130    -76.571    -74.648   -999.900   -999.900
