      0.000      3.746      3.934   -999.900   -999.900     -0.188      0.000    -27.040    -27.130      3.746      3.934   -999.900   -999.900
     -5.000      3.755      3.942   -999.900   -999.900     -0.187      0.000    -32.040    -32.130      3.755      3.942   -999.900   -999.900
    -10.000      3.721      3.905   -999.900   -999.900     -0.184      0.000    -37.040    -37.130      3.721      3.905   -999.900   -999.900
    -15.000      3.483      3.680   -999.900   -999.900     -0.197      0.000    -42.040    -42.130      3.483      3.680   -999.900   -999.900
    -20.000      2.626      2.873   -999.900   -999.900     -0.247      0.000    -47.040    -47.130      2.626      2.873   -999.900   -999.900
    -25.000      0.170      0.526   -999.900   -999.900     -0.356      0.000    -52.040    -52.130      0.170      0.526   -999.900   -999.900
    -30.000     -3.878     -3.529   -999.900   -999.900     -0.349      0.000    -57.040    -57.130     -3.878     -3.529   -999.900   -999.900
    -35.000     -8.468     -8.125   -999.900   -999.900     -0.343      0.000    -62.040    -62.130     -8.468     -8.125   -999.900   -999.900
    -40.000    -13.281    -12.933   -999.900   -999.900     -0.347      0.000    -67.040    -67.130    -13.281    -12.934   -999.900   -999.900
    -45.000    -18.218    -17.862   -999.900   -999.900     -0.356      0.000    -72.040    -72.130    -18.219    -17.863   -999.900   -999.900
    -50.000    -23.251    -22.876   -999.900   -999.900     -0.375      0.000    -77.040    -77.130    -23.254    -22.880   -999.900   -999.900
    -55.000    -28.395    -27.991   -999.900   -999.900     -0.404      0.000    -82.040    -82.130    -28.404    -28.003   -999.900   -999.900
    -60.000    -33.564    -33.014   -999.900   -999.900     -0.550      0.000    -87.040    -87.130    -33.595    -33.054   -999.900   -999.900
    -65.000    -38.946    -38.008   -999.900   -999.900     -0.938      0.000    -92.040    -92.130    -39.056    -38.137   -999.900   -999.900
    -70.000    -43.989    -42.695   -999.900   -999.900     -1.294      0.000    -97.040    -97.130    -44.350    -43.088   -999.900   -999.900
    -75.000    -48.324    -46.977   -999.900   -999.900     -1.347      0.000   -102.040   -102.130    -49.383    -48.121   -999.900   -999.900
    -80.000    -51.649    -50.234   -999.900   -999.900     -1.415      0.000   -107.040   -107.130    -54.370    -53.160   -999.900   -999.900
    -85.000    -53.639    -52.101   -999.900   -999.900     -1.537      0.000   -112.040   -112.130    -59.422    -58.184   -999.900   -999.900
    -90.000    -54.504    -52.896   -999.900   -999.900     -1.608      0.000   -117.040   -117.130    -64.426    -63.109   -999.900   -999.900
    -95.000    -54.839    -53.182   -999.900   -999.900     -1.657      0.000   -122.040   -122.130    -70.116    -67.934   -999.900   -999.900
   -100.000    -54.939    -53.285   -999.900   -999.900     -1.654      0.000   -127.040   -127.130    -76.423    -73.128   -999.900   -999.900
   -105.000    -54.986    -53.318   -999.900   -999.900     -1.668      0.000   -132.040   -132.130    -76.423    -78.759   -999.900   -999.900
   -110.000    -54.967    -53.335   -999.900   -999.900     -1.632      0.000   -137.040   -137.130    -76.423    -78.759   -999.900   -999.900
   -115.000    -54.972    -53.337   -999.900   -999.900     -1.635      0.000   -142.040   -142.130    -76.423    -78.759   -999.900   -999.900
   -120.000    -54.956    -53.331   -999.900   -999.900     -1.625      0.000   -147.040   -147.130    -76.423    -78.759   -999.900   -999.900
