      0.000      3.661      3.881   -999.900   -999.900     -0.220      0.000    -27.040    -27.130      3.661      3.881   -999.900   -999.900
     -5.000      3.669      3.889   -999.900   -999.900     -0.220      0.000    -32.040    -32.130      3.669      3.889   -999.900   -999.900
    -10.000      3.635      3.851   -999.900   -999.900     -0.216      0.000    -37.040    -37.130      3.635      3.851   -999.900   -999.900
    -15.000      3.397      3.612   -999.900   -999.900     -0.215      0.000    -42.040    -42.130      3.397      3.612   -999.900   -999.900
    -20.000      2.532      2.761   -999.900   -999.900     -0.229      0.000    -47.040    -47.130      2.532      2.761   -999.900   -999.900
    -25.000      0.041      0.364   -999.900   -999.900     -0.323      0.000    -52.040    -52.130      0.041      0.364   -999.900   -999.900
    -30.000     -4.007     -3.675   -999.900   -999.900     -0.332      0.000    -57.040    -57.130     -4.007     -3.675   -999.900   -999.900
    -35.000     -8.649     -8.318   -999.900   -999.900     -0.331      0.000    -62.040    -62.130     -8.650     -8.318   -999.900   -999.900
    -40.000    -13.461    -13.123   -999.900   -999.900     -0.337      0.000    -67.040    -67.130    -13.461    -13.124   -999.900   -999.900
    -45.000    -18.367    -18.024   -999.900   -999.900     -0.342      0.000    -72.040    -72.130    -18.368    -18.025   -999.900   -999.900
    -50.000    -23.311    -22.980   -999.900   -999.900     -0.330      0.000    -77.040    -77.130    -23.313    -22.984   -999.900   -999.900
    -55.000    -28.388    -28.073   -999.900   -999.900     -0.315      0.000    -82.040    -82.130    -28.397    -28.083   -999.900   -999.900
    -60.000    -33.359    -33.124   -999.900   -999.900     -0.236      0.000    -87.040    -87.130    -33.389    -33.158   -999.900   -999.900
    -65.000    -38.548    -38.306   -999.900   -999.900     -0.242      0.000    -92.040    -92.130    -38.646    -38.420   -999.900   -999.900
    -70.000    -43.393    -42.970   -999.900   -999.900     -0.423      0.000    -97.040    -97.130    -43.700    -43.313   -999.900   -999.900
    -75.000    -47.799    -47.354   -999.900   -999.900     -0.446      0.000   -102.040   -102.130    -48.706    -48.369   -999.900   -999.900
    -80.000    -51.310    -50.766   -999.900   -999.900     -0.544      0.000   -107.040   -107.130    -53.697    -53.420   -999.900   -999.900
    -85.000    -53.487    -52.809   -999.900   -999.900     -0.678      0.000   -112.040   -112.130    -58.685    -58.525   -999.900   -999.900
    -90.000    -54.487    -53.686   -999.900   -999.900     -0.800      0.000   -117.040   -117.130    -63.641    -63.502   -999.900   -999.900
    -95.000    -54.866    -54.016   -999.900   -999.900     -0.850      0.000   -122.040   -122.130    -68.699    -68.743   -999.900   -999.900
   -100.000    -54.983    -54.119   -999.900   -999.900     -0.864      0.000   -127.040   -127.130    -73.223    -73.954   -999.900   -999.900
   -105.000    -55.043    -54.164   -999.900   -999.900     -0.880      0.000   -132.040   -132.130    -83.982    -90.233   -999.900   -999.900
   -110.000    -55.049    -54.173   -999.900   -999.900     -0.876      0.000   -137.040   -137.130    -83.982    -90.233   -999.900   -999.900
   -115.000    -55.046    -54.161   -999.900   -999.900     -0.885      0.000   -142.040   -142.130    -83.982    -90.233   -999.900   -999.900
   -120.000    -55.057    -54.161   -999.900   -999.900     -0.896      0.000   -147.040   -147.130    -83.982    -90.233   -999.900   -999.900
