      0.000      3.495      3.800   -999.900   -999.900     -0.305      0.000    -27.040    -27.130      3.495      3.800   -999.900   -999.900
     -5.000      3.499      3.801   -999.900   -999.900     -0.302      0.000    -32.040    -32.130      3.499      3.801   -999.900   -999.900
    -10.000      3.429      3.731   -999.900   -999.900     -0.302      0.000    -37.040    -37.130      3.429      3.731   -999.900   -999.900
    -15.000      3.042      3.372   -999.900   -999.900     -0.330      0.000    -42.040    -42.130      3.042      3.372   -999.900   -999.900
    -20.000      1.920      2.336   -999.900   -999.900     -0.417      0.000    -47.040    -47.130      1.920      2.336   -999.900   -999.900
    -25.000     -1.108     -0.448   -999.900   -999.900     -0.660      0.000    -52.040    -52.130     -1.108     -0.449   -999.900   -999.900
    -30.000     -5.382     -4.676   -999.900   -999.900     -0.706      0.000    -57.040    -57.130     -5.382     -4.676   -999.900   -999.900
    -35.000    -10.044     -9.319   -999.900   -999.900     -0.725      0.000    -62.040    -62.130    -10.044     -9.319   -999.900   -999.900
    -40.000    -14.888    -14.142   -999.900   -999.900     -0.746      0.000    -67.040    -67.130    -14.889    -14.142   -999.900   -999.900
    -45.000    -19.819    -19.072   -999.900   -999.900     -0.748      0.000    -72.040    -72.130    -19.821    -19.073   -999.900   -999.900
    -50.000    -24.762    -24.005   -999.900   -999.900     -0.758      0.000    -77.040    -77.130    -24.766    -24.009   -999.900   -999.900
    -55.000    -29.847    -29.078   -999.900   -999.900     -0.769      0.000    -82.040    -82.130    -29.858    -29.090   -999.900   -999.900
    -60.000    -34.953    -34.157   -999.900   -999.900     -0.796      0.000    -87.040    -87.130    -34.989    -34.195   -999.900   -999.900
    -65.000    -40.064    -39.319   -999.900   -999.900     -0.745      0.000    -92.040    -92.130    -40.181    -39.446   -999.900   -999.900
    -70.000    -44.924    -44.082   -999.900   -999.900     -0.842      0.000    -97.040    -97.130    -45.294    -44.474   -999.900   -999.900
    -75.000    -49.207    -48.448   -999.900   -999.900     -0.759      0.000   -102.040   -102.130    -50.281    -49.614   -999.900   -999.900
    -80.000    -52.522    -51.686   -999.900   -999.900     -0.835      0.000   -107.040   -107.130    -55.279    -54.665   -999.900   -999.900
    -85.000    -54.484    -53.530   -999.900   -999.900     -0.954      0.000   -112.040   -112.130    -60.308    -59.706   -999.900   -999.900
    -90.000    -55.271    -54.325   -999.900   -999.900     -0.945      0.000   -117.040   -117.130    -64.665    -64.845   -999.900   -999.900
    -95.000    -55.585    -54.593   -999.900   -999.900     -0.993      0.000   -122.040   -122.130    -68.731    -69.705   -999.900   -999.900
   -100.000    -55.778    -54.696   -999.900   -999.900     -1.082      0.000   -127.040   -127.130    -78.636    -75.952   -999.900   -999.900
   -105.000    -55.830    -54.720   -999.900   -999.900     -1.110      0.000   -132.040   -132.130    -78.636    -81.710   -999.900   -999.900
   -110.000    -55.819    -54.733   -999.900   -999.900     -1.086      0.000   -137.040   -137.130    -78.636    -81.710   -999.900   -999.900
   -115.000    -55.827    -54.737   -999.900   -999.900     -1.089      0.000   -142.040   -142.130    -78.636    -81.710   -999.900   -999.900
   -120.000    -55.729    -54.724   -999.900   -999.900     -1.005      0.000   -147.040   -147.130    -78.636    -81.710   -999.900   -999.900
