      0.000      3.798      3.923   -999.900   -999.900     -0.125      0.000    -26.900    -26.210      3.798      3.923   -999.900   -999.900
     -5.000      3.768      3.902   -999.900   -999.900     -0.134      0.000    -31.900    -31.210      3.768      3.902   -999.900   -999.900
    -10.000      3.532      3.707   -999.900   -999.900     -0.175      0.000    -36.900    -36.210      3.532      3.707   -999.900   -999.900
    -15.000      2.558      2.854   -999.900   -999.900     -0.296      0.000    -41.900    -41.210      2.558      2.854   -999.900   -999.900
    -20.000     -0.141      0.407   -999.900   -999.900     -0.547      0.000    -46.900    -46.210     -0.141      0.407   -999.900   -999.900
    -25.000     -4.278     -3.693   -999.900   -999.900     -0.585      0.000    -51.900    -51.210     -4.278     -3.693   -999.900   -999.900
    -30.000     -8.848     -8.269   -999.900   -999.900     -0.578      0.000    -56.900    -56.210     -8.848     -8.269   -999.900   -999.900
    -35.000    -13.685    -13.106   -999.900   -999.900     -0.580      0.000    -61.900    -61.210    -13.686    -13.106   -999.900   -999.900
    -40.000    -18.624    -18.047   -999.900   -999.900     -0.577      0.000    -66.900    -66.210    -18.625    -18.048   -999.900   -999.900
    -45.000    -23.641    -23.068   -999.900   -999.900     -0.572      0.000    -71.900    -71.210    -23.643    -23.070   -999.900   -999.900
    -50.000    -28.717    -28.150   -999.900   -999.900     -0.566      0.000    -76.900    -76.210    -28.723    -28.157   -999.900   -999.900
    -55.000    -33.860    -33.252   -999.900   -999.900     -0.608      0.000    -81.900    -81.210    -33.881    -33.273   -999.900   -999.900
    -60.000    -38.656    -38.276   -999.900   -999.900     -0.381      0.000    -86.900    -86.210    -38.720    -38.343   -999.900   -999.900
    -65.000    -43.509    -43.193   -999.900   -999.900     -0.316      0.000    -91.900    -91.210    -43.708    -43.404   -999.900   -999.900
    -70.000    -48.017    -47.635   -999.900   -999.900     -0.383      0.000    -96.900    -96.210    -48.604    -48.248   -999.900   -999.900
    -75.000    -51.867    -51.590   -999.900   -999.900     -0.277      0.000   -101.900   -101.210    -53.458    -53.311   -999.900   -999.900
    -80.000    -54.638    -54.297   -999.900   -999.900     -0.342      0.000   -106.900   -106.210    -58.410    -58.390   -999.900   -999.900
    -85.000    -56.095    -55.635   -999.900   -999.900     -0.460      0.000   -111.900   -111.210    -63.349    -63.347   -999.900   -999.900
    -90.000    -56.695    -56.189   -999.900   -999.900     -0.505      0.000   -116.900   -116.210    -68.361    -68.684   -999.900   -999.900
    -95.000    -56.893    -56.368   -999.900   -999.900     -0.525      0.000   -121.900   -121.210    -72.993    -74.121   -999.900   -999.900
   -100.000    -56.963    -56.414   -999.900   -999.900     -0.549      0.000   -126.900   -126.210    -77.520    -78.428   -999.900   -999.900
   -105.000    -56.989    -56.454   -999.900   -999.900     -0.535      0.000   -131.900   -131.210    -82.444    -78.428   -999.900   -999.900
   -110.000    -56.998    -56.435   -999.900   -999.900     -0.563      0.000   -136.900   -136.210    -88.373    -78.428   -999.900   -999.900
   -115.000    -57.013    -56.439   -999.900   -999.900     -0.574      0.000   -141.900   -141.210    -88.373    -78.428   -999.900   -999.900
   -120.000    -57.004    -56.436   -999.900   -999.900     -0.568      0.000   -146.900   -146.210    -88.373    -78.428   -999.900   -999.900
