      0.000      3.473      3.673   -999.900   -999.900     -0.200      0.000    -26.900    -26.210      3.473      3.673   -999.900   -999.900
     -5.000      3.437      3.658   -999.900   -999.900     -0.221      0.000    -31.900    -31.210      3.437      3.658   -999.900   -999.900
    -10.000      3.171      3.474   -999.900   -999.900     -0.303      0.000    -36.900    -36.210      3.171      3.474   -999.900   -999.900
    -15.000      2.140      2.669   -999.900   -999.900     -0.529      0.000    -41.900    -41.210      2.140      2.669   -999.900   -999.900
    -20.000     -0.598      0.433   -999.900   -999.900     -1.032      0.000    -46.900    -46.210     -0.598      0.433   -999.900   -999.900
    -25.000     -4.763     -3.596   -999.900   -999.900     -1.168      0.000    -51.900    -51.210     -4.763     -3.596   -999.900   -999.900
    -30.000     -9.401     -8.180   -999.900   -999.900     -1.221      0.000    -56.900    -56.210     -9.401     -8.180   -999.900   -999.900
    -35.000    -14.181    -12.946   -999.900   -999.900     -1.235      0.000    -61.900    -61.210    -14.181    -12.946   -999.900   -999.900
    -40.000    -19.091    -17.863   -999.900   -999.900     -1.228      0.000    -66.900    -66.210    -19.092    -17.863   -999.900   -999.900
    -45.000    -24.046    -22.844   -999.900   -999.900     -1.202      0.000    -71.900    -71.210    -24.048    -22.846   -999.900   -999.900
    -50.000    -29.003    -27.871   -999.900   -999.900     -1.132      0.000    -76.900    -76.210    -29.008    -27.875   -999.900   -999.900
    -55.000    -34.002    -32.995   -999.900   -999.900     -1.008      0.000    -81.900    -81.210    -34.020    -33.008   -999.900   -999.900
    -60.000    -38.758    -38.000   -999.900   -999.900     -0.758      0.000    -86.900    -86.210    -38.810    -38.043   -999.900   -999.900
    -65.000    -43.216    -43.045   -999.900   -999.900     -0.171      0.000    -91.900    -91.210    -43.363    -43.186   -999.900   -999.900
    -70.000    -47.748    -47.531   -999.900   -999.900     -0.217      0.000    -96.900    -96.210    -48.180    -47.940   -999.900   -999.900
    -75.000    -51.897    -51.767   -999.900   -999.900     -0.130      0.000   -101.900   -101.210    -53.125    -52.949   -999.900   -999.900
    -80.000    -55.018    -54.985   -999.900   -999.900     -0.033      0.000   -106.900   -106.210    -58.071    -57.992   -999.900   -999.900
    -85.000    -56.807    -56.846   -999.900   -999.900      0.039      0.000   -111.900   -111.210    -63.048    -63.169   -999.900   -999.900
    -90.000    -57.418    -57.044   -999.900   -999.900     -0.375      0.000   -116.900   -116.210    -66.540    -64.089   -999.900   -999.900
    -95.000    -57.867    -57.925   -999.900   -999.900      0.058      0.000   -121.900   -121.210    -73.559    -75.657   -999.900   -999.900
   -100.000    -57.978    -58.018   -999.900   -999.900      0.040      0.000   -126.900   -126.210    -85.423    -75.657   -999.900   -999.900
   -105.000    -58.013    -58.079   -999.900   -999.900      0.065      0.000   -131.900   -131.210    -85.423    -75.657   -999.900   -999.900
   -110.000    -57.994    -58.071   -999.900   -999.900      0.076      0.000   -136.900   -136.210    -85.423    -75.657   -999.900   -999.900
   -115.000    -58.004    -58.080   -999.900   -999.900      0.076      0.000   -141.900   -141.210    -85.423    -75.657   -999.900   -999.900
   -120.000    -57.931    -57.775   -999.900   -999.900     -0.156      0.000   -146.900   -146.210    -85.423    -75.657   -999.900   -999.900
