      0.000      3.537      3.686   -999.900   -999.900     -0.149      0.000    -26.900    -26.210      3.537      3.686   -999.900   -999.900
     -5.000      3.460      3.750   -999.900   -999.900     -0.290      0.000    -31.900    -31.210      3.460      3.750   -999.900   -999.900
    -10.000      3.030      3.747   -999.900   -999.900     -0.717      0.000    -36.900    -36.210      3.030      3.747   -999.900   -999.900
    -15.000      1.661      3.571   -999.900   -999.900     -1.910      0.000    -41.900    -41.210      1.661      3.571   -999.900   -999.900
    -20.000     -1.799      2.816   -999.900   -999.900     -4.615      0.000    -46.900    -46.210     -1.799      2.816   -999.900   -999.900
    -25.000     -6.113      0.762   -999.900   -999.900     -6.876      0.000    -51.900    -51.210     -6.113      0.762   -999.900   -999.900
    -30.000    -10.828     -3.258   -999.900   -999.900     -7.570      0.000    -56.900    -56.210    -10.828     -3.258   -999.900   -999.900
    -35.000    -15.657     -7.781   -999.900   -999.900     -7.876      0.000    -61.900    -61.210    -15.657     -7.781   -999.900   -999.900
    -40.000    -20.602    -12.559   -999.900   -999.900     -8.044      0.000    -66.900    -66.210    -20.603    -12.559   -999.900   -999.900
    -45.000    -25.593    -17.455   -999.900   -999.900     -8.138      0.000    -71.900    -71.210    -25.595    -17.456   -999.900   -999.900
    -50.000    -30.600    -22.425   -999.900   -999.900     -8.175      0.000    -76.900    -76.210    -30.606    -22.429   -999.900   -999.900
    -55.000    -35.659    -27.517   -999.900   -999.900     -8.142      0.000    -81.900    -81.210    -35.680    -27.529   -999.900   -999.900
    -60.000    -40.399    -32.560   -999.900   -999.900     -7.839      0.000    -86.900    -86.210    -40.461    -32.597   -999.900   -999.900
    -65.000    -45.063    -37.549   -999.900   -999.900     -7.514      0.000    -91.900    -91.210    -45.248    -37.668   -999.900   -999.900
    -70.000    -49.710    -42.335   -999.900   -999.900     -7.376      0.000    -96.900    -96.210    -50.274    -42.705   -999.900   -999.900
    -75.000    -53.685    -46.524   -999.900   -999.900     -7.160      0.000   -101.900   -101.210    -55.258    -47.573   -999.900   -999.900
    -80.000    -56.429    -49.699   -999.900   -999.900     -6.730      0.000   -106.900   -106.210    -60.112    -52.261   -999.900   -999.900
    -85.000    -57.944    -51.628   -999.900   -999.900     -6.315      0.000   -111.900   -111.210    -65.162    -56.784   -999.900   -999.900
    -90.000    -58.563    -52.719   -999.900   -999.900     -5.843      0.000   -116.900   -116.210    -70.393    -62.437   -999.900   -999.900
    -95.000    -58.729    -53.053   -999.900   -999.900     -5.676      0.000   -121.900   -121.210    -74.090    -67.554   -999.900   -999.900
   -100.000    -58.858    -53.166   -999.900   -999.900     -5.692      0.000   -126.900   -126.210    -74.090    -73.159   -999.900   -999.900
   -105.000    -58.881    -53.203   -999.900   -999.900     -5.678      0.000   -131.900   -131.210    -74.090    -81.290   -999.900   -999.900
   -110.000    -58.885    -53.213   -999.900   -999.900     -5.672      0.000   -136.900   -136.210    -74.090    -81.290   -999.900   -999.900
   -115.000    -58.885    -53.207   -999.900   -999.900     -5.677      0.000   -141.900   -141.210    -74.090    -81.290   -999.900   -999.900
   -120.000    -58.780    -53.215   -999.900   -999.900     -5.565      0.000   -146.900   -146.210    -74.090    -81.290   -999.900   -999.900
