      0.000      5.785      6.018   -999.900   -999.900     -0.233      0.000    -27.380    -27.440      5.785      6.018   -999.900   -999.900
     -5.000      5.787      6.036   -999.900   -999.900     -0.249      0.000    -32.380    -32.440      5.787      6.036   -999.900   -999.900
    -10.000      5.532      5.847   -999.900   -999.900     -0.315      0.000    -37.380    -37.440      5.532      5.847   -999.900   -999.900
    -15.000      4.545      5.060   -999.900   -999.900     -0.515      0.000    -42.380    -42.440      4.545      5.060   -999.900   -999.900
    -20.000      2.107      2.741   -999.900   -999.900     -0.634      0.000    -47.380    -47.440      2.107      2.741   -999.900   -999.900
    -25.000     -2.599     -1.906   -999.900   -999.900     -0.694      0.000    -52.380    -52.440     -2.599     -1.906   -999.900   -999.900
    -30.000     -7.567     -6.857   -999.900   -999.900     -0.710      0.000    -57.380    -57.440     -7.567     -6.857   -999.900   -999.900
    -35.000    -12.508    -11.787   -999.900   -999.900     -0.721      0.000    -62.380    -62.440    -12.508    -11.787   -999.900   -999.900
    -40.000    -17.521    -16.793   -999.900   -999.900     -0.727      0.000    -67.380    -67.440    -17.521    -16.794   -999.900   -999.900
    -45.000    -22.553    -21.811   -999.900   -999.900     -0.742      0.000    -72.380    -72.440    -22.555    -21.813   -999.900   -999.900
    -50.000    -27.576    -26.831   -999.900   -999.900     -0.745      0.000    -77.380    -77.440    -27.581    -26.835   -999.900   -999.900
    -55.000    -32.634    -31.859   -999.900   -999.900     -0.775      0.000    -82.380    -82.440    -32.651    -31.873   -999.900   -999.900
    -60.000    -37.507    -36.869   -999.900   -999.900     -0.638      0.000    -87.380    -87.440    -37.559    -36.915   -999.900   -999.900
    -65.000    -42.279    -41.873   -999.900   -999.900     -0.406      0.000    -92.380    -92.440    -42.435    -42.022   -999.900   -999.900
    -70.000    -46.956    -46.651   -999.900   -999.900     -0.305      0.000    -97.380    -97.440    -47.431    -47.116   -999.900   -999.900
    -75.000    -51.083    -50.813   -999.900   -999.900     -0.270      0.000   -102.380   -102.440    -52.438    -52.148   -999.900   -999.900
    -80.000    -54.109    -53.836   -999.900   -999.900     -0.273      0.000   -107.380   -107.440    -57.461    -57.121   -999.900   -999.900
    -85.000    -55.756    -55.511   -999.900   -999.900     -0.244      0.000   -112.380   -112.440    -62.450    -62.099   -999.900   -999.900
    -90.000    -56.438    -56.219   -999.900   -999.900     -0.219      0.000   -117.380   -117.440    -67.394    -67.124   -999.900   -999.900
    -95.000    -56.700    -56.473   -999.900   -999.900     -0.227      0.000   -122.380   -122.440    -73.043    -72.325   -999.900   -999.900
   -100.000    -56.771    -56.541   -999.900   -999.900     -0.230      0.000   -127.380   -127.440    -78.269    -76.348   -999.900   -999.900
   -105.000    -56.804    -56.592   -999.900   -999.900     -0.212      0.000   -132.380   -132.440    -78.269    -76.348   -999.900   -999.900
   -110.000    -56.800    -56.587   -999.900   -999.900     -0.213      0.000   -137.380   -137.440    -78.269    -76.348   -999.900   -999.900
   -115.000    -56.810    -56.568   -999.900   -999.900     -0.242      0.000   -142.380   -142.440    -78.269    -76.348   -999.900   -999.900
   -120.000    -56.794    -56.602   -999.900   -999.900     -0.192      0.000   -147.380   -147.440    -78.269    -76.348   -999.900   -999.900
