      0.000      3.612      4.000   -999.900   -999.900     -0.388      0.000    -27.380    -27.440      3.612      4.000   -999.900   -999.900
     -5.000      3.639      4.028   -999.900   -999.900     -0.390      0.000    -32.380    -32.440      3.639      4.028   -999.900   -999.900
    -10.000      3.553      3.959   -999.900   -999.900     -0.405      0.000    -37.380    -37.440      3.553      3.959   -999.900   -999.900
    -15.000      3.107      3.569   -999.900   -999.900     -0.461      0.000    -42.380    -42.440      3.107      3.569   -999.900   -999.900
    -20.000      1.676      2.184   -999.900   -999.900     -0.509      0.000    -47.380    -47.440      1.676      2.184   -999.900   -999.900
    -25.000     -1.875     -1.350   -999.900   -999.900     -0.525      0.000    -52.380    -52.440     -1.875     -1.350   -999.900   -999.900
    -30.000     -6.223     -5.728   -999.900   -999.900     -0.495      0.000    -57.380    -57.440     -6.223     -5.728   -999.900   -999.900
    -35.000    -10.944    -10.471   -999.900   -999.900     -0.473      0.000    -62.380    -62.440    -10.944    -10.471   -999.900   -999.900
    -40.000    -15.822    -15.351   -999.900   -999.900     -0.471      0.000    -67.380    -67.440    -15.822    -15.351   -999.900   -999.900
    -45.000    -20.793    -20.315   -999.900   -999.900     -0.479      0.000    -72.380    -72.440    -20.794    -20.316   -999.900   -999.900
    -50.000    -25.794    -25.285   -999.900   -999.900     -0.509      0.000    -77.380    -77.440    -25.798    -25.289   -999.900   -999.900
    -55.000    -30.921    -30.331   -999.900   -999.900     -0.589      0.000    -82.380    -82.440    -30.933    -30.346   -999.900   -999.900
    -60.000    -35.996    -35.231   -999.900   -999.900     -0.765      0.000    -87.380    -87.440    -36.035    -35.276   -999.900   -999.900
    -65.000    -41.275    -40.065   -999.900   -999.900     -1.210      0.000    -92.380    -92.440    -41.409    -40.202   -999.900   -999.900
    -70.000    -46.255    -44.872   -999.900   -999.900     -1.383      0.000    -97.380    -97.440    -46.692    -45.299   -999.900   -999.900
    -75.000    -50.509    -49.205   -999.900   -999.900     -1.304      0.000   -102.380   -102.440    -51.787    -50.477   -999.900   -999.900
    -80.000    -53.554    -52.330   -999.900   -999.900     -1.224      0.000   -107.380   -107.440    -56.688    -55.531   -999.900   -999.900
    -85.000    -55.317    -54.058   -999.900   -999.900     -1.259      0.000   -112.380   -112.440    -61.726    -60.560   -999.900   -999.900
    -90.000    -56.047    -54.768   -999.900   -999.900     -1.279      0.000   -117.380   -117.440    -66.621    -65.425   -999.900   -999.900
    -95.000    -56.312    -55.031   -999.900   -999.900     -1.281      0.000   -122.380   -122.440    -71.528    -70.422   -999.900   -999.900
   -100.000    -56.399    -55.116   -999.900   -999.900     -1.283      0.000   -127.380   -127.440    -76.202    -75.293   -999.900   -999.900
   -105.000    -56.444    -55.156   -999.900   -999.900     -1.288      0.000   -132.380   -132.440    -94.088    -88.662   -999.900   -999.900
   -110.000    -56.443    -55.154   -999.900   -999.900     -1.289      0.000   -137.380   -137.440    -89.175    -85.261   -999.900   -999.900
   -115.000    -56.452    -55.157   -999.900   -999.900     -1.295      0.000   -142.380   -142.440    -89.175    -89.817   -999.900   -999.900
   -120.000    -56.442    -55.166   -999.900   -999.900     -1.276      0.000   -147.380   -147.440    -89.175    -89.817   -999.900   -999.900
