      0.000      3.296      3.732   -999.900   -999.900     -0.436      0.000    -27.380    -27.440      3.296      3.732   -999.900   -999.900
     -5.000      3.311      3.750   -999.900   -999.900     -0.439      0.000    -32.380    -32.440      3.311      3.750   -999.900   -999.900
    -10.000      3.200      3.655   -999.900   -999.900     -0.455      0.000    -37.380    -37.440      3.200      3.655   -999.900   -999.900
    -15.000      2.654      3.167   -999.900   -999.900     -0.513      0.000    -42.380    -42.440      2.654      3.167   -999.900   -999.900
    -20.000      1.036      1.572   -999.900   -999.900     -0.535      0.000    -47.380    -47.440      1.036      1.572   -999.900   -999.900
    -25.000     -2.638     -2.098   -999.900   -999.900     -0.541      0.000    -52.380    -52.440     -2.638     -2.098   -999.900   -999.900
    -30.000     -7.073     -6.534   -999.900   -999.900     -0.539      0.000    -57.380    -57.440     -7.073     -6.534   -999.900   -999.900
    -35.000    -11.797    -11.286   -999.900   -999.900     -0.511      0.000    -62.380    -62.440    -11.797    -11.286   -999.900   -999.900
    -40.000    -16.650    -16.128   -999.900   -999.900     -0.522      0.000    -67.380    -67.440    -16.651    -16.128   -999.900   -999.900
    -45.000    -21.553    -21.021   -999.900   -999.900     -0.532      0.000    -72.380    -72.440    -21.554    -21.022   -999.900   -999.900
    -50.000    -26.422    -25.872   -999.900   -999.900     -0.550      0.000    -77.380    -77.440    -26.426    -25.876   -999.900   -999.900
    -55.000    -31.337    -30.761   -999.900   -999.900     -0.576      0.000    -82.380    -82.440    -31.350    -30.773   -999.900   -999.900
    -60.000    -36.064    -35.602   -999.900   -999.900     -0.462      0.000    -87.380    -87.440    -36.103    -35.639   -999.900   -999.900
    -65.000    -41.201    -40.892   -999.900   -999.900     -0.309      0.000    -92.380    -92.440    -41.330    -41.019   -999.900   -999.900
    -70.000    -46.223    -45.978   -999.900   -999.900     -0.246      0.000    -97.380    -97.440    -46.647    -46.401   -999.900   -999.900
    -75.000    -50.629    -50.386   -999.900   -999.900     -0.243      0.000   -102.380   -102.440    -51.915    -51.670   -999.900   -999.900
    -80.000    -53.695    -53.514   -999.900   -999.900     -0.181      0.000   -107.380   -107.440    -56.875    -56.757   -999.900   -999.900
    -85.000    -55.434    -55.240   -999.900   -999.900     -0.194      0.000   -112.380   -112.440    -61.908    -61.870   -999.900   -999.900
    -90.000    -56.158    -55.923   -999.900   -999.900     -0.235      0.000   -117.380   -117.440    -66.884    -66.684   -999.900   -999.900
    -95.000    -56.398    -56.223   -999.900   -999.900     -0.175      0.000   -122.380   -122.440    -71.255    -73.589   -999.900   -999.900
   -100.000    -56.497    -56.315   -999.900   -999.900     -0.182      0.000   -127.380   -127.440    -76.352    -73.589   -999.900   -999.900
   -105.000    -56.553    -56.268   -999.900   -999.900     -0.285      0.000   -132.380   -132.440    -76.352    -73.589   -999.900   -999.900
   -110.000    -56.526    -56.335   -999.900   -999.900     -0.191      0.000   -137.380   -137.440    -76.352    -73.589   -999.900   -999.900
   -115.000    -56.542    -56.310   -999.900   -999.900     -0.232      0.000   -142.380   -142.440    -76.352    -73.589   -999.900   -999.900
   -120.000    -56.548    -56.301   -999.900   -999.900     -0.246      0.000   -147.380   -147.440    -76.352    -73.589   -999.900   -999.900
