      0.000      3.351      3.806   -999.900   -999.900     -0.455      0.000    -27.380    -27.440      3.351      3.806   -999.900   -999.900
     -5.000      3.342      3.802   -999.900   -999.900     -0.460      0.000    -32.380    -32.440      3.342      3.802   -999.900   -999.900
    -10.000      3.184      3.661   -999.900   -999.900     -0.477      0.000    -37.380    -37.440      3.184      3.661   -999.900   -999.900
    -15.000      2.457      2.981   -999.900   -999.900     -0.525      0.000    -42.380    -42.440      2.457      2.981   -999.900   -999.900
    -20.000      0.397      0.888   -999.900   -999.900     -0.491      0.000    -47.380    -47.440      0.397      0.888   -999.900   -999.900
    -25.000     -3.503     -3.035   -999.900   -999.900     -0.468      0.000    -52.380    -52.440     -3.503     -3.035   -999.900   -999.900
    -30.000     -8.070     -7.626   -999.900   -999.900     -0.443      0.000    -57.380    -57.440     -8.070     -7.626   -999.900   -999.900
    -35.000    -12.815    -12.380   -999.900   -999.900     -0.435      0.000    -62.380    -62.440    -12.815    -12.380   -999.900   -999.900
    -40.000    -17.738    -17.291   -999.900   -999.900     -0.447      0.000    -67.380    -67.440    -17.738    -17.292   -999.900   -999.900
    -45.000    -22.733    -22.267   -999.900   -999.900     -0.465      0.000    -72.380    -72.440    -22.734    -22.269   -999.900   -999.900
    -50.000    -27.689    -27.198   -999.900   -999.900     -0.491      0.000    -77.380    -77.440    -27.694    -27.204   -999.900   -999.900
    -55.000    -32.810    -32.175   -999.900   -999.900     -0.635      0.000    -82.380    -82.440    -32.826    -32.194   -999.900   -999.900
    -60.000    -37.817    -37.027   -999.900   -999.900     -0.789      0.000    -87.380    -87.440    -37.865    -37.085   -999.900   -999.900
    -65.000    -43.045    -41.989   -999.900   -999.900     -1.056      0.000    -92.380    -92.440    -43.209    -42.173   -999.900   -999.900
    -70.000    -48.070    -46.757   -999.900   -999.900     -1.313      0.000    -97.380    -97.440    -48.616    -47.332   -999.900   -999.900
    -75.000    -52.267    -50.793   -999.900   -999.900     -1.474      0.000   -102.380   -102.440    -53.881    -52.431   -999.900   -999.900
    -80.000    -55.019    -53.546   -999.900   -999.900     -1.473      0.000   -107.380   -107.440    -58.836    -57.441   -999.900   -999.900
    -85.000    -56.496    -54.973   -999.900   -999.900     -1.523      0.000   -112.380   -112.440    -63.979    -62.477   -999.900   -999.900
    -90.000    -57.050    -55.559   -999.900   -999.900     -1.492      0.000   -117.380   -117.440    -68.816    -67.855   -999.900   -999.900
    -95.000    -57.247    -55.717   -999.900   -999.900     -1.530      0.000   -122.380   -122.440    -73.558    -71.929   -999.900   -999.900
   -100.000    -57.329    -55.819   -999.900   -999.900     -1.510      0.000   -127.380   -127.440    -80.613    -86.955   -999.900   -999.900
   -105.000    -57.337    -55.820   -999.900   -999.900     -1.517      0.000   -132.380   -132.440    -82.655    -89.313   -999.900   -999.900
   -110.000    -57.348    -55.816   -999.900   -999.900     -1.532      0.000   -137.380   -137.440    -90.775    -84.225   -999.900   -999.900
   -115.000    -57.368    -55.836   -999.900   -999.900     -1.532      0.000   -142.380   -142.440    -90.775    -84.225   -999.900   -999.900
   -120.000    -57.347    -55.817   -999.900   -999.900     -1.530      0.000   -147.380   -147.440    -90.775    -84.225   -999.900   -999.900
