      0.000      3.558      3.962   -999.900   -999.900     -0.404      0.000    -27.380    -27.440      3.558      3.962   -999.900   -999.900
     -5.000      3.573      3.981   -999.900   -999.900     -0.407      0.000    -32.380    -32.440      3.573      3.981   -999.900   -999.900
    -10.000      3.468      3.894   -999.900   -999.900     -0.425      0.000    -37.380    -37.440      3.468      3.894   -999.900   -999.900
    -15.000      2.925      3.417   -999.900   -999.900     -0.492      0.000    -42.380    -42.440      2.925      3.417   -999.900   -999.900
    -20.000      1.244      1.793   -999.900   -999.900     -0.549      0.000    -47.380    -47.440      1.244      1.793   -999.900   -999.900
    -25.000     -2.475     -1.909   -999.900   -999.900     -0.565      0.000    -52.380    -52.440     -2.475     -1.909   -999.900   -999.900
    -30.000     -6.894     -6.350   -999.900   -999.900     -0.543      0.000    -57.380    -57.440     -6.894     -6.350   -999.900   -999.900
    -35.000    -11.657    -11.126   -999.900   -999.900     -0.531      0.000    -62.380    -62.440    -11.657    -11.126   -999.900   -999.900
    -40.000    -16.554    -16.019   -999.900   -999.900     -0.536      0.000    -67.380    -67.440    -16.555    -16.019   -999.900   -999.900
    -45.000    -21.538    -20.986   -999.900   -999.900     -0.552      0.000    -72.380    -72.440    -21.539    -20.987   -999.900   -999.900
    -50.000    -26.515    -25.924   -999.900   -999.900     -0.591      0.000    -77.380    -77.440    -26.519    -25.929   -999.900   -999.900
    -55.000    -31.653    -30.960   -999.900   -999.900     -0.693      0.000    -82.380    -82.440    -31.667    -30.976   -999.900   -999.900
    -60.000    -36.673    -35.805   -999.900   -999.900     -0.868      0.000    -87.380    -87.440    -36.716    -35.854   -999.900   -999.900
    -65.000    -41.957    -40.703   -999.900   -999.900     -1.254      0.000    -92.380    -92.440    -42.103    -40.854   -999.900   -999.900
    -70.000    -46.985    -45.545   -999.900   -999.900     -1.440      0.000    -97.380    -97.440    -47.468    -46.022   -999.900   -999.900
    -75.000    -51.260    -49.781   -999.900   -999.900     -1.480      0.000   -102.380   -102.440    -52.697    -51.183   -999.900   -999.900
    -80.000    -54.190    -52.753   -999.900   -999.900     -1.437      0.000   -107.380   -107.440    -57.685    -56.194   -999.900   -999.900
    -85.000    -55.790    -54.374   -999.900   -999.900     -1.416      0.000   -112.380   -112.440    -62.759    -61.249   -999.900   -999.900
    -90.000    -56.434    -55.033   -999.900   -999.900     -1.401      0.000   -117.380   -117.440    -67.792    -66.279   -999.900   -999.900
    -95.000    -56.670    -55.271   -999.900   -999.900     -1.399      0.000   -122.380   -122.440    -73.357    -71.640   -999.900   -999.900
   -100.000    -56.724    -55.327   -999.900   -999.900     -1.397      0.000   -127.380   -127.440    -77.057    -75.141   -999.900   -999.900
   -105.000    -56.800    -55.369   -999.900   -999.900     -1.431      0.000   -132.380   -132.440    -77.057    -86.431   -999.900   -999.900
   -110.000    -56.778    -55.377   -999.900   -999.900     -1.401      0.000   -137.380   -137.440    -77.057    -86.431   -999.900   -999.900
   -115.000    -56.734    -55.375   -999.900   -999.900     -1.359      0.000   -142.380   -142.440    -77.057    -86.431   -999.900   -999.900
   -120.000    -56.746    -55.368   -999.900   -999.900     -1.378      0.000   -147.380   -147.440    -77.057    -86.431   -999.900   -999.900
