      0.000      3.355      3.809   -999.900   -999.900     -0.454      0.000    -27.380    -27.440      3.355      3.809   -999.900   -999.900
     -5.000      3.345      3.805   -999.900   -999.900     -0.459      0.000    -32.380    -32.440      3.345      3.805   -999.900   -999.900
    -10.000      3.189      3.665   -999.900   -999.900     -0.476      0.000    -37.380    -37.440      3.189      3.665   -999.900   -999.900
    -15.000      2.462      2.986   -999.900   -999.900     -0.524      0.000    -42.380    -42.440      2.462      2.986   -999.900   -999.900
    -20.000      0.403      0.896   -999.900   -999.900     -0.493      0.000    -47.380    -47.440      0.403      0.896   -999.900   -999.900
    -25.000     -3.496     -3.026   -999.900   -999.900     -0.470      0.000    -52.380    -52.440     -3.496     -3.026   -999.900   -999.900
    -30.000     -8.062     -7.616   -999.900   -999.900     -0.446      0.000    -57.380    -57.440     -8.062     -7.616   -999.900   -999.900
    -35.000    -12.808    -12.370   -999.900   -999.900     -0.437      0.000    -62.380    -62.440    -12.808    -12.371   -999.900   -999.900
    -40.000    -17.730    -17.282   -999.900   -999.900     -0.448      0.000    -67.380    -67.440    -17.730    -17.282   -999.900   -999.900
    -45.000    -22.724    -22.258   -999.900   -999.900     -0.466      0.000    -72.380    -72.440    -22.726    -22.260   -999.900   -999.900
    -50.000    -27.681    -27.190   -999.900   -999.900     -0.491      0.000    -77.380    -77.440    -27.686    -27.196   -999.900   -999.900
    -55.000    -32.805    -32.167   -999.900   -999.900     -0.637      0.000    -82.380    -82.440    -32.820    -32.186   -999.900   -999.900
    -60.000    -37.810    -37.019   -999.900   -999.900     -0.791      0.000    -87.380    -87.440    -37.859    -37.077   -999.900   -999.900
    -65.000    -43.042    -41.970   -999.900   -999.900     -1.072      0.000    -92.380    -92.440    -43.206    -42.152   -999.900   -999.900
    -70.000    -48.067    -46.744   -999.900   -999.900     -1.324      0.000    -97.380    -97.440    -48.613    -47.317   -999.900   -999.900
    -75.000    -52.245    -50.803   -999.900   -999.900     -1.442      0.000   -102.380   -102.440    -53.850    -52.445   -999.900   -999.900
    -80.000    -55.035    -53.526   -999.900   -999.900     -1.508      0.000   -107.380   -107.440    -58.879    -57.390   -999.900   -999.900
    -85.000    -56.481    -54.966   -999.900   -999.900     -1.515      0.000   -112.380   -112.440    -63.918    -62.435   -999.900   -999.900
    -90.000    -57.072    -55.533   -999.900   -999.900     -1.539      0.000   -117.380   -117.440    -69.210    -67.416   -999.900   -999.900
    -95.000    -57.259    -55.721   -999.900   -999.900     -1.538      0.000   -122.380   -122.440    -74.303    -72.051   -999.900   -999.900
   -100.000    -57.320    -55.809   -999.900   -999.900     -1.512      0.000   -127.380   -127.440    -79.686    -80.447   -999.900   -999.900
   -105.000    -57.344    -55.826   -999.900   -999.900     -1.518      0.000   -132.380   -132.440    -92.553    -80.447   -999.900   -999.900
   -110.000    -57.335    -55.813   -999.900   -999.900     -1.521      0.000   -137.380   -137.440    -83.281    -80.447   -999.900   -999.900
   -115.000    -57.357    -55.833   -999.900   -999.900     -1.524      0.000   -142.380   -142.440    -83.281    -80.447   -999.900   -999.900
   -120.000    -57.347    -55.823   -999.900   -999.900     -1.524      0.000   -147.380   -147.440    -83.281    -80.447   -999.900   -999.900
