      0.000      3.607      3.999   -999.900   -999.900     -0.392      0.000    -27.380    -27.440      3.607      3.999   -999.900   -999.900
     -5.000      3.627      4.022   -999.900   -999.900     -0.395      0.000    -32.380    -32.440      3.627      4.022   -999.900   -999.900
    -10.000      3.531      3.944   -999.900   -999.900     -0.413      0.000    -37.380    -37.440      3.531      3.944   -999.900   -999.900
    -15.000      3.022      3.498   -999.900   -999.900     -0.476      0.000    -42.380    -42.440      3.022      3.498   -999.900   -999.900
    -20.000      1.412      1.947   -999.900   -999.900     -0.535      0.000    -47.380    -47.440      1.412      1.947   -999.900   -999.900
    -25.000     -2.268     -1.719   -999.900   -999.900     -0.549      0.000    -52.380    -52.440     -2.268     -1.719   -999.900   -999.900
    -30.000     -6.623     -6.104   -999.900   -999.900     -0.519      0.000    -57.380    -57.440     -6.623     -6.104   -999.900   -999.900
    -35.000    -11.404    -10.904   -999.900   -999.900     -0.501      0.000    -62.380    -62.440    -11.404    -10.904   -999.900   -999.900
    -40.000    -16.294    -15.795   -999.900   -999.900     -0.499      0.000    -67.380    -67.440    -16.294    -15.795   -999.900   -999.900
    -45.000    -21.268    -20.755   -999.900   -999.900     -0.513      0.000    -72.380    -72.440    -21.269    -20.757   -999.900   -999.900
    -50.000    -26.255    -25.708   -999.900   -999.900     -0.547      0.000    -77.380    -77.440    -26.259    -25.713   -999.900   -999.900
    -55.000    -31.390    -30.757   -999.900   -999.900     -0.633      0.000    -82.380    -82.440    -31.403    -30.773   -999.900   -999.900
    -60.000    -36.417    -35.601   -999.900   -999.900     -0.816      0.000    -87.380    -87.440    -36.461    -35.649   -999.900   -999.900
    -65.000    -41.724    -40.480   -999.900   -999.900     -1.245      0.000    -92.380    -92.440    -41.873    -40.628   -999.900   -999.900
    -70.000    -46.695    -45.287   -999.900   -999.900     -1.408      0.000    -97.380    -97.440    -47.179    -45.752   -999.900   -999.900
    -75.000    -50.911    -49.572   -999.900   -999.900     -1.339      0.000   -102.380   -102.440    -52.329    -50.952   -999.900   -999.900
    -80.000    -53.847    -52.563   -999.900   -999.900     -1.284      0.000   -107.380   -107.440    -57.292    -55.956   -999.900   -999.900
    -85.000    -55.474    -54.211   -999.900   -999.900     -1.263      0.000   -112.380   -112.440    -62.389    -61.039   -999.900   -999.900
    -90.000    -56.128    -54.856   -999.900   -999.900     -1.272      0.000   -117.380   -117.440    -67.440    -65.793   -999.900   -999.900
    -95.000    -56.344    -55.103   -999.900   -999.900     -1.241      0.000   -122.380   -122.440    -72.055    -70.813   -999.900   -999.900
   -100.000    -56.416    -55.181   -999.900   -999.900     -1.235      0.000   -127.380   -127.440    -76.159    -75.521   -999.900   -999.900
   -105.000    -56.461    -55.216   -999.900   -999.900     -1.245      0.000   -132.380   -132.440    -92.957    -84.080   -999.900   -999.900
   -110.000    -56.458    -55.222   -999.900   -999.900     -1.236      0.000   -137.380   -137.440    -87.078    -84.080   -999.900   -999.900
   -115.000    -56.469    -55.217   -999.900   -999.900     -1.252      0.000   -142.380   -142.440    -87.078    -84.080   -999.900   -999.900
   -120.000    -56.459    -55.230   -999.900   -999.900     -1.229      0.000   -147.380   -147.440    -87.078    -84.080   -999.900   -999.900
