      0.000      5.817      6.452   -999.900   -999.900     -0.635      0.000    -27.040    -27.130      5.817      6.452   -999.900   -999.900
     -5.000      5.839      6.467   -999.900   -999.900     -0.628      0.000    -32.040    -32.130      5.839      6.467   -999.900   -999.900
    -10.000      5.743      6.355   -999.900   -999.900     -0.612      0.000    -37.040    -37.130      5.743      6.355   -999.900   -999.900
    -15.000      5.210      5.830   -999.900   -999.900     -0.620      0.000    -42.040    -42.130      5.210      5.830   -999.900   -999.900
    -20.000      3.885      4.528   -999.900   -999.900     -0.643      0.000    -47.040    -47.130      3.885      4.528   -999.900   -999.900
    -25.000      0.861      1.484   -999.900   -999.900     -0.623      0.000    -52.040    -52.130      0.861      1.484   -999.900   -999.900
    -30.000     -4.043     -3.395   -999.900   -999.900     -0.647      0.000    -57.040    -57.130     -4.043     -3.395   -999.900   -999.900
    -35.000     -9.010     -8.345   -999.900   -999.900     -0.664      0.000    -62.040    -62.130     -9.010     -8.346   -999.900   -999.900
    -40.000    -14.018    -13.345   -999.900   -999.900     -0.673      0.000    -67.040    -67.130    -14.019    -13.346   -999.900   -999.900
    -45.000    -19.012    -18.339   -999.900   -999.900     -0.673      0.000    -72.040    -72.130    -19.015    -18.342   -999.900   -999.900
    -50.000    -24.013    -23.357   -999.900   -999.900     -0.656      0.000    -77.040    -77.130    -24.023    -23.367   -999.900   -999.900
    -55.000    -29.027    -28.380   -999.900   -999.900     -0.648      0.000    -82.040    -82.130    -29.059    -28.412   -999.900   -999.900
    -60.000    -33.985    -33.381   -999.900   -999.900     -0.603      0.000    -87.040    -87.130    -34.083    -33.483   -999.900   -999.900
    -65.000    -38.852    -38.284   -999.900   -999.900     -0.568      0.000    -92.040    -92.130    -39.163    -38.607   -999.900   -999.900
    -70.000    -43.278    -42.732   -999.900   -999.900     -0.547      0.000    -97.040    -97.130    -44.200    -43.697   -999.900   -999.900
    -75.000    -46.775    -46.189   -999.900   -999.900     -0.586      0.000   -102.040   -102.130    -49.200    -48.722   -999.900   -999.900
    -80.000    -48.928    -48.267   -999.900   -999.900     -0.661      0.000   -107.040   -107.130    -54.191    -53.687   -999.900   -999.900
    -85.000    -49.921    -49.213   -999.900   -999.900     -0.708      0.000   -112.040   -112.130    -59.233    -58.665   -999.900   -999.900
    -90.000    -50.276    -49.564   -999.900   -999.900     -0.711      0.000   -117.040   -117.130    -64.044    -63.675   -999.900   -999.900
    -95.000    -50.402    -49.686   -999.900   -999.900     -0.715      0.000   -122.040   -122.130    -68.986    -69.106   -999.900   -999.900
   -100.000    -50.444    -49.711   -999.900   -999.900     -0.733      0.000   -127.040   -127.130    -74.245    -72.097   -999.900   -999.900
   -105.000    -50.467    -49.734   -999.900   -999.900     -0.732      0.000   -132.040   -132.130    -74.245    -83.536   -999.900   -999.900
   -110.000    -50.462    -49.751   -999.900   -999.900     -0.711      0.000   -137.040   -137.130    -74.245    -83.536   -999.900   -999.900
   -115.000    -50.467    -49.727   -999.900   -999.900     -0.740      0.000   -142.040   -142.130    -74.245    -83.536   -999.900   -999.900
   -120.000    -50.453    -49.733   -999.900   -999.900     -0.721      0.000   -147.040   -147.130    -74.245    -83.536   -999.900   -999.900
