      0.000      5.844      6.025   -999.900   -999.900     -0.181      0.000    -27.040    -27.130      5.844      6.025   -999.900   -999.900
     -5.000      5.882      6.029   -999.900   -999.900     -0.147      0.000    -32.040    -32.130      5.882      6.029   -999.900   -999.900
    -10.000      5.835      5.885   -999.900   -999.900     -0.050      0.000    -37.040    -37.130      5.835      5.885   -999.900   -999.900
    -15.000      5.458      5.281   -999.900   -999.900      0.177      0.000    -42.040    -42.130      5.458      5.281   -999.900   -999.900
    -20.000      4.273      3.946   -999.900   -999.900      0.327      0.000    -47.040    -47.130      4.273      3.946   -999.900   -999.900
    -25.000      1.915      0.643   -999.900   -999.900      1.273      0.000    -52.040    -52.130      1.915      0.643   -999.900   -999.900
    -30.000     -2.835     -4.248   -999.900   -999.900      1.412      0.000    -57.040    -57.130     -2.835     -4.248   -999.900   -999.900
    -35.000     -7.770     -9.177   -999.900   -999.900      1.407      0.000    -62.040    -62.130     -7.771     -9.177   -999.900   -999.900
    -40.000    -12.772    -14.193   -999.900   -999.900      1.421      0.000    -67.040    -67.130    -12.773    -14.194   -999.900   -999.900
    -45.000    -17.776    -19.223   -999.900   -999.900      1.447      0.000    -72.040    -72.130    -17.779    -19.225   -999.900   -999.900
    -50.000    -22.818    -24.304   -999.900   -999.900      1.485      0.000    -77.040    -77.130    -22.828    -24.311   -999.900   -999.900
    -55.000    -27.844    -29.402   -999.900   -999.900      1.558      0.000    -82.040    -82.130    -27.875    -29.427   -999.900   -999.900
    -60.000    -32.860    -34.546   -999.900   -999.900      1.686      0.000    -87.040    -87.130    -32.958    -34.629   -999.900   -999.900
    -65.000    -37.672    -39.545   -999.900   -999.900      1.873      0.000    -92.040    -92.130    -37.977    -39.813   -999.900   -999.900
    -70.000    -42.137    -44.154   -999.900   -999.900      2.017      0.000    -97.040    -97.130    -43.048    -44.979   -999.900   -999.900
    -75.000    -45.664    -47.831   -999.900   -999.900      2.167      0.000   -102.040   -102.130    -48.076    -50.072   -999.900   -999.900
    -80.000    -47.845    -50.119   -999.900   -999.900      2.274      0.000   -107.040   -107.130    -53.132    -55.105   -999.900   -999.900
    -85.000    -48.836    -51.190   -999.900   -999.900      2.353      0.000   -112.040   -112.130    -58.209    -60.168   -999.900   -999.900
    -90.000    -49.195    -51.581   -999.900   -999.900      2.386      0.000   -117.040   -117.130    -63.241    -65.127   -999.900   -999.900
    -95.000    -49.306    -51.712   -999.900   -999.900      2.406      0.000   -122.040   -122.130    -67.730    -70.008   -999.900   -999.900
   -100.000    -49.364    -51.760   -999.900   -999.900      2.395      0.000   -127.040   -127.130    -78.788    -75.771   -999.900   -999.900
   -105.000    -49.364    -51.779   -999.900   -999.900      2.415      0.000   -132.040   -132.130    -78.729    -75.771   -999.900   -999.900
   -110.000    -49.378    -51.777   -999.900   -999.900      2.398      0.000   -137.040   -137.130    -78.729    -75.771   -999.900   -999.900
   -115.000    -49.367    -51.777   -999.900   -999.900      2.410      0.000   -142.040   -142.130    -78.729    -75.771   -999.900   -999.900
   -120.000    -49.368    -51.776   -999.900   -999.900      2.408      0.000   -147.040   -147.130    -78.729    -75.771   -999.900   -999.900
