      0.000      3.337      3.185   -999.900   -999.900      0.152      0.000    -27.380    -27.440      3.337      3.185   -999.900   -999.900
     -5.000      3.359      3.208   -999.900   -999.900      0.151      0.000    -32.380    -32.440      3.359      3.208   -999.900   -999.900
    -10.000      3.234      3.091   -999.900   -999.900      0.143      0.000    -37.380    -37.440      3.234      3.091   -999.900   -999.900
    -15.000      2.612      2.482   -999.900   -999.900      0.130      0.000    -42.380    -42.440      2.612      2.482   -999.900   -999.900
    -20.000      0.892      0.776   -999.900   -999.900      0.116      0.000    -47.380    -47.440      0.892      0.776   -999.900   -999.900
    -25.000     -2.860     -2.981   -999.900   -999.900      0.121      0.000    -52.380    -52.440     -2.860     -2.981   -999.900   -999.900
    -30.000     -7.414     -7.588   -999.900   -999.900      0.174      0.000    -57.380    -57.440     -7.414     -7.588   -999.900   -999.900
    -35.000    -12.091    -12.201   -999.900   -999.900      0.110      0.000    -62.380    -62.440    -12.091    -12.201   -999.900   -999.900
    -40.000    -16.906    -16.975   -999.900   -999.900      0.069      0.000    -67.380    -67.440    -16.906    -16.975   -999.900   -999.900
    -45.000    -21.737    -21.853   -999.900   -999.900      0.116      0.000    -72.380    -72.440    -21.737    -21.853   -999.900   -999.900
    -50.000    -26.596    -26.589   -999.900   -999.900     -0.007      0.000    -77.380    -77.440    -26.597    -26.591   -999.900   -999.900
    -55.000    -31.915    -31.756   -999.900   -999.900     -0.159      0.000    -82.380    -82.440    -31.919    -31.760   -999.900   -999.900
    -60.000    -37.153    -37.064   -999.900   -999.900     -0.089      0.000    -87.380    -87.440    -37.165    -37.079   -999.900   -999.900
    -65.000    -42.270    -41.775   -999.900   -999.900     -0.496      0.000    -92.380    -92.440    -42.309    -41.819   -999.900   -999.900
    -70.000    -48.055    -47.197   -999.900   -999.900     -0.857      0.000    -97.380    -97.440    -48.204    -47.354   -999.900   -999.900
    -75.000    -52.656    -52.055   -999.900   -999.900     -0.602      0.000   -102.380   -102.440    -53.104    -52.553   -999.900   -999.900
    -80.000    -56.771    -56.131   -999.900   -999.900     -0.640      0.000   -107.380   -107.440    -58.035    -57.541   -999.900   -999.900
    -85.000    -59.746    -59.088   -999.900   -999.900     -0.659      0.000   -112.380   -112.440    -62.765    -62.532   -999.900   -999.900
    -90.000    -61.546    -60.722   -999.900   -999.900     -0.823      0.000   -117.380   -117.440    -67.708    -67.665   -999.900   -999.900
    -95.000    -62.251    -61.361   -999.900   -999.900     -0.890      0.000   -122.380   -122.440    -71.908    -72.567   -999.900   -999.900
   -100.000    -62.595    -61.589   -999.900   -999.900     -1.006      0.000   -127.380   -127.440    -77.181    -77.440   -999.900   -999.900
   -105.000    -62.748    -61.694   -999.900   -999.900     -1.054      0.000   -132.380   -132.440   -104.792    -88.414   -999.900   -999.900
   -110.000    -62.784    -61.709   -999.900   -999.900     -1.075      0.000   -137.380   -137.440   -104.792    -88.414   -999.900   -999.900
   -115.000    -62.742    -61.696   -999.900   -999.900     -1.047      0.000   -142.380   -142.440   -104.792    -88.414   -999.900   -999.900
   -120.000    -62.720    -61.714   -999.900   -999.900     -1.006      0.000   -147.380   -147.440   -104.792    -88.414   -999.900   -999.900
