      0.000      3.305      3.741   -999.900   -999.900     -0.436      0.000    -27.380    -27.440      3.305      3.741   -999.900   -999.900
     -5.000      3.320      3.759   -999.900   -999.900     -0.439      0.000    -32.380    -32.440      3.320      3.759   -999.900   -999.900
    -10.000      3.212      3.666   -999.900   -999.900     -0.454      0.000    -37.380    -37.440      3.212      3.666   -999.900   -999.900
    -15.000      2.685      3.196   -999.900   -999.900     -0.511      0.000    -42.380    -42.440      2.685      3.196   -999.900   -999.900
    -20.000      1.108      1.641   -999.900   -999.900     -0.533      0.000    -47.380    -47.440      1.108      1.641   -999.900   -999.900
    -25.000     -2.531     -1.994   -999.900   -999.900     -0.537      0.000    -52.380    -52.440     -2.531     -1.994   -999.900   -999.900
    -30.000     -6.989     -6.457   -999.900   -999.900     -0.532      0.000    -57.380    -57.440     -6.989     -6.457   -999.900   -999.900
    -35.000    -11.678    -11.170   -999.900   -999.900     -0.508      0.000    -62.380    -62.440    -11.678    -11.170   -999.900   -999.900
    -40.000    -16.531    -16.014   -999.900   -999.900     -0.517      0.000    -67.380    -67.440    -16.531    -16.014   -999.900   -999.900
    -45.000    -21.438    -20.916   -999.900   -999.900     -0.522      0.000    -72.380    -72.440    -21.438    -20.916   -999.900   -999.900
    -50.000    -26.315    -25.771   -999.900   -999.900     -0.544      0.000    -77.380    -77.440    -26.316    -25.772   -999.900   -999.900
    -55.000    -31.238    -30.674   -999.900   -999.900     -0.564      0.000    -82.380    -82.440    -31.242    -30.678   -999.900   -999.900
    -60.000    -36.023    -35.552   -999.900   -999.900     -0.471      0.000    -87.380    -87.440    -36.035    -35.564   -999.900   -999.900
    -65.000    -41.199    -40.849   -999.900   -999.900     -0.350      0.000    -92.380    -92.440    -41.238    -40.891   -999.900   -999.900
    -70.000    -46.420    -46.125   -999.900   -999.900     -0.296      0.000    -97.380    -97.440    -46.553    -46.268   -999.900   -999.900
    -75.000    -51.394    -51.073   -999.900   -999.900     -0.322      0.000   -102.380   -102.440    -51.824    -51.536   -999.900   -999.900
    -80.000    -55.659    -55.247   -999.900   -999.900     -0.412      0.000   -107.380   -107.440    -56.918    -56.582   -999.900   -999.900
    -85.000    -58.828    -58.277   -999.900   -999.900     -0.552      0.000   -112.380   -112.440    -62.034    -61.569   -999.900   -999.900
    -90.000    -60.524    -59.946   -999.900   -999.900     -0.578      0.000   -117.380   -117.440    -66.931    -66.535   -999.900   -999.900
    -95.000    -61.207    -60.665   -999.900   -999.900     -0.542      0.000   -122.380   -122.440    -71.318    -71.694   -999.900   -999.900
   -100.000    -61.561    -60.875   -999.900   -999.900     -0.686      0.000   -127.380   -127.440    -78.391    -75.652   -999.900   -999.900
   -105.000    -61.669    -61.055   -999.900   -999.900     -0.614      0.000   -132.380   -132.440    -78.391    -75.652   -999.900   -999.900
   -110.000    -61.615    -61.034   -999.900   -999.900     -0.581      0.000   -137.380   -137.440    -78.391    -75.652   -999.900   -999.900
   -115.000    -61.655    -61.033   -999.900   -999.900     -0.622      0.000   -142.380   -142.440    -78.391    -75.652   -999.900   -999.900
   -120.000    -61.670    -60.965   -999.900   -999.900     -0.705      0.000   -147.380   -147.440    -78.391    -75.652   -999.900   -999.900
