      0.000      3.688      3.520   -999.900   -999.900      0.168      0.000    -27.380    -27.440      3.688      3.520   -999.900   -999.900
     -5.000      3.713      3.550   -999.900   -999.900      0.163      0.000    -32.380    -32.440      3.713      3.550   -999.900   -999.900
    -10.000      3.629      3.479   -999.900   -999.900      0.150      0.000    -37.380    -37.440      3.629      3.479   -999.900   -999.900
    -15.000      3.144      3.034   -999.900   -999.900      0.110      0.000    -42.380    -42.440      3.144      3.034   -999.900   -999.900
    -20.000      1.597      1.576   -999.900   -999.900      0.021      0.000    -47.380    -47.440      1.597      1.576   -999.900   -999.900
    -25.000     -2.099     -2.072   -999.900   -999.900     -0.028      0.000    -52.380    -52.440     -2.099     -2.072   -999.900   -999.900
    -30.000     -6.359     -6.326   -999.900   -999.900     -0.032      0.000    -57.380    -57.440     -6.359     -6.326   -999.900   -999.900
    -35.000    -11.216    -11.163   -999.900   -999.900     -0.053      0.000    -62.380    -62.440    -11.216    -11.163   -999.900   -999.900
    -40.000    -16.039    -15.980   -999.900   -999.900     -0.059      0.000    -67.380    -67.440    -16.039    -15.980   -999.900   -999.900
    -45.000    -20.882    -20.782   -999.900   -999.900     -0.100      0.000    -72.380    -72.440    -20.883    -20.783   -999.900   -999.900
    -50.000    -25.709    -25.666   -999.900   -999.900     -0.043      0.000    -77.380    -77.440    -25.711    -25.668   -999.900   -999.900
    -55.000    -30.782    -30.640   -999.900   -999.900     -0.142      0.000    -82.380    -82.440    -30.787    -30.645   -999.900   -999.900
    -60.000    -35.985    -35.881   -999.900   -999.900     -0.103      0.000    -87.380    -87.440    -36.000    -35.900   -999.900   -999.900
    -65.000    -41.268    -40.412   -999.900   -999.900     -0.855      0.000    -92.380    -92.440    -41.320    -40.464   -999.900   -999.900
    -70.000    -46.460    -45.798   -999.900   -999.900     -0.663      0.000    -97.380    -97.440    -46.635    -45.980   -999.900   -999.900
    -75.000    -51.261    -50.739   -999.900   -999.900     -0.523      0.000   -102.380   -102.440    -51.813    -51.336   -999.900   -999.900
    -80.000    -55.305    -54.697   -999.900   -999.900     -0.608      0.000   -107.380   -107.440    -56.869    -56.370   -999.900   -999.900
    -85.000    -58.108    -57.416   -999.900   -999.900     -0.692      0.000   -112.380   -112.440    -61.844    -61.372   -999.900   -999.900
    -90.000    -59.522    -58.798   -999.900   -999.900     -0.724      0.000   -117.380   -117.440    -66.489    -66.293   -999.900   -999.900
    -95.000    -60.192    -59.334   -999.900   -999.900     -0.858      0.000   -122.380   -122.440    -71.874    -70.870   -999.900   -999.900
   -100.000    -60.403    -59.542   -999.900   -999.900     -0.861      0.000   -127.380   -127.440    -77.074    -75.634   -999.900   -999.900
   -105.000    -60.482    -59.649   -999.900   -999.900     -0.834      0.000   -132.380   -132.440    -85.192    -94.428   -999.900   -999.900
   -110.000    -60.508    -59.654   -999.900   -999.900     -0.854      0.000   -137.380   -137.440    -85.192    -94.428   -999.900   -999.900
   -115.000    -60.506    -59.653   -999.900   -999.900     -0.852      0.000   -142.380   -142.440    -85.192    -94.428   -999.900   -999.900
   -120.000    -60.493    -59.644   -999.900   -999.900     -0.849      0.000   -147.380   -147.440    -85.192    -94.428   -999.900   -999.900
