      0.000      0.884      1.153   -999.900   -999.900     -0.269      0.000    -27.380    -27.440      0.884      1.153   -999.900   -999.900
     -5.000      0.898      1.170   -999.900   -999.900     -0.273      0.000    -32.380    -32.440      0.898      1.170   -999.900   -999.900
    -10.000      0.798      1.080   -999.900   -999.900     -0.283      0.000    -37.380    -37.440      0.798      1.080   -999.900   -999.900
    -15.000      0.298      0.610   -999.900   -999.900     -0.312      0.000    -42.380    -42.440      0.298      0.610   -999.900   -999.900
    -20.000     -1.195     -0.855   -999.900   -999.900     -0.340      0.000    -47.380    -47.440     -1.195     -0.855   -999.900   -999.900
    -25.000     -4.682     -4.328   -999.900   -999.900     -0.355      0.000    -52.380    -52.440     -4.682     -4.328   -999.900   -999.900
    -30.000     -9.008     -8.672   -999.900   -999.900     -0.336      0.000    -57.380    -57.440     -9.008     -8.672   -999.900   -999.900
    -35.000    -13.618    -13.297   -999.900   -999.900     -0.322      0.000    -62.380    -62.440    -13.618    -13.297   -999.900   -999.900
    -40.000    -18.445    -18.129   -999.900   -999.900     -0.316      0.000    -67.380    -67.440    -18.445    -18.129   -999.900   -999.900
    -45.000    -23.391    -23.082   -999.900   -999.900     -0.309      0.000    -72.380    -72.440    -23.391    -23.082   -999.900   -999.900
    -50.000    -28.374    -28.047   -999.900   -999.900     -0.328      0.000    -77.380    -77.440    -28.376    -28.048   -999.900   -999.900
    -55.000    -33.458    -33.175   -999.900   -999.900     -0.283      0.000    -82.380    -82.440    -33.464    -33.181   -999.900   -999.900
    -60.000    -38.445    -38.413   -999.900   -999.900     -0.033      0.000    -87.380    -87.440    -38.463    -38.432   -999.900   -999.900
    -65.000    -43.451    -43.310   -999.900   -999.900     -0.141      0.000    -92.380    -92.440    -43.507    -43.371   -999.900   -999.900
    -70.000    -48.390    -48.284   -999.900   -999.900     -0.106      0.000    -97.380    -97.440    -48.568    -48.480   -999.900   -999.900
    -75.000    -53.089    -53.027   -999.900   -999.900     -0.062      0.000   -102.380   -102.440    -53.638    -53.639   -999.900   -999.900
    -80.000    -57.087    -56.954   -999.900   -999.900     -0.134      0.000   -107.380   -107.440    -58.624    -58.657   -999.900   -999.900
    -85.000    -59.945    -59.676   -999.900   -999.900     -0.269      0.000   -112.380   -112.440    -63.665    -63.736   -999.900   -999.900
    -90.000    -61.440    -61.028   -999.900   -999.900     -0.411      0.000   -117.380   -117.440    -68.691    -68.702   -999.900   -999.900
    -95.000    -62.020    -61.557   -999.900   -999.900     -0.462      0.000   -122.380   -122.440    -73.430    -73.536   -999.900   -999.900
   -100.000    -62.244    -61.756   -999.900   -999.900     -0.488      0.000   -127.380   -127.440    -78.605    -78.829   -999.900   -999.900
   -105.000    -62.347    -61.843   -999.900   -999.900     -0.504      0.000   -132.380   -132.440    -78.605    -78.829   -999.900   -999.900
   -110.000    -62.342    -61.847   -999.900   -999.900     -0.495      0.000   -137.380   -137.440    -78.605    -78.829   -999.900   -999.900
   -115.000    -62.341    -61.846   -999.900   -999.900     -0.495      0.000   -142.380   -142.440    -78.605    -78.829   -999.900   -999.900
   -120.000    -62.352    -61.831   -999.900   -999.900     -0.521      0.000   -147.380   -147.440    -78.605    -78.829   -999.900   -999.900
