      0.000      5.645      6.239   -999.900   -999.900     -0.594      0.000    -27.380    -27.440      5.645      6.239   -999.900   -999.900
     -5.000      5.687      6.283   -999.900   -999.900     -0.596      0.000    -32.380    -32.440      5.687      6.283   -999.900   -999.900
    -10.000      5.512      6.125   -999.900   -999.900     -0.613      0.000    -37.380    -37.440      5.512      6.125   -999.900   -999.900
    -15.000      4.731      5.413   -999.900   -999.900     -0.682      0.000    -42.380    -42.440      4.731      5.413   -999.900   -999.900
    -20.000      2.631      3.234   -999.900   -999.900     -0.603      0.000    -47.380    -47.440      2.631      3.234   -999.900   -999.900
    -25.000     -1.946     -1.385   -999.900   -999.900     -0.561      0.000    -52.380    -52.440     -1.946     -1.385   -999.900   -999.900
    -30.000     -6.733     -6.167   -999.900   -999.900     -0.566      0.000    -57.380    -57.440     -6.733     -6.167   -999.900   -999.900
    -35.000    -11.797    -11.233   -999.900   -999.900     -0.564      0.000    -62.380    -62.440    -11.797    -11.233   -999.900   -999.900
    -40.000    -16.792    -16.232   -999.900   -999.900     -0.560      0.000    -67.380    -67.440    -16.792    -16.232   -999.900   -999.900
    -45.000    -21.764    -21.219   -999.900   -999.900     -0.545      0.000    -72.380    -72.440    -21.765    -21.220   -999.900   -999.900
    -50.000    -26.776    -26.243   -999.900   -999.900     -0.533      0.000    -77.380    -77.440    -26.778    -26.245   -999.900   -999.900
    -55.000    -31.823    -31.289   -999.900   -999.900     -0.534      0.000    -82.380    -82.440    -31.829    -31.296   -999.900   -999.900
    -60.000    -36.760    -36.145   -999.900   -999.900     -0.615      0.000    -87.380    -87.440    -36.777    -36.166   -999.900   -999.900
    -65.000    -41.674    -41.063   -999.900   -999.900     -0.611      0.000    -92.380    -92.440    -41.728    -41.127   -999.900   -999.900
    -70.000    -46.545    -45.838   -999.900   -999.900     -0.707      0.000    -97.380    -97.440    -46.714    -46.033   -999.900   -999.900
    -75.000    -51.210    -50.421   -999.900   -999.900     -0.789      0.000   -102.380   -102.440    -51.724    -51.008   -999.900   -999.900
    -80.000    -55.258    -54.340   -999.900   -999.900     -0.918      0.000   -107.380   -107.440    -56.705    -55.961   -999.900   -999.900
    -85.000    -58.165    -57.105   -999.900   -999.900     -1.060      0.000   -112.380   -112.440    -61.664    -60.965   -999.900   -999.900
    -90.000    -59.733    -58.535   -999.900   -999.900     -1.198      0.000   -117.380   -117.440    -66.591    -65.947   -999.900   -999.900
    -95.000    -60.423    -59.117   -999.900   -999.900     -1.306      0.000   -122.380   -122.440    -72.004    -71.048   -999.900   -999.900
   -100.000    -60.634    -59.316   -999.900   -999.900     -1.318      0.000   -127.380   -127.440    -76.987    -76.257   -999.900   -999.900
   -105.000    -60.730    -59.406   -999.900   -999.900     -1.324      0.000   -132.380   -132.440    -89.517    -76.257   -999.900   -999.900
   -110.000    -60.742    -59.409   -999.900   -999.900     -1.333      0.000   -137.380   -137.440    -89.517    -76.257   -999.900   -999.900
   -115.000    -60.729    -59.402   -999.900   -999.900     -1.327      0.000   -142.380   -142.440    -89.517    -76.257   -999.900   -999.900
   -120.000    -60.742    -59.402   -999.900   -999.900     -1.340      0.000   -147.380   -147.440    -89.517    -76.257   -999.900   -999.900
