      0.000      3.395      3.839   -999.900   -999.900     -0.444      0.000    -27.380    -27.440      3.395      3.839   -999.900   -999.900
     -5.000      3.387      3.836   -999.900   -999.900     -0.450      0.000    -32.380    -32.440      3.387      3.836   -999.900   -999.900
    -10.000      3.234      3.701   -999.900   -999.900     -0.467      0.000    -37.380    -37.440      3.234      3.701   -999.900   -999.900
    -15.000      2.519      3.038   -999.900   -999.900     -0.519      0.000    -42.380    -42.440      2.519      3.038   -999.900   -999.900
    -20.000      0.471      0.970   -999.900   -999.900     -0.499      0.000    -47.380    -47.440      0.471      0.970   -999.900   -999.900
    -25.000     -3.420     -2.942   -999.900   -999.900     -0.477      0.000    -52.380    -52.440     -3.420     -2.942   -999.900   -999.900
    -30.000     -7.974     -7.521   -999.900   -999.900     -0.453      0.000    -57.380    -57.440     -7.974     -7.521   -999.900   -999.900
    -35.000    -12.726    -12.282   -999.900   -999.900     -0.444      0.000    -62.380    -62.440    -12.726    -12.282   -999.900   -999.900
    -40.000    -17.646    -17.193   -999.900   -999.900     -0.454      0.000    -67.380    -67.440    -17.647    -17.193   -999.900   -999.900
    -45.000    -22.642    -22.170   -999.900   -999.900     -0.472      0.000    -72.380    -72.440    -22.643    -22.171   -999.900   -999.900
    -50.000    -27.601    -27.105   -999.900   -999.900     -0.495      0.000    -77.380    -77.440    -27.602    -27.107   -999.900   -999.900
    -55.000    -32.734    -32.094   -999.900   -999.900     -0.640      0.000    -82.380    -82.440    -32.739    -32.100   -999.900   -999.900
    -60.000    -37.763    -36.967   -999.900   -999.900     -0.797      0.000    -87.380    -87.440    -37.778    -36.985   -999.900   -999.900
    -65.000    -43.090    -42.016   -999.900   -999.900     -1.074      0.000    -92.380    -92.440    -43.140    -42.075   -999.900   -999.900
    -70.000    -48.377    -47.051   -999.900   -999.900     -1.325      0.000    -97.380    -97.440    -48.550    -47.244   -999.900   -999.900
    -75.000    -53.237    -51.768   -999.900   -999.900     -1.469      0.000   -102.380   -102.440    -53.791    -52.366   -999.900   -999.900
    -80.000    -57.230    -55.688   -999.900   -999.900     -1.543      0.000   -107.380   -107.440    -58.782    -57.345   -999.900   -999.900
    -85.000    -60.068    -58.434   -999.900   -999.900     -1.633      0.000   -112.380   -112.440    -63.809    -62.383   -999.900   -999.900
    -90.000    -61.533    -59.842   -999.900   -999.900     -1.691      0.000   -117.380   -117.440    -68.726    -67.432   -999.900   -999.900
    -95.000    -62.142    -60.384   -999.900   -999.900     -1.759      0.000   -122.380   -122.440    -73.757    -72.281   -999.900   -999.900
   -100.000    -62.306    -60.574   -999.900   -999.900     -1.732      0.000   -127.380   -127.440    -77.085    -77.022   -999.900   -999.900
   -105.000    -62.460    -60.655   -999.900   -999.900     -1.805      0.000   -132.380   -132.440    -77.085    -84.336   -999.900   -999.900
   -110.000    -62.460    -60.678   -999.900   -999.900     -1.782      0.000   -137.380   -137.440    -77.085    -84.336   -999.900   -999.900
   -115.000    -62.428    -60.678   -999.900   -999.900     -1.750      0.000   -142.380   -142.440    -77.085    -84.336   -999.900   -999.900
   -120.000    -62.463    -60.683   -999.900   -999.900     -1.779      0.000   -147.380   -147.440    -77.085    -84.336   -999.900   -999.900
