      0.000      3.105      3.009   -999.900   -999.900      0.096      0.000    -27.380    -27.440      3.105      3.009   -999.900   -999.900
     -5.000      3.099      3.007   -999.900   -999.900      0.092      0.000    -32.380    -32.440      3.099      3.007   -999.900   -999.900
    -10.000      2.966      2.896   -999.900   -999.900      0.071      0.000    -37.380    -37.440      2.966      2.896   -999.900   -999.900
    -15.000      2.381      2.326   -999.900   -999.900      0.055      0.000    -42.380    -42.440      2.381      2.326   -999.900   -999.900
    -20.000      0.632      0.525   -999.900   -999.900      0.107      0.000    -47.380    -47.440      0.632      0.525   -999.900   -999.900
    -25.000     -3.145     -3.233   -999.900   -999.900      0.088      0.000    -52.380    -52.440     -3.145     -3.233   -999.900   -999.900
    -30.000     -7.613     -8.289   -999.900   -999.900      0.676      0.000    -57.380    -57.440     -7.613     -8.289   -999.900   -999.900
    -35.000    -12.347    -12.221   -999.900   -999.900     -0.126      0.000    -62.380    -62.440    -12.347    -12.221   -999.900   -999.900
    -40.000    -17.210    -15.846   -999.900   -999.900     -1.364      0.000    -67.380    -67.440    -17.210    -15.846   -999.900   -999.900
    -45.000    -21.971    -18.102   -999.900   -999.900     -3.869      0.000    -72.380    -72.440    -21.971    -18.102   -999.900   -999.900
    -50.000    -27.052    -20.481   -999.900   -999.900     -6.570      0.000    -77.380    -77.440    -27.053    -20.482   -999.900   -999.900
    -55.000    -33.680    -23.682   -999.900   -999.900     -9.999      0.000    -82.380    -82.440    -33.684    -23.682   -999.900   -999.900
    -60.000    -37.511    -41.844   -999.900   -999.900      4.333      0.000    -87.380    -87.440    -37.521    -41.885   -999.900   -999.900
    -65.000    -45.538    -51.286   -999.900   -999.900      5.748      0.000    -92.380    -92.440    -45.605    -51.661   -999.900   -999.900
    -70.000    -50.310    -49.747   -999.900   -999.900     -0.563      0.000    -97.380    -97.440    -50.515    -50.006   -999.900   -999.900
    -75.000    -54.257    -52.959   -999.900   -999.900     -1.298      0.000   -102.380   -102.440    -54.784    -53.522   -999.900   -999.900
    -80.000    -58.044    -56.707   -999.900   -999.900     -1.338      0.000   -107.380   -107.440    -59.430    -58.184   -999.900   -999.900
    -85.000    -60.995    -59.559   -999.900   -999.900     -1.436      0.000   -112.380   -112.440    -64.357    -63.088   -999.900   -999.900
    -90.000    -62.645    -61.151   -999.900   -999.900     -1.494      0.000   -117.380   -117.440    -69.380    -68.198   -999.900   -999.900
    -95.000    -63.355    -61.782   -999.900   -999.900     -1.573      0.000   -122.380   -122.440    -74.766    -73.209   -999.900   -999.900
   -100.000    -63.640    -62.007   -999.900   -999.900     -1.633      0.000   -127.380   -127.440    -83.941    -78.461   -999.900   -999.900
   -105.000    -63.659    -62.113   -999.900   -999.900     -1.546      0.000   -132.380   -132.440    -86.819    -78.461   -999.900   -999.900
   -110.000    -63.721    -62.099   -999.900   -999.900     -1.622      0.000   -137.380   -137.440    -86.819    -78.461   -999.900   -999.900
   -115.000    -63.670    -62.100   -999.900   -999.900     -1.570      0.000   -142.380   -142.440    -86.819    -78.461   -999.900   -999.900
   -120.000    -63.671    -62.114   -999.900   -999.900     -1.558      0.000   -147.380   -147.440    -86.819    -78.461   -999.900   -999.900
