     15.000      9.323      9.298   -999.900   -999.900      0.025      0.000    -12.380    -12.440      9.323      9.298   -999.900   -999.900
     10.000      4.413      4.388   -999.900   -999.900      0.025      0.000    -17.380    -17.440      4.413      4.388   -999.900   -999.900
      5.000     -0.502     -0.527   -999.900   -999.900      0.025      0.000    -22.380    -22.440     -0.502     -0.527   -999.900   -999.900
      0.000     -5.532     -5.555   -999.900   -999.900      0.023      0.000    -27.380    -27.440     -5.532     -5.555   -999.900   -999.900
     -5.000    -10.525    -10.548   -999.900   -999.900      0.023      0.000    -32.380    -32.440    -10.525    -10.548   -999.900   -999.900
    -10.000    -15.447    -15.460   -999.900   -999.900      0.013      0.000    -37.380    -37.440    -15.447    -15.460   -999.900   -999.900
    -15.000    -20.520    -20.532   -999.900   -999.900      0.012      0.000    -42.380    -42.440    -20.520    -20.532   -999.900   -999.900
    -20.000    -25.565    -25.571   -999.900   -999.900      0.006      0.000    -47.380    -47.440    -25.565    -25.571   -999.900   -999.900
    -25.000    -30.647    -30.617   -999.900   -999.900     -0.030      0.000    -52.380    -52.440    -30.647    -30.617   -999.900   -999.900
    -30.000    -35.788    -35.665   -999.900   -999.900     -0.123      0.000    -57.380    -57.440    -35.789    -35.666   -999.900   -999.900
    -35.000    -40.487    -40.467   -999.900   -999.900     -0.020      0.000    -62.380    -62.440    -40.489    -40.470   -999.900   -999.900
    -40.000    -45.464    -45.358   -999.900   -999.900     -0.106      0.000    -67.380    -67.440    -45.471    -45.368   -999.900   -999.900
    -45.000    -50.592    -50.217   -999.900   -999.900     -0.375      0.000    -72.380    -72.440    -50.614    -50.249   -999.900   -999.900
    -50.000    -55.660    -55.059   -999.900   -999.900     -0.601      0.000    -77.380    -77.440    -55.732    -55.156   -999.900   -999.900
    -55.000    -60.511    -59.924   -999.900   -999.900     -0.587      0.000    -82.380    -82.440    -60.736    -60.229   -999.900   -999.900
    -60.000    -65.109    -64.392   -999.900   -999.900     -0.717      0.000    -87.380    -87.440    -65.792    -65.305   -999.900   -999.900
    -65.000    -69.068    -67.957   -999.900   -999.900     -1.111      0.000    -92.380    -92.440    -71.020    -70.406   -999.900   -999.900
    -70.000    -71.737    -70.262   -999.900   -999.900     -1.475      0.000    -97.380    -97.440    -76.544    -75.994   -999.900   -999.900
    -75.000    -73.229    -71.424   -999.900   -999.900     -1.805      0.000   -102.380   -102.440    -85.729    -85.153   -999.900   -999.900
    -80.000    -73.786    -71.841   -999.900   -999.900     -1.945      0.000   -107.380   -107.440    -85.729    -85.153   -999.900   -999.900
    -85.000    -74.088    -71.968   -999.900   -999.900     -2.120      0.000   -112.380   -112.440    -85.729    -85.153   -999.900   -999.900
    -90.000    -74.010    -72.014   -999.900   -999.900     -1.996      0.000   -117.380   -117.440    -85.729    -85.153   -999.900   -999.900
    -95.000    -74.045    -72.044   -999.900   -999.900     -2.001      0.000   -122.380   -122.440    -85.729    -85.153   -999.900   -999.900
   -100.000    -74.027    -72.049   -999.900   -999.900     -1.978      0.000   -127.380   -127.440    -85.729    -85.153   -999.900   -999.900
