      0.000      3.136      3.034   -999.900   -999.900      0.102      0.000    -27.380    -27.440      3.136      3.034   -999.900   -999.900
     -5.000      3.139      3.041   -999.900   -999.900      0.098      0.000    -32.380    -32.440      3.139      3.041   -999.900   -999.900
    -10.000      3.014      2.935   -999.900   -999.900      0.079      0.000    -37.380    -37.440      3.014      2.935   -999.900   -999.900
    -15.000      2.387      2.334   -999.900   -999.900      0.053      0.000    -42.380    -42.440      2.387      2.334   -999.900   -999.900
    -20.000      0.611      0.515   -999.900   -999.900      0.095      0.000    -47.380    -47.440      0.611      0.515   -999.900   -999.900
    -25.000     -3.178     -3.253   -999.900   -999.900      0.075      0.000    -52.380    -52.440     -3.178     -3.253   -999.900   -999.900
    -30.000     -7.601     -8.179   -999.900   -999.900      0.577      0.000    -57.380    -57.440     -7.601     -8.179   -999.900   -999.900
    -35.000    -12.369    -12.236   -999.900   -999.900     -0.133      0.000    -62.380    -62.440    -12.369    -12.236   -999.900   -999.900
    -40.000    -17.205    -15.934   -999.900   -999.900     -1.271      0.000    -67.380    -67.440    -17.205    -15.935   -999.900   -999.900
    -45.000    -21.985    -18.435   -999.900   -999.900     -3.550      0.000    -72.380    -72.440    -21.985    -18.436   -999.900   -999.900
    -50.000    -27.059    -21.047   -999.900   -999.900     -6.012      0.000    -77.380    -77.440    -27.060    -21.047   -999.900   -999.900
    -55.000    -33.157    -24.387   -999.900   -999.900     -8.769      0.000    -82.380    -82.440    -33.161    -24.388   -999.900   -999.900
    -60.000    -37.430    -42.516   -999.900   -999.900      5.086      0.000    -87.380    -87.440    -37.441    -42.565   -999.900   -999.900
    -65.000    -45.429    -48.548   -999.900   -999.900      3.119      0.000    -92.380    -92.440    -45.497    -48.748   -999.900   -999.900
    -70.000    -50.319    -48.814   -999.900   -999.900     -1.505      0.000    -97.380    -97.440    -50.531    -49.027   -999.900   -999.900
    -75.000    -54.274    -52.667   -999.900   -999.900     -1.607      0.000   -102.380   -102.440    -54.820    -53.202   -999.900   -999.900
    -80.000    -57.975    -56.605   -999.900   -999.900     -1.370      0.000   -107.380   -107.440    -59.386    -58.075   -999.900   -999.900
    -85.000    -60.887    -59.503   -999.900   -999.900     -1.384      0.000   -112.380   -112.440    -64.282    -63.066   -999.900   -999.900
    -90.000    -62.561    -61.066   -999.900   -999.900     -1.495      0.000   -117.380   -117.440    -69.495    -68.101   -999.900   -999.900
    -95.000    -63.264    -61.687   -999.900   -999.900     -1.577      0.000   -122.380   -122.440    -75.318    -72.969   -999.900   -999.900
   -100.000    -63.472    -61.915   -999.900   -999.900     -1.558      0.000   -127.380   -127.440    -81.329    -77.977   -999.900   -999.900
   -105.000    -63.571    -62.024   -999.900   -999.900     -1.546      0.000   -132.380   -132.440    -81.329    -77.977   -999.900   -999.900
   -110.000    -63.549    -62.024   -999.900   -999.900     -1.524      0.000   -137.380   -137.440    -81.329    -77.977   -999.900   -999.900
   -115.000    -63.520    -62.026   -999.900   -999.900     -1.494      0.000   -142.380   -142.440    -81.329    -77.977   -999.900   -999.900
   -120.000    -63.536    -62.019   -999.900   -999.900     -1.517      0.000   -147.380   -147.440    -81.329    -77.977   -999.900   -999.900
