      0.000      3.421      3.858   -999.900   -999.900     -0.438      0.000    -27.380    -27.440      3.421      3.858   -999.900   -999.900
     -5.000      3.414      3.856   -999.900   -999.900     -0.443      0.000    -32.380    -32.440      3.414      3.856   -999.900   -999.900
    -10.000      3.264      3.725   -999.900   -999.900     -0.461      0.000    -37.380    -37.440      3.264      3.725   -999.900   -999.900
    -15.000      2.555      3.070   -999.900   -999.900     -0.515      0.000    -42.380    -42.440      2.555      3.070   -999.900   -999.900
    -20.000      0.509      1.015   -999.900   -999.900     -0.505      0.000    -47.380    -47.440      0.509      1.015   -999.900   -999.900
    -25.000     -3.380     -2.895   -999.900   -999.900     -0.485      0.000    -52.380    -52.440     -3.380     -2.895   -999.900   -999.900
    -30.000     -7.921     -7.461   -999.900   -999.900     -0.460      0.000    -57.380    -57.440     -7.921     -7.461   -999.900   -999.900
    -35.000    -12.681    -12.230   -999.900   -999.900     -0.451      0.000    -62.380    -62.440    -12.681    -12.230   -999.900   -999.900
    -40.000    -17.600    -17.138   -999.900   -999.900     -0.461      0.000    -67.380    -67.440    -17.600    -17.139   -999.900   -999.900
    -45.000    -22.595    -22.117   -999.900   -999.900     -0.479      0.000    -72.380    -72.440    -22.596    -22.118   -999.900   -999.900
    -50.000    -27.556    -27.054   -999.900   -999.900     -0.503      0.000    -77.380    -77.440    -27.558    -27.056   -999.900   -999.900
    -55.000    -32.691    -32.047   -999.900   -999.900     -0.644      0.000    -82.380    -82.440    -32.696    -32.053   -999.900   -999.900
    -60.000    -37.716    -36.913   -999.900   -999.900     -0.803      0.000    -87.380    -87.440    -37.731    -36.932   -999.900   -999.900
    -65.000    -43.053    -41.957   -999.900   -999.900     -1.095      0.000    -92.380    -92.440    -43.104    -42.017   -999.900   -999.900
    -70.000    -48.343    -46.996   -999.900   -999.900     -1.347      0.000    -97.380    -97.440    -48.519    -47.189   -999.900   -999.900
    -75.000    -53.202    -51.710   -999.900   -999.900     -1.492      0.000   -102.380   -102.440    -53.765    -52.308   -999.900   -999.900
    -80.000    -57.190    -55.635   -999.900   -999.900     -1.555      0.000   -107.380   -107.440    -58.766    -57.293   -999.900   -999.900
    -85.000    -60.024    -58.372   -999.900   -999.900     -1.652      0.000   -112.380   -112.440    -63.839    -62.309   -999.900   -999.900
    -90.000    -61.510    -59.788   -999.900   -999.900     -1.722      0.000   -117.380   -117.440    -69.026    -67.375   -999.900   -999.900
    -95.000    -62.102    -60.325   -999.900   -999.900     -1.777      0.000   -122.380   -122.440    -74.549    -72.152   -999.900   -999.900
   -100.000    -62.302    -60.526   -999.900   -999.900     -1.776      0.000   -127.380   -127.440    -81.345    -77.249   -999.900   -999.900
   -105.000    -62.380    -60.606   -999.900   -999.900     -1.774      0.000   -132.380   -132.440    -81.345    -85.598   -999.900   -999.900
   -110.000    -62.349    -60.619   -999.900   -999.900     -1.729      0.000   -137.380   -137.440    -81.345   -103.848   -999.900   -999.900
   -115.000    -62.332    -60.628   -999.900   -999.900     -1.704      0.000   -142.380   -142.440    -81.345   -103.848   -999.900   -999.900
   -120.000    -62.366    -60.625   -999.900   -999.900     -1.740      0.000   -147.380   -147.440    -81.345   -103.848   -999.900   -999.900
