      0.000      8.459   -999.900   -999.900   -999.900   1008.359      0.000    -15.000    -15.000      8.459   -999.900   -999.900   -999.900
     -5.000      8.458   -999.900   -999.900   -999.900   1008.358      0.000    -20.000    -20.000      8.458   -999.900   -999.900   -999.900
    -10.000      8.456   -999.900   -999.900   -999.900   1008.356      0.000    -25.000    -25.000      8.456   -999.900   -999.900   -999.900
    -15.000      8.447   -999.900   -999.900   -999.900   1008.347      0.000    -30.000    -30.000      8.447   -999.900   -999.900   -999.900
    -20.000      8.343   -999.900   -999.900   -999.900   1008.243      0.000    -35.000    -35.000      8.343   -999.900   -999.900   -999.900
    -25.000      7.592   -999.900   -999.900   -999.900   1007.492      0.000    -40.000    -40.000      7.592   -999.900   -999.900   -999.900
    -30.000      4.110   -999.900   -999.900   -999.900   1004.010      0.000    -45.000    -45.000      4.110   -999.900   -999.900   -999.900
    -35.000     -0.668   -999.900   -999.900   -999.900    999.232      0.000    -50.000    -50.000     -0.668   -999.900   -999.900   -999.900
    -40.000     -5.606   -999.900   -999.900   -999.900    994.294      0.000    -55.000    -55.000     -5.606   -999.900   -999.900   -999.900
    -45.000    -10.588   -999.900   -999.900   -999.900    989.312      0.000    -60.000    -60.000    -10.589   -999.900   -999.900   -999.900
    -50.000    -15.575   -999.900   -999.900   -999.900    984.325      0.000    -65.000    -65.000    -15.577   -999.900   -999.900   -999.900
    -55.000    -20.601   -999.900   -999.900   -999.900    979.299      0.000    -70.000    -70.000    -20.608   -999.900   -999.900   -999.900
    -60.000    -25.579   -999.900   -999.900   -999.900    974.321      0.000    -75.000    -75.000    -25.602   -999.900   -999.900   -999.900
    -65.000    -30.579   -999.900   -999.900   -999.900    969.321      0.000    -80.000    -80.000    -30.652   -999.900   -999.900   -999.900
    -70.000    -35.419   -999.900   -999.900   -999.900    964.481      0.000    -85.000    -85.000    -35.645   -999.900   -999.900   -999.900
    -75.000    -39.938   -999.900   -999.900   -999.900    959.962      0.000    -90.000    -90.000    -40.610   -999.900   -999.900   -999.900
    -80.000    -43.736   -999.900   -999.900   -999.900    956.164      0.000    -95.000    -95.000    -45.567   -999.900   -999.900   -999.900
    -85.000    -46.326   -999.900   -999.900   -999.900    953.574      0.000   -100.000   -100.000    -50.580   -999.900   -999.900   -999.900
    -90.000    -47.606   -999.900   -999.900   -999.900    952.294      0.000   -105.000   -105.000    -55.526   -999.900   -999.900   -999.900
    -95.000    -48.137   -999.900   -999.900   -999.900    951.763      0.000   -110.000   -110.000    -60.935   -999.900   -999.900   -999.900
   -100.000    -48.299   -999.900   -999.900   -999.900    951.601      0.000   -115.000   -115.000    -66.139   -999.900   -999.900   -999.900
   -105.000    -48.376   -999.900   -999.900   -999.900    951.524      0.000   -120.000   -120.000    -66.139   -999.900   -999.900   -999.900
   -110.000    -48.375   -999.900   -999.900   -999.900    951.525      0.000   -125.000   -125.000    -66.139   -999.900   -999.900   -999.900
   -115.000    -48.363   -999.900   -999.900   -999.900    951.537      0.000   -130.000   -130.000    -66.139   -999.900   -999.900   -999.900
   -120.000    -48.370   -999.900   -999.900   -999.900    951.530      0.000   -135.000   -135.000    -66.139   -999.900   -999.900   -999.900
