      0.000      3.540      4.104   -999.900   -999.900     -0.564      0.000    -26.420    -26.440      3.540      4.104   -999.900   -999.900
     -5.000      3.539      4.038   -999.900   -999.900     -0.499      0.000    -31.420    -31.440      3.539      4.038   -999.900   -999.900
    -10.000      3.408      3.825   -999.900   -999.900     -0.417      0.000    -36.420    -36.440      3.408      3.825   -999.900   -999.900
    -15.000      2.790      3.057   -999.900   -999.900     -0.267      0.000    -41.420    -41.440      2.790      3.057   -999.900   -999.900
    -20.000      0.821      1.058   -999.900   -999.900     -0.237      0.000    -46.420    -46.440      0.821      1.058   -999.900   -999.900
    -25.000     -3.093     -2.940   -999.900   -999.900     -0.153      0.000    -51.420    -51.440     -3.093     -2.940   -999.900   -999.900
    -30.000     -7.485     -7.395   -999.900   -999.900     -0.090      0.000    -56.420    -56.440     -7.485     -7.395   -999.900   -999.900
    -35.000    -12.273    -12.221   -999.900   -999.900     -0.052      0.000    -61.420    -61.440    -12.273    -12.221   -999.900   -999.900
    -40.000    -17.170    -17.140   -999.900   -999.900     -0.030      0.000    -66.420    -66.440    -17.170    -17.140   -999.900   -999.900
    -45.000    -22.153    -22.129   -999.900   -999.900     -0.024      0.000    -71.420    -71.440    -22.154    -22.130   -999.900   -999.900
    -50.000    -27.231    -27.194   -999.900   -999.900     -0.037      0.000    -76.420    -76.440    -27.235    -27.197   -999.900   -999.900
    -55.000    -32.380    -32.316   -999.900   -999.900     -0.064      0.000    -81.420    -81.440    -32.393    -32.327   -999.900   -999.900
    -60.000    -37.406    -37.389   -999.900   -999.900     -0.017      0.000    -86.420    -86.440    -37.448    -37.425   -999.900   -999.900
    -65.000    -42.293    -42.631   -999.900   -999.900      0.338      0.000    -91.420    -91.440    -42.424    -42.751   -999.900   -999.900
    -70.000    -47.001    -47.648   -999.900   -999.900      0.647      0.000    -96.420    -96.440    -47.400    -48.042   -999.900   -999.900
    -75.000    -51.303    -52.073   -999.900   -999.900      0.770      0.000   -101.420   -101.440    -52.474    -53.268   -999.900   -999.900
    -80.000    -54.507    -55.280   -999.900   -999.900      0.773      0.000   -106.420   -106.440    -57.469    -58.320   -999.900   -999.900
    -85.000    -56.348    -57.090   -999.900   -999.900      0.742      0.000   -111.420   -111.440    -62.466    -63.359   -999.900   -999.900
    -90.000    -57.140    -57.851   -999.900   -999.900      0.711      0.000   -116.420   -116.440    -67.434    -68.321   -999.900   -999.900
    -95.000    -57.424    -58.134   -999.900   -999.900      0.710      0.000   -121.420   -121.440    -72.345    -73.585   -999.900   -999.900
   -100.000    -57.529    -58.208   -999.900   -999.900      0.679      0.000   -126.420   -126.440    -78.318    -77.512   -999.900   -999.900
   -105.000    -57.559    -58.264   -999.900   -999.900      0.704      0.000   -131.420   -131.440    -85.788    -77.512   -999.900   -999.900
   -110.000    -57.574    -58.245   -999.900   -999.900      0.672      0.000   -136.420   -136.440    -85.788    -77.512   -999.900   -999.900
   -115.000    -57.566    -58.257   -999.900   -999.900      0.691      0.000   -141.420   -141.440    -85.788    -77.512   -999.900   -999.900
   -120.000    -57.564    -58.272   -999.900   -999.900      0.708      0.000   -146.420   -146.440    -85.788    -77.512   -999.900   -999.900
