      0.000      3.183      3.925   -999.900   -999.900     -0.742      0.000    -26.420    -26.440      3.183      3.925   -999.900   -999.900
     -5.000      3.172      3.825   -999.900   -999.900     -0.653      0.000    -31.420    -31.440      3.172      3.825   -999.900   -999.900
    -10.000      3.002      3.518   -999.900   -999.900     -0.516      0.000    -36.420    -36.440      3.002      3.518   -999.900   -999.900
    -15.000      2.266      2.659   -999.900   -999.900     -0.393      0.000    -41.420    -41.440      2.266      2.659   -999.900   -999.900
    -20.000      0.150      0.567   -999.900   -999.900     -0.418      0.000    -46.420    -46.440      0.150      0.567   -999.900   -999.900
    -25.000     -3.822     -3.426   -999.900   -999.900     -0.396      0.000    -51.420    -51.440     -3.822     -3.426   -999.900   -999.900
    -30.000     -8.375     -8.006   -999.900   -999.900     -0.369      0.000    -56.420    -56.440     -8.375     -8.006   -999.900   -999.900
    -35.000    -13.110    -12.754   -999.900   -999.900     -0.357      0.000    -61.420    -61.440    -13.111    -12.754   -999.900   -999.900
    -40.000    -18.023    -17.672   -999.900   -999.900     -0.350      0.000    -66.420    -66.440    -18.023    -17.673   -999.900   -999.900
    -45.000    -23.036    -22.674   -999.900   -999.900     -0.362      0.000    -71.420    -71.440    -23.037    -22.675   -999.900   -999.900
    -50.000    -28.107    -27.723   -999.900   -999.900     -0.384      0.000    -76.420    -76.440    -28.110    -27.725   -999.900   -999.900
    -55.000    -33.246    -32.876   -999.900   -999.900     -0.369      0.000    -81.420    -81.440    -33.255    -32.885   -999.900   -999.900
    -60.000    -38.352    -38.020   -999.900   -999.900     -0.331      0.000    -86.420    -86.440    -38.382    -38.048   -999.900   -999.900
    -65.000    -43.177    -43.155   -999.900   -999.900     -0.021      0.000    -91.420    -91.440    -43.269    -43.247   -999.900   -999.900
    -70.000    -48.025    -48.278   -999.900   -999.900      0.253      0.000    -96.420    -96.440    -48.312    -48.584   -999.900   -999.900
    -75.000    -52.513    -52.905   -999.900   -999.900      0.392      0.000   -101.420   -101.440    -53.376    -53.862   -999.900   -999.900
    -80.000    -56.094    -56.406   -999.900   -999.900      0.311      0.000   -106.420   -106.440    -58.393    -58.948   -999.900   -999.900
    -85.000    -58.344    -58.521   -999.900   -999.900      0.178      0.000   -111.420   -111.440    -63.429    -64.070   -999.900   -999.900
    -90.000    -59.378    -59.442   -999.900   -999.900      0.065      0.000   -116.420   -116.440    -68.422    -69.094   -999.900   -999.900
    -95.000    -59.767    -59.792   -999.900   -999.900      0.024      0.000   -121.420   -121.440    -73.486    -74.519   -999.900   -999.900
   -100.000    -59.890    -59.896   -999.900   -999.900      0.006      0.000   -126.420   -126.440    -78.103    -79.813   -999.900   -999.900
   -105.000    -59.952    -59.945   -999.900   -999.900     -0.007      0.000   -131.420   -131.440    -90.254    -79.813   -999.900   -999.900
   -110.000    -59.956    -59.930   -999.900   -999.900     -0.025      0.000   -136.420   -136.440    -90.254    -79.813   -999.900   -999.900
   -115.000    -59.958    -59.946   -999.900   -999.900     -0.012      0.000   -141.420   -141.440    -90.254    -79.813   -999.900   -999.900
   -120.000    -59.957    -59.939   -999.900   -999.900     -0.018      0.000   -146.420   -146.440    -90.254    -79.813   -999.900   -999.900
