      0.000      3.322      4.001   -999.900   -999.900     -0.679      0.000    -26.420    -26.440      3.322      4.001   -999.900   -999.900
     -5.000      3.315      3.910   -999.900   -999.900     -0.595      0.000    -31.420    -31.440      3.315      3.910   -999.900   -999.900
    -10.000      3.159      3.620   -999.900   -999.900     -0.461      0.000    -36.420    -36.440      3.159      3.620   -999.900   -999.900
    -15.000      2.476      2.765   -999.900   -999.900     -0.289      0.000    -41.420    -41.440      2.476      2.765   -999.900   -999.900
    -20.000      0.432      0.598   -999.900   -999.900     -0.167      0.000    -46.420    -46.440      0.432      0.598   -999.900   -999.900
    -25.000     -3.504     -3.435   -999.900   -999.900     -0.069      0.000    -51.420    -51.440     -3.504     -3.435   -999.900   -999.900
    -30.000     -8.013     -8.003   -999.900   -999.900     -0.011      0.000    -56.420    -56.440     -8.013     -8.003   -999.900   -999.900
    -35.000    -12.758    -12.776   -999.900   -999.900      0.018      0.000    -61.420    -61.440    -12.758    -12.776   -999.900   -999.900
    -40.000    -17.662    -17.698   -999.900   -999.900      0.036      0.000    -66.420    -66.440    -17.662    -17.698   -999.900   -999.900
    -45.000    -22.663    -22.698   -999.900   -999.900      0.035      0.000    -71.420    -71.440    -22.664    -22.699   -999.900   -999.900
    -50.000    -27.728    -27.748   -999.900   -999.900      0.020      0.000    -76.420    -76.440    -27.731    -27.752   -999.900   -999.900
    -55.000    -32.867    -32.883   -999.900   -999.900      0.015      0.000    -81.420    -81.440    -32.877    -32.896   -999.900   -999.900
    -60.000    -37.936    -38.009   -999.900   -999.900      0.072      0.000    -86.420    -86.440    -37.966    -38.051   -999.900   -999.900
    -65.000    -42.758    -43.197   -999.900   -999.900      0.439      0.000    -91.420    -91.440    -42.848    -43.338   -999.900   -999.900
    -70.000    -47.564    -48.173   -999.900   -999.900      0.609      0.000    -96.420    -96.440    -47.840    -48.635   -999.900   -999.900
    -75.000    -52.075    -52.483   -999.900   -999.900      0.408      0.000   -101.420   -101.440    -52.904    -53.862   -999.900   -999.900
    -80.000    -55.686    -55.505   -999.900   -999.900     -0.181      0.000   -106.420   -106.440    -57.900    -58.933   -999.900   -999.900
    -85.000    -57.974    -57.126   -999.900   -999.900     -0.848      0.000   -111.420   -111.440    -62.871    -63.958   -999.900   -999.900
    -90.000    -59.057    -57.800   -999.900   -999.900     -1.257      0.000   -116.420   -116.440    -67.842    -69.095   -999.900   -999.900
    -95.000    -59.465    -58.019   -999.900   -999.900     -1.446      0.000   -121.420   -121.440    -72.775    -73.822   -999.900   -999.900
   -100.000    -59.607    -58.093   -999.900   -999.900     -1.514      0.000   -126.420   -126.440    -77.789    -78.253   -999.900   -999.900
   -105.000    -59.678    -58.146   -999.900   -999.900     -1.533      0.000   -131.420   -131.440    -77.789    -78.253   -999.900   -999.900
   -110.000    -59.660    -58.139   -999.900   -999.900     -1.522      0.000   -136.420   -136.440    -77.789    -78.253   -999.900   -999.900
   -115.000    -59.677    -58.132   -999.900   -999.900     -1.545      0.000   -141.420   -141.440    -77.789    -78.253   -999.900   -999.900
   -120.000    -59.676    -58.123   -999.900   -999.900     -1.554      0.000   -146.420   -146.440    -77.789    -78.253   -999.900   -999.900
