      0.000      3.666      3.817   -999.900   -999.900     -0.151      0.000    -27.040    -27.130      3.666      3.817   -999.900   -999.900
     -5.000      3.673      3.822   -999.900   -999.900     -0.149      0.000    -32.040    -32.130      3.673      3.822   -999.900   -999.900
    -10.000      3.624      3.774   -999.900   -999.900     -0.150      0.000    -37.040    -37.130      3.624      3.774   -999.900   -999.900
    -15.000      3.327      3.504   -999.900   -999.900     -0.177      0.000    -42.040    -42.130      3.327      3.504   -999.900   -999.900
    -20.000      2.380      2.622   -999.900   -999.900     -0.243      0.000    -47.040    -47.130      2.380      2.622   -999.900   -999.900
    -25.000     -0.223      0.160   -999.900   -999.900     -0.382      0.000    -52.040    -52.130     -0.223      0.160   -999.900   -999.900
    -30.000     -4.385     -3.999   -999.900   -999.900     -0.387      0.000    -57.040    -57.130     -4.385     -3.999   -999.900   -999.900
    -35.000     -8.989     -8.603   -999.900   -999.900     -0.386      0.000    -62.040    -62.130     -8.989     -8.603   -999.900   -999.900
    -40.000    -13.824    -13.431   -999.900   -999.900     -0.393      0.000    -67.040    -67.130    -13.824    -13.432   -999.900   -999.900
    -45.000    -18.775    -18.374   -999.900   -999.900     -0.402      0.000    -72.040    -72.130    -18.776    -18.374   -999.900   -999.900
    -50.000    -23.769    -23.364   -999.900   -999.900     -0.405      0.000    -77.040    -77.130    -23.770    -23.366   -999.900   -999.900
    -55.000    -28.884    -28.525   -999.900   -999.900     -0.360      0.000    -82.040    -82.130    -28.889    -28.529   -999.900   -999.900
    -60.000    -33.836    -33.663   -999.900   -999.900     -0.173      0.000    -87.040    -87.130    -33.849    -33.678   -999.900   -999.900
    -65.000    -38.881    -38.657   -999.900   -999.900     -0.225      0.000    -92.040    -92.130    -38.923    -38.704   -999.900   -999.900
    -70.000    -43.750    -43.430   -999.900   -999.900     -0.320      0.000    -97.040    -97.130    -43.879    -43.573   -999.900   -999.900
    -75.000    -48.433    -48.108   -999.900   -999.900     -0.325      0.000   -102.040   -102.130    -48.822    -48.541   -999.900   -999.900
    -80.000    -52.633    -52.259   -999.900   -999.900     -0.373      0.000   -107.040   -107.130    -53.742    -53.491   -999.900   -999.900
    -85.000    -55.914    -55.393   -999.900   -999.900     -0.521      0.000   -112.040   -112.130    -58.752    -58.475   -999.900   -999.900
    -90.000    -57.809    -57.165   -999.900   -999.900     -0.644      0.000   -117.040   -117.130    -63.695    -63.441   -999.900   -999.900
    -95.000    -58.651    -57.915   -999.900   -999.900     -0.736      0.000   -122.040   -122.130    -68.691    -68.290   -999.900   -999.900
   -100.000    -58.963    -58.215   -999.900   -999.900     -0.748      0.000   -127.040   -127.130    -73.918    -73.942   -999.900   -999.900
   -105.000    -59.091    -58.325   -999.900   -999.900     -0.766      0.000   -132.040   -132.130    -84.410    -85.952   -999.900   -999.900
   -110.000    -59.106    -58.338   -999.900   -999.900     -0.768      0.000   -137.040   -137.130    -84.410    -85.952   -999.900   -999.900
   -115.000    -59.106    -58.335   -999.900   -999.900     -0.771      0.000   -142.040   -142.130    -84.410    -85.952   -999.900   -999.900
   -120.000    -59.113    -58.333   -999.900   -999.900     -0.780      0.000   -147.040   -147.130    -84.410    -85.952   -999.900   -999.900
