      0.000      5.703      6.347   -999.900   -999.900     -0.644      0.000    -27.040    -27.130      5.703      6.347   -999.900   -999.900
     -5.000      5.729      6.367   -999.900   -999.900     -0.638      0.000    -32.040    -32.130      5.729      6.367   -999.900   -999.900
    -10.000      5.645      6.270   -999.900   -999.900     -0.625      0.000    -37.040    -37.130      5.645      6.270   -999.900   -999.900
    -15.000      5.141      5.775   -999.900   -999.900     -0.635      0.000    -42.040    -42.130      5.141      5.775   -999.900   -999.900
    -20.000      3.840      4.506   -999.900   -999.900     -0.666      0.000    -47.040    -47.130      3.840      4.506   -999.900   -999.900
    -25.000      0.819      1.503   -999.900   -999.900     -0.684      0.000    -52.040    -52.130      0.819      1.503   -999.900   -999.900
    -30.000     -4.043     -3.329   -999.900   -999.900     -0.715      0.000    -57.040    -57.130     -4.043     -3.329   -999.900   -999.900
    -35.000     -9.055     -8.320   -999.900   -999.900     -0.736      0.000    -62.040    -62.130     -9.056     -8.320   -999.900   -999.900
    -40.000    -14.064    -13.316   -999.900   -999.900     -0.748      0.000    -67.040    -67.130    -14.064    -13.317   -999.900   -999.900
    -45.000    -19.052    -18.306   -999.900   -999.900     -0.746      0.000    -72.040    -72.130    -19.052    -18.306   -999.900   -999.900
    -50.000    -24.056    -23.325   -999.900   -999.900     -0.731      0.000    -77.040    -77.130    -24.058    -23.327   -999.900   -999.900
    -55.000    -29.085    -28.366   -999.900   -999.900     -0.719      0.000    -82.040    -82.130    -29.090    -28.371   -999.900   -999.900
    -60.000    -34.074    -33.410   -999.900   -999.900     -0.664      0.000    -87.040    -87.130    -34.090    -33.426   -999.900   -999.900
    -65.000    -39.148    -38.550   -999.900   -999.900     -0.599      0.000    -92.040    -92.130    -39.201    -38.603   -999.900   -999.900
    -70.000    -44.051    -43.528   -999.900   -999.900     -0.522      0.000    -97.040    -97.130    -44.215    -43.697   -999.900   -999.900
    -75.000    -48.716    -48.201   -999.900   -999.900     -0.516      0.000   -102.040   -102.130    -49.215    -48.715   -999.900   -999.900
    -80.000    -52.792    -52.249   -999.900   -999.900     -0.543      0.000   -107.040   -107.130    -54.203    -53.697   -999.900   -999.900
    -85.000    -55.751    -55.198   -999.900   -999.900     -0.553      0.000   -112.040   -112.130    -59.205    -58.755   -999.900   -999.900
    -90.000    -57.348    -56.741   -999.900   -999.900     -0.607      0.000   -117.040   -117.130    -64.172    -63.680   -999.900   -999.900
    -95.000    -58.007    -57.392   -999.900   -999.900     -0.616      0.000   -122.040   -122.130    -69.091    -68.737   -999.900   -999.900
   -100.000    -58.250    -57.619   -999.900   -999.900     -0.631      0.000   -127.040   -127.130    -74.295    -73.911   -999.900   -999.900
   -105.000    -58.357    -57.723   -999.900   -999.900     -0.634      0.000   -132.040   -132.130    -90.168    -73.911   -999.900   -999.900
   -110.000    -58.360    -57.738   -999.900   -999.900     -0.622      0.000   -137.040   -137.130    -90.168    -73.911   -999.900   -999.900
   -115.000    -58.355    -57.711   -999.900   -999.900     -0.644      0.000   -142.040   -142.130    -90.168    -73.911   -999.900   -999.900
   -120.000    -58.367    -57.718   -999.900   -999.900     -0.648      0.000   -147.040   -147.130    -90.168    -73.911   -999.900   -999.900
