      0.000      3.476      3.699   -999.900   -999.900     -0.223      0.000    -27.040    -27.130      3.476      3.699   -999.900   -999.900
     -5.000      3.483      3.702   -999.900   -999.900     -0.219      0.000    -32.040    -32.130      3.483      3.702   -999.900   -999.900
    -10.000      3.416      3.638   -999.900   -999.900     -0.221      0.000    -37.040    -37.130      3.416      3.638   -999.900   -999.900
    -15.000      3.053      3.304   -999.900   -999.900     -0.251      0.000    -42.040    -42.130      3.053      3.304   -999.900   -999.900
    -20.000      2.014      2.326   -999.900   -999.900     -0.311      0.000    -47.040    -47.130      2.014      2.326   -999.900   -999.900
    -25.000     -0.748     -0.315   -999.900   -999.900     -0.433      0.000    -52.040    -52.130     -0.748     -0.315   -999.900   -999.900
    -30.000     -4.933     -4.497   -999.900   -999.900     -0.436      0.000    -57.040    -57.130     -4.933     -4.497   -999.900   -999.900
    -35.000     -9.553     -9.117   -999.900   -999.900     -0.436      0.000    -62.040    -62.130     -9.553     -9.117   -999.900   -999.900
    -40.000    -14.395    -13.950   -999.900   -999.900     -0.445      0.000    -67.040    -67.130    -14.395    -13.951   -999.900   -999.900
    -45.000    -19.363    -18.903   -999.900   -999.900     -0.461      0.000    -72.040    -72.130    -19.363    -18.903   -999.900   -999.900
    -50.000    -24.407    -23.924   -999.900   -999.900     -0.483      0.000    -77.040    -77.130    -24.408    -23.925   -999.900   -999.900
    -55.000    -29.573    -29.038   -999.900   -999.900     -0.535      0.000    -82.040    -82.130    -29.576    -29.043   -999.900   -999.900
    -60.000    -34.752    -34.073   -999.900   -999.900     -0.680      0.000    -87.040    -87.130    -34.764    -34.088   -999.900   -999.900
    -65.000    -40.168    -39.049   -999.900   -999.900     -1.119      0.000    -92.040    -92.130    -40.209    -39.097   -999.900   -999.900
    -70.000    -45.340    -43.999   -999.900   -999.900     -1.340      0.000    -97.040    -97.130    -45.479    -44.152   -999.900   -999.900
    -75.000    -50.097    -48.834   -999.900   -999.900     -1.263      0.000   -102.040   -102.130    -50.528    -49.318   -999.900   -999.900
    -80.000    -54.296    -52.997   -999.900   -999.900     -1.299      0.000   -107.040   -107.130    -55.535    -54.395   -999.900   -999.900
    -85.000    -57.438    -55.976   -999.900   -999.900     -1.462      0.000   -112.040   -112.130    -60.552    -59.411   -999.900   -999.900
    -90.000    -59.178    -57.588   -999.900   -999.900     -1.589      0.000   -117.040   -117.130    -65.445    -64.412   -999.900   -999.900
    -95.000    -59.926    -58.249   -999.900   -999.900     -1.676      0.000   -122.040   -122.130    -70.256    -69.355   -999.900   -999.900
   -100.000    -60.233    -58.487   -999.900   -999.900     -1.745      0.000   -127.040   -127.130    -76.038    -74.412   -999.900   -999.900
   -105.000    -60.345    -58.594   -999.900   -999.900     -1.750      0.000   -132.040   -132.130    -91.166    -87.468   -999.900   -999.900
   -110.000    -60.359    -58.596   -999.900   -999.900     -1.763      0.000   -137.040   -137.130    -91.166    -89.262   -999.900   -999.900
   -115.000    -60.357    -58.609   -999.900   -999.900     -1.748      0.000   -142.040   -142.130    -91.166    -89.262   -999.900   -999.900
   -120.000    -60.332    -58.600   -999.900   -999.900     -1.732      0.000   -147.040   -147.130    -91.166    -89.262   -999.900   -999.900
