      0.000      1.251      1.871   -999.900   -999.900     -0.620      0.000    -27.040    -27.130      1.251      1.871   -999.900   -999.900
     -5.000      1.260      1.878   -999.900   -999.900     -0.619      0.000    -32.040    -32.130      1.260      1.878   -999.900   -999.900
    -10.000      1.213      1.832   -999.900   -999.900     -0.619      0.000    -37.040    -37.130      1.213      1.832   -999.900   -999.900
    -15.000      0.929      1.581   -999.900   -999.900     -0.652      0.000    -42.040    -42.130      0.929      1.581   -999.900   -999.900
    -20.000      0.040      0.753   -999.900   -999.900     -0.713      0.000    -47.040    -47.130      0.040      0.753   -999.900   -999.900
    -25.000     -2.303     -1.488   -999.900   -999.900     -0.815      0.000    -52.040    -52.130     -2.303     -1.488   -999.900   -999.900
    -30.000     -6.290     -5.493   -999.900   -999.900     -0.796      0.000    -57.040    -57.130     -6.290     -5.493   -999.900   -999.900
    -35.000    -10.735     -9.979   -999.900   -999.900     -0.756      0.000    -62.040    -62.130    -10.735     -9.979   -999.900   -999.900
    -40.000    -15.460    -14.723   -999.900   -999.900     -0.738      0.000    -67.040    -67.130    -15.460    -14.723   -999.900   -999.900
    -45.000    -20.340    -19.602   -999.900   -999.900     -0.738      0.000    -72.040    -72.130    -20.340    -19.603   -999.900   -999.900
    -50.000    -25.298    -24.550   -999.900   -999.900     -0.748      0.000    -77.040    -77.130    -25.299    -24.552   -999.900   -999.900
    -55.000    -30.375    -29.582   -999.900   -999.900     -0.793      0.000    -82.040    -82.130    -30.379    -29.588   -999.900   -999.900
    -60.000    -35.472    -34.591   -999.900   -999.900     -0.881      0.000    -87.040    -87.130    -35.486    -34.608   -999.900   -999.900
    -65.000    -40.692    -39.644   -999.900   -999.900     -1.049      0.000    -92.040    -92.130    -40.740    -39.699   -999.900   -999.900
    -70.000    -45.838    -44.802   -999.900   -999.900     -1.036      0.000    -97.040    -97.130    -45.997    -44.987   -999.900   -999.900
    -75.000    -50.665    -49.627   -999.900   -999.900     -1.038      0.000   -102.040   -102.130    -51.167    -50.218   -999.900   -999.900
    -80.000    -54.799    -53.625   -999.900   -999.900     -1.174      0.000   -107.040   -107.130    -56.242    -55.296   -999.900   -999.900
    -85.000    -57.757    -56.345   -999.900   -999.900     -1.413      0.000   -112.040   -112.130    -61.309    -60.295   -999.900   -999.900
    -90.000    -59.303    -57.750   -999.900   -999.900     -1.553      0.000   -117.040   -117.130    -66.234    -65.331   -999.900   -999.900
    -95.000    -59.958    -58.301   -999.900   -999.900     -1.657      0.000   -122.040   -122.130    -71.326    -70.322   -999.900   -999.900
   -100.000    -60.185    -58.491   -999.900   -999.900     -1.695      0.000   -127.040   -127.130    -76.548    -75.270   -999.900   -999.900
   -105.000    -60.256    -58.583   -999.900   -999.900     -1.673      0.000   -132.040   -132.130    -81.786    -75.270   -999.900   -999.900
   -110.000    -60.300    -58.580   -999.900   -999.900     -1.721      0.000   -137.040   -137.130    -81.786    -75.270   -999.900   -999.900
   -115.000    -60.297    -58.583   -999.900   -999.900     -1.714      0.000   -142.040   -142.130    -81.786    -75.270   -999.900   -999.900
   -120.000    -60.294    -58.585   -999.900   -999.900     -1.708      0.000   -147.040   -147.130    -81.786    -75.270   -999.900   -999.900
