     15.000      3.661      3.829   -999.900   -999.900     -0.168      0.000    -12.040    -12.130      3.661      3.829   -999.900   -999.900
     10.000     -1.264     -1.079   -999.900   -999.900     -0.186      0.000    -17.040    -17.130     -1.264     -1.079   -999.900   -999.900
      5.000     -6.184     -5.982   -999.900   -999.900     -0.202      0.000    -22.040    -22.130     -6.184     -5.982   -999.900   -999.900
      0.000    -11.178    -11.025   -999.900   -999.900     -0.153      0.000    -27.040    -27.130    -11.178    -11.025   -999.900   -999.900
     -5.000    -16.054    -15.961   -999.900   -999.900     -0.093      0.000    -32.040    -32.130    -16.054    -15.961   -999.900   -999.900
    -10.000    -20.871    -20.780   -999.900   -999.900     -0.091      0.000    -37.040    -37.130    -20.871    -20.780   -999.900   -999.900
    -15.000    -26.756    -25.733   -999.900   -999.900     -1.023      0.000    -42.040    -42.130    -26.756    -25.733   -999.900   -999.900
    -20.000    -31.478    -30.893   -999.900   -999.900     -0.585      0.000    -47.040    -47.130    -31.478    -30.893   -999.900   -999.900
    -25.000    -36.564    -36.630   -999.900   -999.900      0.066      0.000    -52.040    -52.130    -36.564    -36.631   -999.900   -999.900
    -30.000    -41.360    -41.426   -999.900   -999.900      0.066      0.000    -57.040    -57.130    -41.362    -41.428   -999.900   -999.900
    -35.000    -45.361    -47.215   -999.900   -999.900      1.854      0.000    -62.040    -62.130    -45.365    -47.224   -999.900   -999.900
    -40.000    -52.350    -51.827   -999.900   -999.900     -0.523      0.000    -67.040    -67.130    -52.369    -51.855   -999.900   -999.900
    -45.000    -61.477    -56.456   -999.900   -999.900     -5.021      0.000    -72.040    -72.130    -61.636    -56.539   -999.900   -999.900
    -50.000    -67.775    -60.915   -999.900   -999.900     -6.860      0.000    -77.040    -77.130    -68.499    -61.151   -999.900   -999.900
    -55.000    -70.913    -65.075   -999.900   -999.900     -5.838      0.000    -82.040    -82.130    -72.565    -65.719   -999.900   -999.900
    -60.000    -73.336    -68.860   -999.900   -999.900     -4.476      0.000    -87.040    -87.130    -76.829    -70.598   -999.900   -999.900
    -65.000    -74.981    -71.545   -999.900   -999.900     -3.436      0.000    -92.040    -92.130    -82.127    -75.656   -999.900   -999.900
    -70.000    -75.572    -73.008   -999.900   -999.900     -2.564      0.000    -97.040    -97.130    -86.808    -81.456   -999.900   -999.900
    -75.000    -75.809    -73.612   -999.900   -999.900     -2.197      0.000   -102.040   -102.130    -92.128    -91.862   -999.900   -999.900
    -80.000    -75.906    -73.773   -999.900   -999.900     -2.132      0.000   -107.040   -107.130   -104.606    -91.862   -999.900   -999.900
    -85.000    -76.006    -73.850   -999.900   -999.900     -2.157      0.000   -112.040   -112.130   -104.606    -91.862   -999.900   -999.900
    -90.000    -75.999    -73.854   -999.900   -999.900     -2.144      0.000   -117.040   -117.130   -104.606    -91.862   -999.900   -999.900
    -95.000    -75.936    -73.857   -999.900   -999.900     -2.079      0.000   -122.040   -122.130   -104.606    -91.862   -999.900   -999.900
   -100.000    -76.178    -73.860   -999.900   -999.900     -2.317      0.000   -127.040   -127.130   -104.606    -91.862   -999.900   -999.900
