      0.000      3.775      3.951   -999.900   -999.900     -0.176      0.000    -27.040    -27.130      3.775      3.951   -999.900   -999.900
     -5.000      3.786      3.961   -999.900   -999.900     -0.175      0.000    -32.040    -32.130      3.786      3.961   -999.900   -999.900
    -10.000      3.756      3.929   -999.900   -999.900     -0.173      0.000    -37.040    -37.130      3.756      3.929   -999.900   -999.900
    -15.000      3.527      3.713   -999.900   -999.900     -0.186      0.000    -42.040    -42.130      3.527      3.713   -999.900   -999.900
    -20.000      2.677      2.912   -999.900   -999.900     -0.235      0.000    -47.040    -47.130      2.677      2.912   -999.900   -999.900
    -25.000      0.196      0.532   -999.900   -999.900     -0.335      0.000    -52.040    -52.130      0.196      0.532   -999.900   -999.900
    -30.000     -3.788     -3.464   -999.900   -999.900     -0.323      0.000    -57.040    -57.130     -3.788     -3.464   -999.900   -999.900
    -35.000     -8.421     -8.106   -999.900   -999.900     -0.316      0.000    -62.040    -62.130     -8.421     -8.106   -999.900   -999.900
    -40.000    -13.235    -12.918   -999.900   -999.900     -0.317      0.000    -67.040    -67.130    -13.235    -12.918   -999.900   -999.900
    -45.000    -18.163    -17.837   -999.900   -999.900     -0.326      0.000    -72.040    -72.130    -18.163    -17.837   -999.900   -999.900
    -50.000    -23.210    -22.867   -999.900   -999.900     -0.343      0.000    -77.040    -77.130    -23.211    -22.869   -999.900   -999.900
    -55.000    -28.356    -27.988   -999.900   -999.900     -0.368      0.000    -82.040    -82.130    -28.361    -27.994   -999.900   -999.900
    -60.000    -33.504    -32.998   -999.900   -999.900     -0.506      0.000    -87.040    -87.130    -33.518    -33.017   -999.900   -999.900
    -65.000    -38.995    -38.092   -999.900   -999.900     -0.903      0.000    -92.040    -92.130    -39.048    -38.155   -999.900   -999.900
    -70.000    -44.164    -42.898   -999.900   -999.900     -1.266      0.000    -97.040    -97.130    -44.341    -43.091   -999.900   -999.900
    -75.000    -48.821    -47.535   -999.900   -999.900     -1.287      0.000   -102.040   -102.130    -49.358    -48.120   -999.900   -999.900
    -80.000    -52.819    -51.504   -999.900   -999.900     -1.315      0.000   -107.040   -107.130    -54.319    -53.145   -999.900   -999.900
    -85.000    -55.689    -54.252   -999.900   -999.900     -1.437      0.000   -112.040   -112.130    -59.307    -58.148   -999.900   -999.900
    -90.000    -57.201    -55.665   -999.900   -999.900     -1.536      0.000   -117.040   -117.130    -64.207    -63.114   -999.900   -999.900
    -95.000    -57.796    -56.240   -999.900   -999.900     -1.556      0.000   -122.040   -122.130    -68.673    -68.185   -999.900   -999.900
   -100.000    -58.045    -56.426   -999.900   -999.900     -1.619      0.000   -127.040   -127.130    -73.658    -72.823   -999.900   -999.900
   -105.000    -58.163    -56.521   -999.900   -999.900     -1.643      0.000   -132.040   -132.130    -89.690    -85.071   -999.900   -999.900
   -110.000    -58.162    -56.530   -999.900   -999.900     -1.632      0.000   -137.040   -137.130    -87.945    -85.071   -999.900   -999.900
   -115.000    -58.174    -56.527   -999.900   -999.900     -1.646      0.000   -142.040   -142.130    -87.945    -85.071   -999.900   -999.900
   -120.000    -58.166    -56.529   -999.900   -999.900     -1.638      0.000   -147.040   -147.130    -87.945    -85.071   -999.900   -999.900
