      0.000      5.679      6.324   -999.900   -999.900     -0.645      0.000    -27.040    -27.130      5.679      6.324   -999.900   -999.900
     -5.000      5.704      6.344   -999.900   -999.900     -0.640      0.000    -32.040    -32.130      5.704      6.344   -999.900   -999.900
    -10.000      5.618      6.248   -999.900   -999.900     -0.630      0.000    -37.040    -37.130      5.618      6.248   -999.900   -999.900
    -15.000      5.096      5.746   -999.900   -999.900     -0.650      0.000    -42.040    -42.130      5.096      5.746   -999.900   -999.900
    -20.000      3.774      4.468   -999.900   -999.900     -0.694      0.000    -47.040    -47.130      3.774      4.468   -999.900   -999.900
    -25.000      0.649      1.406   -999.900   -999.900     -0.757      0.000    -52.040    -52.130      0.649      1.406   -999.900   -999.900
    -30.000     -4.167     -3.375   -999.900   -999.900     -0.792      0.000    -57.040    -57.130     -4.167     -3.375   -999.900   -999.900
    -35.000     -9.213     -8.399   -999.900   -999.900     -0.814      0.000    -62.040    -62.130     -9.213     -8.399   -999.900   -999.900
    -40.000    -14.220    -13.396   -999.900   -999.900     -0.824      0.000    -67.040    -67.130    -14.220    -13.396   -999.900   -999.900
    -45.000    -19.201    -18.379   -999.900   -999.900     -0.822      0.000    -72.040    -72.130    -19.202    -18.380   -999.900   -999.900
    -50.000    -24.217    -23.411   -999.900   -999.900     -0.806      0.000    -77.040    -77.130    -24.219    -23.413   -999.900   -999.900
    -55.000    -29.245    -28.451   -999.900   -999.900     -0.794      0.000    -82.040    -82.130    -29.250    -28.456   -999.900   -999.900
    -60.000    -34.200    -33.461   -999.900   -999.900     -0.739      0.000    -87.040    -87.130    -34.216    -33.477   -999.900   -999.900
    -65.000    -39.307    -38.632   -999.900   -999.900     -0.675      0.000    -92.040    -92.130    -39.361    -38.686   -999.900   -999.900
    -70.000    -44.199    -43.592   -999.900   -999.900     -0.607      0.000    -97.040    -97.130    -44.367    -43.763   -999.900   -999.900
    -75.000    -48.842    -48.249   -999.900   -999.900     -0.593      0.000   -102.040   -102.130    -49.349    -48.770   -999.900   -999.900
    -80.000    -52.910    -52.285   -999.900   -999.900     -0.625      0.000   -107.040   -107.130    -54.344    -53.750   -999.900   -999.900
    -85.000    -55.851    -55.189   -999.900   -999.900     -0.662      0.000   -112.040   -112.130    -59.354    -58.743   -999.900   -999.900
    -90.000    -57.437    -56.734   -999.900   -999.900     -0.703      0.000   -117.040   -117.130    -64.375    -63.671   -999.900   -999.900
    -95.000    -58.083    -57.373   -999.900   -999.900     -0.710      0.000   -122.040   -122.130    -69.361    -68.562   -999.900   -999.900
   -100.000    -58.317    -57.588   -999.900   -999.900     -0.729      0.000   -127.040   -127.130    -74.649    -72.941   -999.900   -999.900
   -105.000    -58.430    -57.720   -999.900   -999.900     -0.710      0.000   -132.040   -132.130    -74.649    -72.941   -999.900   -999.900
   -110.000    -58.421    -57.712   -999.900   -999.900     -0.709      0.000   -137.040   -137.130    -74.649    -72.941   -999.900   -999.900
   -115.000    -58.412    -57.714   -999.900   -999.900     -0.698      0.000   -142.040   -142.130    -74.649    -72.941   -999.900   -999.900
   -120.000    -58.414    -57.720   -999.900   -999.900     -0.694      0.000   -147.040   -147.130    -74.649    -72.941   -999.900   -999.900
