      0.000      5.744      6.312   -999.900   -999.900     -0.568      0.000    -27.040    -27.130      5.744      6.312   -999.900   -999.900
     -5.000      5.768      6.336   -999.900   -999.900     -0.568      0.000    -32.040    -32.130      5.768      6.336   -999.900   -999.900
    -10.000      5.667      6.253   -999.900   -999.900     -0.586      0.000    -37.040    -37.130      5.667      6.253   -999.900   -999.900
    -15.000      5.091      5.784   -999.900   -999.900     -0.693      0.000    -42.040    -42.130      5.091      5.784   -999.900   -999.900
    -20.000      3.676      4.563   -999.900   -999.900     -0.887      0.000    -47.040    -47.130      3.676      4.563   -999.900   -999.900
    -25.000      0.359      1.715   -999.900   -999.900     -1.357      0.000    -52.040    -52.130      0.359      1.715   -999.900   -999.900
    -30.000     -4.491     -3.058   -999.900   -999.900     -1.433      0.000    -57.040    -57.130     -4.491     -3.058   -999.900   -999.900
    -35.000     -9.569     -8.108   -999.900   -999.900     -1.461      0.000    -62.040    -62.130     -9.569     -8.108   -999.900   -999.900
    -40.000    -14.585    -13.105   -999.900   -999.900     -1.480      0.000    -67.040    -67.130    -14.585    -13.105   -999.900   -999.900
    -45.000    -19.570    -18.087   -999.900   -999.900     -1.483      0.000    -72.040    -72.130    -19.571    -18.087   -999.900   -999.900
    -50.000    -24.562    -23.087   -999.900   -999.900     -1.475      0.000    -77.040    -77.130    -24.563    -23.088   -999.900   -999.900
    -55.000    -29.605    -28.133   -999.900   -999.900     -1.471      0.000    -82.040    -82.130    -29.608    -28.137   -999.900   -999.900
    -60.000    -34.573    -33.142   -999.900   -999.900     -1.431      0.000    -87.040    -87.130    -34.584    -33.153   -999.900   -999.900
    -65.000    -39.735    -38.338   -999.900   -999.900     -1.397      0.000    -92.040    -92.130    -39.771    -38.375   -999.900   -999.900
    -70.000    -44.652    -43.365   -999.900   -999.900     -1.287      0.000    -97.040    -97.130    -44.764    -43.482   -999.900   -999.900
    -75.000    -49.394    -48.125   -999.900   -999.900     -1.269      0.000   -102.040   -102.130    -49.738    -48.485   -999.900   -999.900
    -80.000    -53.686    -52.390   -999.900   -999.900     -1.296      0.000   -107.040   -107.130    -54.680    -53.428   -999.900   -999.900
    -85.000    -57.107    -55.748   -999.900   -999.900     -1.358      0.000   -112.040   -112.130    -59.702    -58.432   -999.900   -999.900
    -90.000    -59.123    -57.718   -999.900   -999.900     -1.405      0.000   -117.040   -117.130    -64.584    -63.331   -999.900   -999.900
    -95.000    -60.084    -58.630   -999.900   -999.900     -1.454      0.000   -122.040   -122.130    -69.788    -68.417   -999.900   -999.900
   -100.000    -60.400    -58.961   -999.900   -999.900     -1.440      0.000   -127.040   -127.130    -74.425    -73.611   -999.900   -999.900
   -105.000    -60.569    -59.122   -999.900   -999.900     -1.448      0.000   -132.040   -132.130    -88.959    -73.611   -999.900   -999.900
   -110.000    -60.574    -59.105   -999.900   -999.900     -1.468      0.000   -137.040   -137.130    -93.657    -73.611   -999.900   -999.900
   -115.000    -60.575    -59.118   -999.900   -999.900     -1.456      0.000   -142.040   -142.130    -97.809    -73.611   -999.900   -999.900
   -120.000    -60.585    -59.103   -999.900   -999.900     -1.482      0.000   -147.040   -147.130    -97.809    -73.611   -999.900   -999.900
