     15.000      4.118      4.033   -999.900   -999.900      0.085      0.000    -12.040    -12.130      4.118      4.033   -999.900   -999.900
     10.000     -0.805     -0.888   -999.900   -999.900      0.083      0.000    -17.040    -17.130     -0.805     -0.888   -999.900   -999.900
      5.000     -5.729     -5.807   -999.900   -999.900      0.079      0.000    -22.040    -22.130     -5.729     -5.807   -999.900   -999.900
      0.000    -10.761    -10.824   -999.900   -999.900      0.063      0.000    -27.040    -27.130    -10.761    -10.824   -999.900   -999.900
     -5.000    -15.789    -15.844   -999.900   -999.900      0.055      0.000    -32.040    -32.130    -15.789    -15.844   -999.900   -999.900
    -10.000    -20.758    -20.809   -999.900   -999.900      0.051      0.000    -37.040    -37.130    -20.758    -20.809   -999.900   -999.900
    -15.000    -25.918    -25.934   -999.900   -999.900      0.016      0.000    -42.040    -42.130    -25.918    -25.935   -999.900   -999.900
    -20.000    -30.961    -31.065   -999.900   -999.900      0.104      0.000    -47.040    -47.130    -30.961    -31.066   -999.900   -999.900
    -25.000    -35.906    -36.219   -999.900   -999.900      0.313      0.000    -52.040    -52.130    -35.906    -36.220   -999.900   -999.900
    -30.000    -40.940    -41.471   -999.900   -999.900      0.531      0.000    -57.040    -57.130    -40.943    -41.476   -999.900   -999.900
    -35.000    -46.382    -46.690   -999.900   -999.900      0.308      0.000    -62.040    -62.130    -46.392    -46.705   -999.900   -999.900
    -40.000    -51.878    -51.758   -999.900   -999.900     -0.120      0.000    -67.040    -67.130    -51.913    -51.808   -999.900   -999.900
    -45.000    -56.857    -56.598   -999.900   -999.900     -0.259      0.000    -72.040    -72.130    -56.967    -56.751   -999.900   -999.900
    -50.000    -61.478    -61.219   -999.900   -999.900     -0.259      0.000    -77.040    -77.130    -61.807    -61.679   -999.900   -999.900
    -55.000    -65.751    -65.307   -999.900   -999.900     -0.444      0.000    -82.040    -82.130    -66.695    -66.599   -999.900   -999.900
    -60.000    -69.182    -68.401   -999.900   -999.900     -0.781      0.000    -87.040    -87.130    -71.627    -71.633   -999.900   -999.900
    -65.000    -71.367    -70.164   -999.900   -999.900     -1.203      0.000    -92.040    -92.130    -76.771    -76.890   -999.900   -999.900
    -70.000    -72.382    -70.901   -999.900   -999.900     -1.482      0.000    -97.040    -97.130    -82.354    -82.649   -999.900   -999.900
    -75.000    -72.781    -71.162   -999.900   -999.900     -1.619      0.000   -102.040   -102.130    -91.300    -91.624   -999.900   -999.900
    -80.000    -72.901    -71.242   -999.900   -999.900     -1.659      0.000   -107.040   -107.130    -91.300    -91.624   -999.900   -999.900
    -85.000    -72.983    -71.280   -999.900   -999.900     -1.703      0.000   -112.040   -112.130    -91.300    -91.624   -999.900   -999.900
    -90.000    -72.932    -71.271   -999.900   -999.900     -1.660      0.000   -117.040   -117.130    -91.300    -91.624   -999.900   -999.900
    -95.000    -72.954    -71.275   -999.900   -999.900     -1.678      0.000   -122.040   -122.130    -91.300    -91.624   -999.900   -999.900
   -100.000    -73.001    -71.291   -999.900   -999.900     -1.710      0.000   -127.040   -127.130    -91.300    -91.624   -999.900   -999.900
