      0.000      8.466   -999.900   -999.900   -999.900   1008.366      0.000    -16.220    -16.220      8.466   -999.900   -999.900   -999.900
     -5.000      8.465   -999.900   -999.900   -999.900   1008.365      0.000    -21.220    -21.220      8.465   -999.900   -999.900   -999.900
    -10.000      8.464   -999.900   -999.900   -999.900   1008.364      0.000    -26.220    -26.220      8.464   -999.900   -999.900   -999.900
    -15.000      8.464   -999.900   -999.900   -999.900   1008.364      0.000    -31.220    -31.220      8.464   -999.900   -999.900   -999.900
    -20.000      8.410   -999.900   -999.900   -999.900   1008.310      0.000    -36.220    -36.220      8.410   -999.900   -999.900   -999.900
    -25.000      7.929   -999.900   -999.900   -999.900   1007.829      0.000    -41.220    -41.220      7.929   -999.900   -999.900   -999.900
    -30.000      5.250   -999.900   -999.900   -999.900   1005.150      0.000    -46.220    -46.220      5.250   -999.900   -999.900   -999.900
    -35.000      0.579   -999.900   -999.900   -999.900   1000.479      0.000    -51.220    -51.220      0.579   -999.900   -999.900   -999.900
    -40.000     -4.350   -999.900   -999.900   -999.900    995.550      0.000    -56.220    -56.220     -4.351   -999.900   -999.900   -999.900
    -45.000     -9.327   -999.900   -999.900   -999.900    990.573      0.000    -61.220    -61.220     -9.328   -999.900   -999.900   -999.900
    -50.000    -14.315   -999.900   -999.900   -999.900    985.585      0.000    -66.220    -66.220    -14.316   -999.900   -999.900   -999.900
    -55.000    -19.361   -999.900   -999.900   -999.900    980.539      0.000    -71.220    -71.220    -19.366   -999.900   -999.900   -999.900
    -60.000    -24.357   -999.900   -999.900   -999.900    975.543      0.000    -76.220    -76.220    -24.374   -999.900   -999.900   -999.900
    -65.000    -29.397   -999.900   -999.900   -999.900    970.503      0.000    -81.220    -81.220    -29.452   -999.900   -999.900   -999.900
    -70.000    -34.408   -999.900   -999.900   -999.900    965.492      0.000    -86.220    -86.220    -34.585   -999.900   -999.900   -999.900
    -75.000    -39.214   -999.900   -999.900   -999.900    960.686      0.000    -91.220    -91.220    -39.770   -999.900   -999.900   -999.900
    -80.000    -43.246   -999.900   -999.900   -999.900    956.654      0.000    -96.220    -96.220    -44.824   -999.900   -999.900   -999.900
    -85.000    -46.086   -999.900   -999.900   -999.900    953.814      0.000   -101.220   -101.220    -49.913   -999.900   -999.900   -999.900
    -90.000    -47.532   -999.900   -999.900   -999.900    952.368      0.000   -106.220   -106.220    -54.910   -999.900   -999.900   -999.900
    -95.000    -48.119   -999.900   -999.900   -999.900    951.781      0.000   -111.220   -111.220    -60.008   -999.900   -999.900   -999.900
   -100.000    -48.309   -999.900   -999.900   -999.900    951.591      0.000   -116.220   -116.220    -64.726   -999.900   -999.900   -999.900
   -105.000    -48.403   -999.900   -999.900   -999.900    951.497      0.000   -121.220   -121.220    -76.490   -999.900   -999.900   -999.900
   -110.000    -48.405   -999.900   -999.900   -999.900    951.495      0.000   -126.220   -126.220    -77.963   -999.900   -999.900   -999.900
   -115.000    -48.412   -999.900   -999.900   -999.900    951.488      0.000   -131.220   -131.220    -77.963   -999.900   -999.900   -999.900
   -120.000    -48.419   -999.900   -999.900   -999.900    951.481      0.000   -136.220   -136.220    -77.963   -999.900   -999.900   -999.900
