      0.000      3.717      3.798   -999.900   -999.900     -0.081      0.000    -26.900    -26.210      3.717      3.798   -999.900   -999.900
     -5.000      3.652      3.866   -999.900   -999.900     -0.214      0.000    -31.900    -31.210      3.652      3.866   -999.900   -999.900
    -10.000      3.273      3.870   -999.900   -999.900     -0.597      0.000    -36.900    -36.210      3.273      3.870   -999.900   -999.900
    -15.000      1.950      3.711   -999.900   -999.900     -1.761      0.000    -41.900    -41.210      1.950      3.711   -999.900   -999.900
    -20.000     -1.509      2.998   -999.900   -999.900     -4.507      0.000    -46.900    -46.210     -1.509      2.998   -999.900   -999.900
    -25.000     -5.831      0.948   -999.900   -999.900     -6.779      0.000    -51.900    -51.210     -5.831      0.948   -999.900   -999.900
    -30.000    -10.400     -2.955   -999.900   -999.900     -7.444      0.000    -56.900    -56.210    -10.400     -2.955   -999.900   -999.900
    -35.000    -15.324     -7.570   -999.900   -999.900     -7.755      0.000    -61.900    -61.210    -15.324     -7.570   -999.900   -999.900
    -40.000    -20.265    -12.347   -999.900   -999.900     -7.919      0.000    -66.900    -66.210    -20.266    -12.347   -999.900   -999.900
    -45.000    -25.239    -17.227   -999.900   -999.900     -8.012      0.000    -71.900    -71.210    -25.239    -17.227   -999.900   -999.900
    -50.000    -30.289    -22.230   -999.900   -999.900     -8.059      0.000    -76.900    -76.210    -30.291    -22.231   -999.900   -999.900
    -55.000    -35.378    -27.332   -999.900   -999.900     -8.047      0.000    -81.900    -81.210    -35.383    -27.334   -999.900   -999.900
    -60.000    -40.148    -32.355   -999.900   -999.900     -7.793      0.000    -86.900    -86.210    -40.163    -32.364   -999.900   -999.900
    -65.000    -45.010    -37.554   -999.900   -999.900     -7.456      0.000    -91.900    -91.210    -45.058    -37.583   -999.900   -999.900
    -70.000    -49.878    -42.571   -999.900   -999.900     -7.307      0.000    -96.900    -96.210    -50.027    -42.664   -999.900   -999.900
    -75.000    -54.507    -47.268   -999.900   -999.900     -7.239      0.000   -101.900   -101.210    -54.954    -47.547   -999.900   -999.900
    -80.000    -58.618    -51.633   -999.900   -999.900     -6.985      0.000   -106.900   -106.210    -59.880    -52.443   -999.900   -999.900
    -85.000    -61.766    -55.227   -999.900   -999.900     -6.539      0.000   -111.900   -111.210    -64.960    -57.367   -999.900   -999.900
    -90.000    -63.542    -57.584   -999.900   -999.900     -5.958      0.000   -116.900   -116.210    -70.193    -62.392   -999.900   -999.900
    -95.000    -64.274    -58.732   -999.900   -999.900     -5.542      0.000   -121.900   -121.210    -75.681    -67.660   -999.900   -999.900
   -100.000    -64.587    -59.187   -999.900   -999.900     -5.400      0.000   -126.900   -126.210    -89.733    -74.188   -999.900   -999.900
   -105.000    -64.363    -59.292   -999.900   -999.900     -5.071      0.000   -131.900   -131.210    -77.103    -80.225   -999.900   -999.900
   -110.000    -64.635    -59.386   -999.900   -999.900     -5.249      0.000   -136.900   -136.210    -77.103    -80.225   -999.900   -999.900
   -115.000    -64.644    -59.378   -999.900   -999.900     -5.266      0.000   -141.900   -141.210    -77.103    -80.225   -999.900   -999.900
   -120.000    -64.770    -59.253   -999.900   -999.900     -5.516      0.000   -146.900   -146.210    -77.103    -80.225   -999.900   -999.900
