      0.000      3.568      3.754   -999.900   -999.900     -0.186      0.000    -26.900    -26.210      3.568      3.754   -999.900   -999.900
     -5.000      3.525      3.714   -999.900   -999.900     -0.189      0.000    -31.900    -31.210      3.525      3.714   -999.900   -999.900
    -10.000      3.234      3.443   -999.900   -999.900     -0.208      0.000    -36.900    -36.210      3.234      3.443   -999.900   -999.900
    -15.000      2.161      2.435   -999.900   -999.900     -0.274      0.000    -41.900    -41.210      2.161      2.435   -999.900   -999.900
    -20.000     -0.635     -0.277   -999.900   -999.900     -0.358      0.000    -46.900    -46.210     -0.635     -0.277   -999.900   -999.900
    -25.000     -4.817     -4.449   -999.900   -999.900     -0.369      0.000    -51.900    -51.210     -4.817     -4.449   -999.900   -999.900
    -30.000     -9.483     -9.124   -999.900   -999.900     -0.360      0.000    -56.900    -56.210     -9.484     -9.124   -999.900   -999.900
    -35.000    -14.281    -13.921   -999.900   -999.900     -0.360      0.000    -61.900    -61.210    -14.281    -13.922   -999.900   -999.900
    -40.000    -19.239    -18.885   -999.900   -999.900     -0.354      0.000    -66.900    -66.210    -19.239    -18.886   -999.900   -999.900
    -45.000    -24.279    -23.931   -999.900   -999.900     -0.348      0.000    -71.900    -71.210    -24.279    -23.932   -999.900   -999.900
    -50.000    -29.365    -29.026   -999.900   -999.900     -0.339      0.000    -76.900    -76.210    -29.366    -29.027   -999.900   -999.900
    -55.000    -34.525    -34.140   -999.900   -999.900     -0.385      0.000    -81.900    -81.210    -34.529    -34.144   -999.900   -999.900
    -60.000    -39.339    -39.246   -999.900   -999.900     -0.094      0.000    -86.900    -86.210    -39.352    -39.259   -999.900   -999.900
    -65.000    -44.274    -44.188   -999.900   -999.900     -0.086      0.000    -91.900    -91.210    -44.313    -44.230   -999.900   -999.900
    -70.000    -49.004    -48.927   -999.900   -999.900     -0.078      0.000    -96.900    -96.210    -49.119    -49.052   -999.900   -999.900
    -75.000    -53.570    -53.774   -999.900   -999.900      0.205      0.000   -101.900   -101.210    -53.907    -54.168   -999.900   -999.900
    -80.000    -57.817    -58.077   -999.900   -999.900      0.260      0.000   -106.900   -106.210    -58.779    -59.230   -999.900   -999.900
    -85.000    -61.274    -61.319   -999.900   -999.900      0.045      0.000   -111.900   -111.210    -63.797    -64.260   -999.900   -999.900
    -90.000    -63.333    -63.174   -999.900   -999.900     -0.159      0.000   -116.900   -116.210    -68.679    -69.266   -999.900   -999.900
    -95.000    -64.294    -63.970   -999.900   -999.900     -0.325      0.000   -121.900   -121.210    -73.621    -74.220   -999.900   -999.900
   -100.000    -64.689    -64.261   -999.900   -999.900     -0.428      0.000   -126.900   -126.210    -79.523    -79.258   -999.900   -999.900
   -105.000    -64.828    -64.395   -999.900   -999.900     -0.432      0.000   -131.900   -131.210    -93.534    -93.790   -999.900   -999.900
   -110.000    -64.851    -64.408   -999.900   -999.900     -0.442      0.000   -136.900   -136.210    -93.534    -93.790   -999.900   -999.900
   -115.000    -64.811    -64.396   -999.900   -999.900     -0.415      0.000   -141.900   -141.210    -93.534    -93.790   -999.900   -999.900
   -120.000    -64.845    -64.402   -999.900   -999.900     -0.443      0.000   -146.900   -146.210    -93.534    -93.790   -999.900   -999.900
