      0.000      3.858      3.965   -999.900   -999.900     -0.108      0.000    -26.900    -26.210      3.858      3.965   -999.900   -999.900
     -5.000      3.830      3.947   -999.900   -999.900     -0.117      0.000    -31.900    -31.210      3.830      3.947   -999.900   -999.900
    -10.000      3.602      3.760   -999.900   -999.900     -0.158      0.000    -36.900    -36.210      3.602      3.760   -999.900   -999.900
    -15.000      2.637      2.915   -999.900   -999.900     -0.278      0.000    -41.900    -41.210      2.637      2.915   -999.900   -999.900
    -20.000     -0.076      0.459   -999.900   -999.900     -0.535      0.000    -46.900    -46.210     -0.076      0.459   -999.900   -999.900
    -25.000     -4.213     -3.645   -999.900   -999.900     -0.569      0.000    -51.900    -51.210     -4.213     -3.645   -999.900   -999.900
    -30.000     -8.750     -8.194   -999.900   -999.900     -0.556      0.000    -56.900    -56.210     -8.750     -8.194   -999.900   -999.900
    -35.000    -13.613    -13.057   -999.900   -999.900     -0.555      0.000    -61.900    -61.210    -13.613    -13.057   -999.900   -999.900
    -40.000    -18.550    -17.998   -999.900   -999.900     -0.552      0.000    -66.900    -66.210    -18.551    -17.999   -999.900   -999.900
    -45.000    -23.561    -23.018   -999.900   -999.900     -0.544      0.000    -71.900    -71.210    -23.562    -23.018   -999.900   -999.900
    -50.000    -28.644    -28.105   -999.900   -999.900     -0.539      0.000    -76.900    -76.210    -28.646    -28.107   -999.900   -999.900
    -55.000    -33.792    -33.218   -999.900   -999.900     -0.574      0.000    -81.900    -81.210    -33.797    -33.223   -999.900   -999.900
    -60.000    -38.603    -38.252   -999.900   -999.900     -0.351      0.000    -86.900    -86.210    -38.619    -38.268   -999.900   -999.900
    -65.000    -43.563    -43.290   -999.900   -999.900     -0.273      0.000    -91.900    -91.210    -43.614    -43.342   -999.900   -999.900
    -70.000    -48.325    -48.017   -999.900   -999.900     -0.308      0.000    -96.900    -96.210    -48.478    -48.174   -999.900   -999.900
    -75.000    -52.857    -52.762   -999.900   -999.900     -0.095      0.000   -101.900   -101.210    -53.306    -53.246   -999.900   -999.900
    -80.000    -56.951    -56.909   -999.900   -999.900     -0.042      0.000   -106.900   -106.210    -58.214    -58.301   -999.900   -999.900
    -85.000    -60.041    -59.905   -999.900   -999.900     -0.137      0.000   -111.900   -111.210    -63.177    -63.339   -999.900   -999.900
    -90.000    -61.783    -61.497   -999.900   -999.900     -0.286      0.000   -116.900   -116.210    -68.125    -68.244   -999.900   -999.900
    -95.000    -62.540    -62.173   -999.900   -999.900     -0.367      0.000   -121.900   -121.210    -73.197    -73.211   -999.900   -999.900
   -100.000    -62.810    -62.413   -999.900   -999.900     -0.397      0.000   -126.900   -126.210    -78.470    -78.202   -999.900   -999.900
   -105.000    -62.933    -62.514   -999.900   -999.900     -0.419      0.000   -131.900   -131.210    -78.470    -87.231   -999.900   -999.900
   -110.000    -62.940    -62.535   -999.900   -999.900     -0.405      0.000   -136.900   -136.210    -78.470    -87.231   -999.900   -999.900
   -115.000    -62.920    -62.540   -999.900   -999.900     -0.380      0.000   -141.900   -141.210    -78.470    -87.231   -999.900   -999.900
   -120.000    -62.926    -62.527   -999.900   -999.900     -0.399      0.000   -146.900   -146.210    -78.470    -87.231   -999.900   -999.900
