      0.000      5.748      6.131   -999.900   -999.900     -0.383      0.000    -29.460    -33.160      5.748      6.131   -999.900   -999.900
     -5.000      5.585      5.548   -999.900   -999.900      0.037      0.000    -34.460    -38.160      5.585      5.548   -999.900   -999.900
    -10.000      4.854      4.276   -999.900   -999.900      0.578      0.000    -39.460    -43.160      4.854      4.276   -999.900   -999.900
    -15.000      2.709      1.218   -999.900   -999.900      1.491      0.000    -44.460    -48.160      2.709      1.218   -999.900   -999.900
    -20.000     -1.901     -3.682   -999.900   -999.900      1.781      0.000    -49.460    -53.160     -1.901     -3.682   -999.900   -999.900
    -25.000     -6.778     -8.603   -999.900   -999.900      1.825      0.000    -54.460    -58.160     -6.778     -8.603   -999.900   -999.900
    -30.000    -11.708    -13.557   -999.900   -999.900      1.849      0.000    -59.460    -63.160    -11.708    -13.557   -999.900   -999.900
    -35.000    -16.762    -18.620   -999.900   -999.900      1.858      0.000    -64.460    -68.160    -16.762    -18.620   -999.900   -999.900
    -40.000    -21.803    -23.658   -999.900   -999.900      1.855      0.000    -69.460    -73.160    -21.804    -23.659   -999.900   -999.900
    -45.000    -26.835    -28.702   -999.900   -999.900      1.867      0.000    -74.460    -78.160    -26.837    -28.706   -999.900   -999.900
    -50.000    -31.841    -33.674   -999.900   -999.900      1.833      0.000    -79.460    -83.160    -31.847    -33.688   -999.900   -999.900
    -55.000    -36.752    -38.741   -999.900   -999.900      1.989      0.000    -84.460    -88.160    -36.772    -38.785   -999.900   -999.900
    -60.000    -41.540    -43.727   -999.900   -999.900      2.187      0.000    -89.460    -93.160    -41.600    -43.868   -999.900   -999.900
    -65.000    -46.466    -48.583   -999.900   -999.900      2.117      0.000    -94.460    -98.160    -46.655    -49.031   -999.900   -999.900
    -70.000    -51.094    -52.706   -999.900   -999.900      1.612      0.000    -99.460   -103.160    -51.668    -53.973   -999.900   -999.900
    -75.000    -55.084    -55.798   -999.900   -999.900      0.714      0.000   -104.460   -108.160    -56.698    -58.946   -999.900   -999.900
    -80.000    -57.852    -57.510   -999.900   -999.900     -0.342      0.000   -109.460   -113.160    -61.695    -63.796   -999.900   -999.900
    -85.000    -59.289    -58.288   -999.900   -999.900     -1.001      0.000   -114.460   -118.160    -66.678    -68.986   -999.900   -999.900
    -90.000    -59.874    -58.539   -999.900   -999.900     -1.335      0.000   -119.460   -123.160    -71.776    -73.665   -999.900   -999.900
    -95.000    -60.077    -58.627   -999.900   -999.900     -1.450      0.000   -124.460   -128.160    -77.116    -78.262   -999.900   -999.900
   -100.000    -60.140    -58.669   -999.900   -999.900     -1.471      0.000   -129.460   -133.160    -82.774    -87.650   -999.900   -999.900
   -105.000    -60.174    -58.664   -999.900   -999.900     -1.510      0.000   -134.460   -138.160    -82.774    -84.837   -999.900   -999.900
   -110.000    -60.157    -58.678   -999.900   -999.900     -1.479      0.000   -139.460   -143.160    -82.774    -84.837   -999.900   -999.900
   -115.000    -60.161    -58.681   -999.900   -999.900     -1.480      0.000   -144.460   -148.160    -82.774    -84.837   -999.900   -999.900
   -120.000    -60.163    -58.675   -999.900   -999.900     -1.488      0.000   -149.460   -153.160    -82.774    -84.837   -999.900   -999.900
