      0.000      5.695      6.324   -999.900   -999.900     -0.629      0.000    -29.460    -30.460      5.695      6.324   -999.900   -999.900
     -5.000      5.536      5.901   -999.900   -999.900     -0.365      0.000    -34.460    -35.460      5.536      5.901   -999.900   -999.900
    -10.000      4.815      4.836   -999.900   -999.900     -0.021      0.000    -39.460    -40.460      4.815      4.836   -999.900   -999.900
    -15.000      2.799      2.658   -999.900   -999.900      0.141      0.000    -44.460    -45.460      2.799      2.658   -999.900   -999.900
    -20.000     -1.721     -1.982   -999.900   -999.900      0.261      0.000    -49.460    -50.460     -1.721     -1.982   -999.900   -999.900
    -25.000     -6.625     -6.926   -999.900   -999.900      0.301      0.000    -54.460    -55.460     -6.625     -6.926   -999.900   -999.900
    -30.000    -11.581    -11.893   -999.900   -999.900      0.312      0.000    -59.460    -60.460    -11.582    -11.893   -999.900   -999.900
    -35.000    -16.572    -16.886   -999.900   -999.900      0.315      0.000    -64.460    -65.460    -16.572    -16.887   -999.900   -999.900
    -40.000    -21.577    -21.890   -999.900   -999.900      0.314      0.000    -69.460    -70.460    -21.577    -21.891   -999.900   -999.900
    -45.000    -26.600    -26.905   -999.900   -999.900      0.305      0.000    -74.460    -75.460    -26.602    -26.908   -999.900   -999.900
    -50.000    -31.649    -31.921   -999.900   -999.900      0.271      0.000    -79.460    -80.460    -31.657    -31.930   -999.900   -999.900
    -55.000    -36.733    -36.859   -999.900   -999.900      0.126      0.000    -84.460    -85.460    -36.758    -36.888   -999.900   -999.900
    -60.000    -41.465    -41.730   -999.900   -999.900      0.266      0.000    -89.460    -90.460    -41.539    -41.821   -999.900   -999.900
    -65.000    -46.322    -46.488   -999.900   -999.900      0.167      0.000    -94.460    -95.460    -46.555    -46.766   -999.900   -999.900
    -70.000    -50.845    -50.949   -999.900   -999.900      0.105      0.000    -99.460   -100.460    -51.542    -51.773   -999.900   -999.900
    -75.000    -54.640    -54.592   -999.900   -999.900     -0.048      0.000   -104.460   -105.460    -56.547    -56.810   -999.900   -999.900
    -80.000    -57.161    -56.891   -999.900   -999.900     -0.270      0.000   -109.460   -110.460    -61.537    -61.824   -999.900   -999.900
    -85.000    -58.401    -57.974   -999.900   -999.900     -0.427      0.000   -114.460   -115.460    -66.495    -66.871   -999.900   -999.900
    -90.000    -58.897    -58.376   -999.900   -999.900     -0.521      0.000   -119.460   -120.460    -71.651    -71.889   -999.900   -999.900
    -95.000    -59.061    -58.501   -999.900   -999.900     -0.560      0.000   -124.460   -125.460    -76.914    -76.326   -999.900   -999.900
   -100.000    -59.115    -58.551   -999.900   -999.900     -0.564      0.000   -129.460   -130.460    -82.840    -81.482   -999.900   -999.900
   -105.000    -59.134    -58.579   -999.900   -999.900     -0.555      0.000   -134.460   -135.460    -82.840    -81.482   -999.900   -999.900
   -110.000    -59.123    -58.572   -999.900   -999.900     -0.551      0.000   -139.460   -140.460    -82.840    -81.482   -999.900   -999.900
   -115.000    -59.137    -58.567   -999.900   -999.900     -0.569      0.000   -144.460   -145.460    -82.840    -81.482   -999.900   -999.900
   -120.000    -59.140    -58.576   -999.900   -999.900     -0.564      0.000   -149.460   -150.460    -82.840    -81.482   -999.900   -999.900
