      0.000      3.917      3.999   -999.900   -999.900     -0.082      0.000    -26.900    -26.210      3.917      3.999   -999.900   -999.900
     -5.000      3.899      3.992   -999.900   -999.900     -0.093      0.000    -31.900    -31.210      3.899      3.992   -999.900   -999.900
    -10.000      3.701      3.839   -999.900   -999.900     -0.138      0.000    -36.900    -36.210      3.701      3.839   -999.900   -999.900
    -15.000      2.806      3.090   -999.900   -999.900     -0.284      0.000    -41.900    -41.210      2.806      3.090   -999.900   -999.900
    -20.000      0.220      0.860   -999.900   -999.900     -0.641      0.000    -46.900    -46.210      0.220      0.860   -999.900   -999.900
    -25.000     -3.886     -3.189   -999.900   -999.900     -0.697      0.000    -51.900    -51.210     -3.886     -3.189   -999.900   -999.900
    -30.000     -8.359     -7.670   -999.900   -999.900     -0.689      0.000    -56.900    -56.210     -8.359     -7.670   -999.900   -999.900
    -35.000    -13.237    -12.549   -999.900   -999.900     -0.688      0.000    -61.900    -61.210    -13.237    -12.549   -999.900   -999.900
    -40.000    -18.169    -17.480   -999.900   -999.900     -0.689      0.000    -66.900    -66.210    -18.170    -17.481   -999.900   -999.900
    -45.000    -23.161    -22.477   -999.900   -999.900     -0.683      0.000    -71.900    -71.210    -23.162    -22.479   -999.900   -999.900
    -50.000    -28.245    -27.565   -999.900   -999.900     -0.680      0.000    -76.900    -76.210    -28.251    -27.571   -999.900   -999.900
    -55.000    -33.382    -32.677   -999.900   -999.900     -0.705      0.000    -81.900    -81.210    -33.403    -32.697   -999.900   -999.900
    -60.000    -38.167    -37.657   -999.900   -999.900     -0.509      0.000    -86.900    -86.210    -38.229    -37.721   -999.900   -999.900
    -65.000    -43.054    -42.608   -999.900   -999.900     -0.447      0.000    -91.900    -91.210    -43.250    -42.809   -999.900   -999.900
    -70.000    -47.571    -47.066   -999.900   -999.900     -0.505      0.000    -96.900    -96.210    -48.147    -47.653   -999.900   -999.900
    -75.000    -51.442    -51.064   -999.900   -999.900     -0.378      0.000   -101.900   -101.210    -53.011    -52.724   -999.900   -999.900
    -80.000    -54.218    -53.816   -999.900   -999.900     -0.402      0.000   -106.900   -106.210    -57.928    -57.778   -999.900   -999.900
    -85.000    -55.705    -55.229   -999.900   -999.900     -0.476      0.000   -111.900   -111.210    -62.895    -62.887   -999.900   -999.900
    -90.000    -56.301    -55.763   -999.900   -999.900     -0.539      0.000   -116.900   -116.210    -67.732    -67.767   -999.900   -999.900
    -95.000    -56.523    -55.953   -999.900   -999.900     -0.569      0.000   -121.900   -121.210    -72.838    -72.733   -999.900   -999.900
   -100.000    -56.591    -56.023   -999.900   -999.900     -0.568      0.000   -126.900   -126.210    -77.595    -78.898   -999.900   -999.900
   -105.000    -56.640    -56.041   -999.900   -999.900     -0.599      0.000   -131.900   -131.210    -77.595    -86.171   -999.900   -999.900
   -110.000    -56.619    -56.046   -999.900   -999.900     -0.573      0.000   -136.900   -136.210    -77.595    -86.171   -999.900   -999.900
   -115.000    -56.615    -56.044   -999.900   -999.900     -0.571      0.000   -141.900   -141.210    -77.595    -86.171   -999.900   -999.900
   -120.000    -56.628    -56.051   -999.900   -999.900     -0.578      0.000   -146.900   -146.210    -77.595    -86.171   -999.900   -999.900
