      0.000      3.637      3.833   -999.900   -999.900     -0.196      0.000    -26.900    -26.210      3.637      3.833   -999.900   -999.900
     -5.000      3.617      3.825   -999.900   -999.900     -0.208      0.000    -31.900    -31.210      3.617      3.825   -999.900   -999.900
    -10.000      3.414      3.647   -999.900   -999.900     -0.233      0.000    -36.900    -36.210      3.414      3.647   -999.900   -999.900
    -15.000      2.551      2.842   -999.900   -999.900     -0.291      0.000    -41.900    -41.210      2.551      2.842   -999.900   -999.900
    -20.000      0.091      0.592   -999.900   -999.900     -0.500      0.000    -46.900    -46.210      0.091      0.592   -999.900   -999.900
    -25.000     -4.027     -3.439   -999.900   -999.900     -0.588      0.000    -51.900    -51.210     -4.027     -3.439   -999.900   -999.900
    -30.000     -8.590     -7.961   -999.900   -999.900     -0.629      0.000    -56.900    -56.210     -8.590     -7.961   -999.900   -999.900
    -35.000    -13.406    -12.745   -999.900   -999.900     -0.661      0.000    -61.900    -61.210    -13.407    -12.746   -999.900   -999.900
    -40.000    -18.351    -17.674   -999.900   -999.900     -0.677      0.000    -66.900    -66.210    -18.351    -17.674   -999.900   -999.900
    -45.000    -23.369    -22.694   -999.900   -999.900     -0.676      0.000    -71.900    -71.210    -23.371    -22.695   -999.900   -999.900
    -50.000    -28.483    -27.783   -999.900   -999.900     -0.700      0.000    -76.900    -76.210    -28.488    -27.789   -999.900   -999.900
    -55.000    -33.554    -32.940   -999.900   -999.900     -0.615      0.000    -81.900    -81.210    -33.572    -32.958   -999.900   -999.900
    -60.000    -38.472    -37.927   -999.900   -999.900     -0.544      0.000    -86.900    -86.210    -38.526    -37.984   -999.900   -999.900
    -65.000    -43.133    -43.022   -999.900   -999.900     -0.110      0.000    -91.900    -91.210    -43.293    -43.207   -999.900   -999.900
    -70.000    -47.823    -47.778   -999.900   -999.900     -0.045      0.000    -96.900    -96.210    -48.314    -48.355   -999.900   -999.900
    -75.000    -52.038    -51.756   -999.900   -999.900     -0.282      0.000   -101.900   -101.210    -53.476    -53.370   -999.900   -999.900
    -80.000    -55.007    -54.510   -999.900   -999.900     -0.497      0.000   -106.900   -106.210    -58.554    -58.334   -999.900   -999.900
    -85.000    -56.581    -55.955   -999.900   -999.900     -0.625      0.000   -111.900   -111.210    -63.614    -63.323   -999.900   -999.900
    -90.000    -57.221    -56.548   -999.900   -999.900     -0.672      0.000   -116.900   -116.210    -68.730    -68.497   -999.900   -999.900
    -95.000    -57.427    -56.739   -999.900   -999.900     -0.688      0.000   -121.900   -121.210    -73.390    -73.364   -999.900   -999.900
   -100.000    -57.508    -56.799   -999.900   -999.900     -0.709      0.000   -126.900   -126.210    -79.081    -77.665   -999.900   -999.900
   -105.000    -57.549    -56.835   -999.900   -999.900     -0.713      0.000   -131.900   -131.210    -79.081    -77.665   -999.900   -999.900
   -110.000    -57.545    -56.828   -999.900   -999.900     -0.716      0.000   -136.900   -136.210    -79.081    -77.665   -999.900   -999.900
   -115.000    -57.532    -56.830   -999.900   -999.900     -0.703      0.000   -141.900   -141.210    -79.081    -77.665   -999.900   -999.900
   -120.000    -57.529    -56.846   -999.900   -999.900     -0.683      0.000   -146.900   -146.210    -79.081    -77.665   -999.900   -999.900
