      0.000      3.569      3.755   -999.900   -999.900     -0.186      0.000    -26.900    -26.210      3.569      3.755   -999.900   -999.900
     -5.000      3.526      3.715   -999.900   -999.900     -0.188      0.000    -31.900    -31.210      3.526      3.715   -999.900   -999.900
    -10.000      3.237      3.443   -999.900   -999.900     -0.206      0.000    -36.900    -36.210      3.237      3.443   -999.900   -999.900
    -15.000      2.164      2.434   -999.900   -999.900     -0.270      0.000    -41.900    -41.210      2.164      2.434   -999.900   -999.900
    -20.000     -0.629     -0.282   -999.900   -999.900     -0.348      0.000    -46.900    -46.210     -0.629     -0.282   -999.900   -999.900
    -25.000     -4.814     -4.457   -999.900   -999.900     -0.357      0.000    -51.900    -51.210     -4.814     -4.457   -999.900   -999.900
    -30.000     -9.476     -9.129   -999.900   -999.900     -0.346      0.000    -56.900    -56.210     -9.476     -9.129   -999.900   -999.900
    -35.000    -14.274    -13.928   -999.900   -999.900     -0.346      0.000    -61.900    -61.210    -14.274    -13.928   -999.900   -999.900
    -40.000    -19.231    -18.891   -999.900   -999.900     -0.340      0.000    -66.900    -66.210    -19.232    -18.892   -999.900   -999.900
    -45.000    -24.269    -23.935   -999.900   -999.900     -0.333      0.000    -71.900    -71.210    -24.270    -23.937   -999.900   -999.900
    -50.000    -29.354    -29.028   -999.900   -999.900     -0.325      0.000    -76.900    -76.210    -29.359    -29.034   -999.900   -999.900
    -55.000    -34.506    -34.136   -999.900   -999.900     -0.370      0.000    -81.900    -81.210    -34.522    -34.153   -999.900   -999.900
    -60.000    -39.299    -39.208   -999.900   -999.900     -0.091      0.000    -86.900    -86.210    -39.348    -39.263   -999.900   -999.900
    -65.000    -44.169    -44.066   -999.900   -999.900     -0.103      0.000    -91.900    -91.210    -44.321    -44.237   -999.900   -999.900
    -70.000    -48.713    -48.567   -999.900   -999.900     -0.146      0.000    -96.900    -96.210    -49.160    -49.067   -999.900   -999.900
    -75.000    -52.742    -52.736   -999.900   -999.900     -0.006      0.000   -101.900   -101.210    -53.976    -54.189   -999.900   -999.900
    -80.000    -55.829    -55.687   -999.900   -999.900     -0.142      0.000   -106.900   -106.210    -58.872    -59.264   -999.900   -999.900
    -85.000    -57.615    -57.237   -999.900   -999.900     -0.379      0.000   -111.900   -111.210    -63.811    -64.264   -999.900   -999.900
    -90.000    -58.395    -57.865   -999.900   -999.900     -0.529      0.000   -116.900   -116.210    -68.819    -69.212   -999.900   -999.900
    -95.000    -58.642    -58.080   -999.900   -999.900     -0.562      0.000   -121.900   -121.210    -72.912    -73.874   -999.900   -999.900
   -100.000    -58.766    -58.151   -999.900   -999.900     -0.615      0.000   -126.900   -126.210    -78.987    -78.020   -999.900   -999.900
   -105.000    -58.807    -58.207   -999.900   -999.900     -0.600      0.000   -131.900   -131.210    -97.940    -78.020   -999.900   -999.900
   -110.000    -58.808    -58.192   -999.900   -999.900     -0.616      0.000   -136.900   -136.210    -97.940    -78.020   -999.900   -999.900
   -115.000    -58.825    -58.203   -999.900   -999.900     -0.622      0.000   -141.900   -141.210    -97.940    -78.020   -999.900   -999.900
   -120.000    -58.791    -58.183   -999.900   -999.900     -0.608      0.000   -146.900   -146.210    -97.940    -78.020   -999.900   -999.900
