      0.000      3.603      3.776   -999.900   -999.900     -0.173      0.000    -26.900    -26.210      3.603      3.776   -999.900   -999.900
     -5.000      3.562      3.743   -999.900   -999.900     -0.181      0.000    -31.900    -31.210      3.562      3.743   -999.900   -999.900
    -10.000      3.282      3.501   -999.900   -999.900     -0.220      0.000    -36.900    -36.210      3.282      3.501   -999.900   -999.900
    -15.000      2.219      2.547   -999.900   -999.900     -0.328      0.000    -41.900    -41.210      2.219      2.547   -999.900   -999.900
    -20.000     -0.594     -0.072   -999.900   -999.900     -0.522      0.000    -46.900    -46.210     -0.594     -0.072   -999.900   -999.900
    -25.000     -4.766     -4.207   -999.900   -999.900     -0.559      0.000    -51.900    -51.210     -4.766     -4.207   -999.900   -999.900
    -30.000     -9.413     -8.852   -999.900   -999.900     -0.561      0.000    -56.900    -56.210     -9.413     -8.852   -999.900   -999.900
    -35.000    -14.238    -13.670   -999.900   -999.900     -0.568      0.000    -61.900    -61.210    -14.238    -13.670   -999.900   -999.900
    -40.000    -19.196    -18.628   -999.900   -999.900     -0.568      0.000    -66.900    -66.210    -19.197    -18.629   -999.900   -999.900
    -45.000    -24.234    -23.671   -999.900   -999.900     -0.563      0.000    -71.900    -71.210    -24.235    -23.672   -999.900   -999.900
    -50.000    -29.307    -28.748   -999.900   -999.900     -0.559      0.000    -76.900    -76.210    -29.312    -28.754   -999.900   -999.900
    -55.000    -34.466    -33.858   -999.900   -999.900     -0.608      0.000    -81.900    -81.210    -34.483    -33.875   -999.900   -999.900
    -60.000    -39.252    -38.906   -999.900   -999.900     -0.346      0.000    -86.900    -86.210    -39.302    -38.960   -999.900   -999.900
    -65.000    -44.143    -43.756   -999.900   -999.900     -0.387      0.000    -91.900    -91.210    -44.299    -43.923   -999.900   -999.900
    -70.000    -48.675    -48.286   -999.900   -999.900     -0.389      0.000    -96.900    -96.210    -49.133    -48.775   -999.900   -999.900
    -75.000    -52.666    -52.480   -999.900   -999.900     -0.186      0.000   -101.900   -101.210    -53.921    -53.907   -999.900   -999.900
    -80.000    -55.714    -55.457   -999.900   -999.900     -0.256      0.000   -106.900   -106.210    -58.780    -58.984   -999.900   -999.900
    -85.000    -57.485    -57.022   -999.900   -999.900     -0.463      0.000   -111.900   -111.210    -63.711    -63.951   -999.900   -999.900
    -90.000    -58.260    -57.681   -999.900   -999.900     -0.579      0.000   -116.900   -116.210    -68.728    -69.100   -999.900   -999.900
    -95.000    -58.523    -57.902   -999.900   -999.900     -0.621      0.000   -121.900   -121.210    -73.346    -74.166   -999.900   -999.900
   -100.000    -58.636    -57.974   -999.900   -999.900     -0.663      0.000   -126.900   -126.210    -79.976    -79.230   -999.900   -999.900
   -105.000    -58.675    -58.009   -999.900   -999.900     -0.665      0.000   -131.900   -131.210    -79.976    -79.230   -999.900   -999.900
   -110.000    -58.679    -58.011   -999.900   -999.900     -0.668      0.000   -136.900   -136.210    -79.976    -79.230   -999.900   -999.900
   -115.000    -58.667    -58.001   -999.900   -999.900     -0.666      0.000   -141.900   -141.210    -79.976    -79.230   -999.900   -999.900
   -120.000    -58.653    -58.004   -999.900   -999.900     -0.649      0.000   -146.900   -146.210    -79.976    -79.230   -999.900   -999.900
