      0.000      3.802      3.714   -999.900   -999.900      0.088      0.000    -27.380    -27.440      3.802      3.714   -999.900   -999.900
     -5.000      3.813      3.729   -999.900   -999.900      0.084      0.000    -32.380    -32.440      3.813      3.729   -999.900   -999.900
    -10.000      3.705      3.633   -999.900   -999.900      0.072      0.000    -37.380    -37.440      3.705      3.633   -999.900   -999.900
    -15.000      3.160      3.124   -999.900   -999.900      0.036      0.000    -42.380    -42.440      3.160      3.124   -999.900   -999.900
    -20.000      1.513      1.541   -999.900   -999.900     -0.028      0.000    -47.380    -47.440      1.513      1.541   -999.900   -999.900
    -25.000     -2.188     -2.126   -999.900   -999.900     -0.062      0.000    -52.380    -52.440     -2.188     -2.126   -999.900   -999.900
    -30.000     -6.668     -6.599   -999.900   -999.900     -0.069      0.000    -57.380    -57.440     -6.668     -6.599   -999.900   -999.900
    -35.000    -11.425    -11.347   -999.900   -999.900     -0.078      0.000    -62.380    -62.440    -11.425    -11.347   -999.900   -999.900
    -40.000    -16.345    -16.259   -999.900   -999.900     -0.086      0.000    -67.380    -67.440    -16.345    -16.259   -999.900   -999.900
    -45.000    -21.364    -21.268   -999.900   -999.900     -0.096      0.000    -72.380    -72.440    -21.364    -21.268   -999.900   -999.900
    -50.000    -26.396    -26.267   -999.900   -999.900     -0.129      0.000    -77.380    -77.440    -26.397    -26.269   -999.900   -999.900
    -55.000    -31.613    -31.387   -999.900   -999.900     -0.226      0.000    -82.380    -82.440    -31.617    -31.392   -999.900   -999.900
    -60.000    -36.838    -36.323   -999.900   -999.900     -0.514      0.000    -87.380    -87.440    -36.850    -36.338   -999.900   -999.900
    -65.000    -42.285    -41.154   -999.900   -999.900     -1.131      0.000    -92.380    -92.440    -42.330    -41.201   -999.900   -999.900
    -70.000    -47.350    -46.166   -999.900   -999.900     -1.184      0.000    -97.380    -97.440    -47.497    -46.313   -999.900   -999.900
    -75.000    -51.937    -50.969   -999.900   -999.900     -0.969      0.000   -102.380   -102.440    -52.374    -51.431   -999.900   -999.900
    -80.000    -55.977    -55.101   -999.900   -999.900     -0.876      0.000   -107.380   -107.440    -57.183    -56.418   -999.900   -999.900
    -85.000    -59.120    -58.167   -999.900   -999.900     -0.953      0.000   -112.380   -112.440    -62.132    -61.446   -999.900   -999.900
    -90.000    -60.898    -59.843   -999.900   -999.900     -1.055      0.000   -117.380   -117.440    -66.977    -66.409   -999.900   -999.900
    -95.000    -61.699    -60.556   -999.900   -999.900     -1.143      0.000   -122.380   -122.440    -71.963    -71.449   -999.900   -999.900
   -100.000    -61.982    -60.799   -999.900   -999.900     -1.183      0.000   -127.380   -127.440    -76.787    -76.256   -999.900   -999.900
   -105.000    -62.121    -60.928   -999.900   -999.900     -1.193      0.000   -132.380   -132.440    -90.091    -76.256   -999.900   -999.900
   -110.000    -62.123    -60.936   -999.900   -999.900     -1.187      0.000   -137.380   -137.440    -91.607    -76.256   -999.900   -999.900
   -115.000    -62.131    -60.908   -999.900   -999.900     -1.222      0.000   -142.380   -142.440    -91.607    -76.256   -999.900   -999.900
   -120.000    -62.137    -60.926   -999.900   -999.900     -1.211      0.000   -147.380   -147.440    -91.607    -76.256   -999.900   -999.900
