      0.000      3.249      3.681   -999.900   -999.900     -0.431      0.000    -27.380    -27.440      3.249      3.681   -999.900   -999.900
     -5.000      3.259      3.670   -999.900   -999.900     -0.410      0.000    -32.380    -32.440      3.259      3.670   -999.900   -999.900
    -10.000      3.139      3.501   -999.900   -999.900     -0.362      0.000    -37.380    -37.440      3.139      3.501   -999.900   -999.900
    -15.000      2.544      2.734   -999.900   -999.900     -0.190      0.000    -42.380    -42.440      2.544      2.734   -999.900   -999.900
    -20.000      0.846      0.474   -999.900   -999.900      0.372      0.000    -47.380    -47.440      0.846      0.474   -999.900   -999.900
    -25.000     -2.877     -3.507   -999.900   -999.900      0.630      0.000    -52.380    -52.440     -2.877     -3.507   -999.900   -999.900
    -30.000     -7.376     -8.110   -999.900   -999.900      0.734      0.000    -57.380    -57.440     -7.376     -8.110   -999.900   -999.900
    -35.000    -12.099    -12.880   -999.900   -999.900      0.782      0.000    -62.380    -62.440    -12.099    -12.880   -999.900   -999.900
    -40.000    -17.015    -17.807   -999.900   -999.900      0.792      0.000    -67.380    -67.440    -17.015    -17.808   -999.900   -999.900
    -45.000    -22.029    -22.814   -999.900   -999.900      0.785      0.000    -72.380    -72.440    -22.029    -22.815   -999.900   -999.900
    -50.000    -27.040    -27.780   -999.900   -999.900      0.740      0.000    -77.380    -77.440    -27.041    -27.782   -999.900   -999.900
    -55.000    -32.233    -32.799   -999.900   -999.900      0.567      0.000    -82.380    -82.440    -32.237    -32.805   -999.900   -999.900
    -60.000    -37.291    -37.783   -999.900   -999.900      0.493      0.000    -87.380    -87.440    -37.304    -37.801   -999.900   -999.900
    -65.000    -42.433    -43.088   -999.900   -999.900      0.655      0.000    -92.380    -92.440    -42.478    -43.148   -999.900   -999.900
    -70.000    -47.698    -48.311   -999.900   -999.900      0.613      0.000    -97.380    -97.440    -47.851    -48.514   -999.900   -999.900
    -75.000    -52.644    -53.031   -999.900   -999.900      0.386      0.000   -102.380   -102.440    -53.142    -53.664   -999.900   -999.900
    -80.000    -56.763    -56.877   -999.900   -999.900      0.115      0.000   -107.380   -107.440    -58.187    -58.611   -999.900   -999.900
    -85.000    -59.717    -59.556   -999.900   -999.900     -0.162      0.000   -112.380   -112.440    -63.205    -63.642   -999.900   -999.900
    -90.000    -61.317    -60.917   -999.900   -999.900     -0.400      0.000   -117.380   -117.440    -68.263    -68.725   -999.900   -999.900
    -95.000    -61.918    -61.442   -999.900   -999.900     -0.477      0.000   -122.380   -122.440    -72.694    -73.759   -999.900   -999.900
   -100.000    -62.174    -61.612   -999.900   -999.900     -0.562      0.000   -127.380   -127.440    -77.692    -78.376   -999.900   -999.900
   -105.000    -62.306    -61.696   -999.900   -999.900     -0.610      0.000   -132.380   -132.440    -77.692    -88.976   -999.900   -999.900
   -110.000    -62.281    -61.700   -999.900   -999.900     -0.581      0.000   -137.380   -137.440    -77.692    -92.028   -999.900   -999.900
   -115.000    -62.312    -61.713   -999.900   -999.900     -0.599      0.000   -142.380   -142.440    -77.692    -92.028   -999.900   -999.900
   -120.000    -62.292    -61.707   -999.900   -999.900     -0.585      0.000   -147.380   -147.440    -77.692    -92.028   -999.900   -999.900
