      0.000      8.458   -999.900   -999.900   -999.900   1008.358      0.000    -15.970    -15.970      8.458   -999.900   -999.900   -999.900
     -5.000      8.456   -999.900   -999.900   -999.900   1008.356      0.000    -20.970    -20.970      8.456   -999.900   -999.900   -999.900
    -10.000      8.454   -999.900   -999.900   -999.900   1008.354      0.000    -25.970    -25.970      8.454   -999.900   -999.900   -999.900
    -15.000      8.445   -999.900   -999.900   -999.900   1008.345      0.000    -30.970    -30.970      8.445   -999.900   -999.900   -999.900
    -20.000      8.339   -999.900   -999.900   -999.900   1008.239      0.000    -35.970    -35.970      8.339   -999.900   -999.900   -999.900
    -25.000      7.575   -999.900   -999.900   -999.900   1007.475      0.000    -40.970    -40.970      7.575   -999.900   -999.900   -999.900
    -30.000      4.057   -999.900   -999.900   -999.900   1003.957      0.000    -45.970    -45.970      4.057   -999.900   -999.900   -999.900
    -35.000     -0.720   -999.900   -999.900   -999.900    999.180      0.000    -50.970    -50.970     -0.720   -999.900   -999.900   -999.900
    -40.000     -5.659   -999.900   -999.900   -999.900    994.241      0.000    -55.970    -55.970     -5.660   -999.900   -999.900   -999.900
    -45.000    -10.643   -999.900   -999.900   -999.900    989.257      0.000    -60.970    -60.970    -10.644   -999.900   -999.900   -999.900
    -50.000    -15.629   -999.900   -999.900   -999.900    984.271      0.000    -65.970    -65.970    -15.631   -999.900   -999.900   -999.900
    -55.000    -20.656   -999.900   -999.900   -999.900    979.244      0.000    -70.970    -70.970    -20.661   -999.900   -999.900   -999.900
    -60.000    -25.631   -999.900   -999.900   -999.900    974.269      0.000    -75.970    -75.970    -25.648   -999.900   -999.900   -999.900
    -65.000    -30.639   -999.900   -999.900   -999.900    969.261      0.000    -80.970    -80.970    -30.692   -999.900   -999.900   -999.900
    -70.000    -35.512   -999.900   -999.900   -999.900    964.388      0.000    -85.970    -85.970    -35.677   -999.900   -999.900   -999.900
    -75.000    -40.147   -999.900   -999.900   -999.900    959.753      0.000    -90.970    -90.970    -40.645   -999.900   -999.900   -999.900
    -80.000    -44.193   -999.900   -999.900   -999.900    955.707      0.000    -95.970    -95.970    -45.591   -999.900   -999.900   -999.900
    -85.000    -47.162   -999.900   -999.900   -999.900    952.738      0.000   -100.970   -100.970    -50.585   -999.900   -999.900   -999.900
    -90.000    -48.781   -999.900   -999.900   -999.900    951.119      0.000   -105.970   -105.970    -55.595   -999.900   -999.900   -999.900
    -95.000    -49.453   -999.900   -999.900   -999.900    950.447      0.000   -110.970   -110.970    -60.648   -999.900   -999.900   -999.900
   -100.000    -49.688   -999.900   -999.900   -999.900    950.212      0.000   -115.970   -115.970    -65.804   -999.900   -999.900   -999.900
   -105.000    -49.802   -999.900   -999.900   -999.900    950.098      0.000   -120.970   -120.970    -65.804   -999.900   -999.900   -999.900
   -110.000    -49.806   -999.900   -999.900   -999.900    950.094      0.000   -125.970   -125.970    -65.804   -999.900   -999.900   -999.900
   -115.000    -49.788   -999.900   -999.900   -999.900    950.112      0.000   -130.970   -130.970    -65.804   -999.900   -999.900   -999.900
   -120.000    -49.786   -999.900   -999.900   -999.900    950.114      0.000   -135.970   -135.970    -65.804   -999.900   -999.900   -999.900
