      0.000      5.797      6.433   -999.900   -999.900     -0.636      0.000    -27.040    -27.130      5.797      6.433   -999.900   -999.900
     -5.000      5.820      6.450   -999.900   -999.900     -0.629      0.000    -32.040    -32.130      5.820      6.450   -999.900   -999.900
    -10.000      5.726      6.340   -999.900   -999.900     -0.614      0.000    -37.040    -37.130      5.726      6.340   -999.900   -999.900
    -15.000      5.196      5.820   -999.900   -999.900     -0.624      0.000    -42.040    -42.130      5.196      5.820   -999.900   -999.900
    -20.000      3.873      4.522   -999.900   -999.900     -0.649      0.000    -47.040    -47.130      3.873      4.522   -999.900   -999.900
    -25.000      0.846      1.486   -999.900   -999.900     -0.640      0.000    -52.040    -52.130      0.846      1.486   -999.900   -999.900
    -30.000     -4.055     -3.389   -999.900   -999.900     -0.667      0.000    -57.040    -57.130     -4.056     -3.389   -999.900   -999.900
    -35.000     -9.027     -8.343   -999.900   -999.900     -0.684      0.000    -62.040    -62.130     -9.027     -8.343   -999.900   -999.900
    -40.000    -14.035    -13.341   -999.900   -999.900     -0.694      0.000    -67.040    -67.130    -14.036    -13.341   -999.900   -999.900
    -45.000    -19.030    -18.337   -999.900   -999.900     -0.692      0.000    -72.040    -72.130    -19.031    -18.339   -999.900   -999.900
    -50.000    -24.035    -23.358   -999.900   -999.900     -0.676      0.000    -77.040    -77.130    -24.039    -23.363   -999.900   -999.900
    -55.000    -29.058    -28.394   -999.900   -999.900     -0.665      0.000    -82.040    -82.130    -29.073    -28.408   -999.900   -999.900
    -60.000    -34.049    -33.433   -999.900   -999.900     -0.615      0.000    -87.040    -87.130    -34.094    -33.479   -999.900   -999.900
    -65.000    -39.030    -38.462   -999.900   -999.900     -0.568      0.000    -92.040    -92.130    -39.175    -38.609   -999.900   -999.900
    -70.000    -43.762    -43.244   -999.900   -999.900     -0.518      0.000    -97.040    -97.130    -44.207    -43.703   -999.900   -999.900
    -75.000    -47.926    -47.416   -999.900   -999.900     -0.510      0.000   -102.040   -102.130    -49.196    -48.736   -999.900   -999.900
    -80.000    -51.020    -50.448   -999.900   -999.900     -0.572      0.000   -107.040   -107.130    -54.183    -53.700   -999.900   -999.900
    -85.000    -52.759    -52.130   -999.900   -999.900     -0.629      0.000   -112.040   -112.130    -59.180    -58.635   -999.900   -999.900
    -90.000    -53.487    -52.860   -999.900   -999.900     -0.627      0.000   -117.040   -117.130    -64.090    -63.741   -999.900   -999.900
    -95.000    -53.758    -53.101   -999.900   -999.900     -0.657      0.000   -122.040   -122.130    -69.250    -68.442   -999.900   -999.900
   -100.000    -53.845    -53.190   -999.900   -999.900     -0.656      0.000   -127.040   -127.130    -74.504    -73.543   -999.900   -999.900
   -105.000    -53.884    -53.234   -999.900   -999.900     -0.650      0.000   -132.040   -132.130    -74.504    -73.543   -999.900   -999.900
   -110.000    -53.881    -53.223   -999.900   -999.900     -0.659      0.000   -137.040   -137.130    -74.504    -73.543   -999.900   -999.900
   -115.000    -53.886    -53.221   -999.900   -999.900     -0.664      0.000   -142.040   -142.130    -74.504    -73.543   -999.900   -999.900
   -120.000    -53.879    -53.241   -999.900   -999.900     -0.638      0.000   -147.040   -147.130    -74.504    -73.543   -999.900   -999.900
