      0.000      6.014      6.431   -999.900   -999.900     -0.417      0.000    -26.420    -26.440      6.014      6.431   -999.900   -999.900
     -5.000      5.963      6.430   -999.900   -999.900     -0.467      0.000    -31.420    -31.440      5.963      6.430   -999.900   -999.900
    -10.000      5.609      6.224   -999.900   -999.900     -0.615      0.000    -36.420    -36.440      5.609      6.224   -999.900   -999.900
    -15.000      4.408      5.541   -999.900   -999.900     -1.133      0.000    -41.420    -41.440      4.408      5.541   -999.900   -999.900
    -20.000      1.206      4.137   -999.900   -999.900     -2.931      0.000    -46.420    -46.440      1.206      4.137   -999.900   -999.900
    -25.000     -3.585      0.817   -999.900   -999.900     -4.402      0.000    -51.420    -51.440     -3.585      0.817   -999.900   -999.900
    -30.000     -8.553     -4.080   -999.900   -999.900     -4.473      0.000    -56.420    -56.440     -8.553     -4.080   -999.900   -999.900
    -35.000    -13.549     -9.043   -999.900   -999.900     -4.506      0.000    -61.420    -61.440    -13.549     -9.043   -999.900   -999.900
    -40.000    -18.576    -14.061   -999.900   -999.900     -4.515      0.000    -66.420    -66.440    -18.576    -14.061   -999.900   -999.900
    -45.000    -23.630    -19.092   -999.900   -999.900     -4.537      0.000    -71.420    -71.440    -23.631    -19.094   -999.900   -999.900
    -50.000    -28.652    -24.116   -999.900   -999.900     -4.535      0.000    -76.420    -76.440    -28.656    -24.120   -999.900   -999.900
    -55.000    -33.702    -29.191   -999.900   -999.900     -4.511      0.000    -81.420    -81.440    -33.716    -29.204   -999.900   -999.900
    -60.000    -38.460    -34.157   -999.900   -999.900     -4.303      0.000    -86.420    -86.440    -38.502    -34.196   -999.900   -999.900
    -65.000    -43.322    -39.116   -999.900   -999.900     -4.206      0.000    -91.420    -91.440    -43.449    -39.238   -999.900   -999.900
    -70.000    -48.085    -43.951   -999.900   -999.900     -4.134      0.000    -96.420    -96.440    -48.478    -44.333   -999.900   -999.900
    -75.000    -52.370    -48.286   -999.900   -999.900     -4.083      0.000   -101.420   -101.440    -53.517    -49.413   -999.900   -999.900
    -80.000    -55.586    -51.529   -999.900   -999.900     -4.057      0.000   -106.420   -106.440    -58.483    -54.388   -999.900   -999.900
    -85.000    -57.455    -53.428   -999.900   -999.900     -4.027      0.000   -111.420   -111.440    -63.451    -59.393   -999.900   -999.900
    -90.000    -58.274    -54.248   -999.900   -999.900     -4.025      0.000   -116.420   -116.440    -68.449    -64.335   -999.900   -999.900
    -95.000    -58.565    -54.544   -999.900   -999.900     -4.021      0.000   -121.420   -121.440    -73.324    -69.163   -999.900   -999.900
   -100.000    -58.676    -54.653   -999.900   -999.900     -4.023      0.000   -126.420   -126.440    -79.423    -74.659   -999.900   -999.900
   -105.000    -58.715    -54.704   -999.900   -999.900     -4.011      0.000   -131.420   -131.440    -79.423    -74.659   -999.900   -999.900
   -110.000    -58.711    -54.690   -999.900   -999.900     -4.022      0.000   -136.420   -136.440    -79.423    -74.659   -999.900   -999.900
   -115.000    -58.712    -54.685   -999.900   -999.900     -4.027      0.000   -141.420   -141.440    -79.423    -74.659   -999.900   -999.900
   -120.000    -58.711    -54.708   -999.900   -999.900     -4.004      0.000   -146.420   -146.440    -79.423    -74.659   -999.900   -999.900
