      0.000      5.927      6.302   -999.900   -999.900     -0.375      0.000    -29.460    -30.460      5.927      6.302   -999.900   -999.900
     -5.000      5.740      5.742   -999.900   -999.900     -0.002      0.000    -34.460    -35.460      5.740      5.742   -999.900   -999.900
    -10.000      4.927      4.539   -999.900   -999.900      0.388      0.000    -39.460    -40.460      4.927      4.539   -999.900   -999.900
    -15.000      2.875      2.007   -999.900   -999.900      0.868      0.000    -44.460    -45.460      2.875      2.007   -999.900   -999.900
    -20.000     -1.642     -2.765   -999.900   -999.900      1.123      0.000    -49.460    -50.460     -1.642     -2.765   -999.900   -999.900
    -25.000     -6.513     -7.677   -999.900   -999.900      1.164      0.000    -54.460    -55.460     -6.513     -7.677   -999.900   -999.900
    -30.000    -11.518    -12.711   -999.900   -999.900      1.193      0.000    -59.460    -60.460    -11.518    -12.711   -999.900   -999.900
    -35.000    -16.496    -17.720   -999.900   -999.900      1.224      0.000    -64.460    -65.460    -16.496    -17.720   -999.900   -999.900
    -40.000    -21.559    -22.795   -999.900   -999.900      1.235      0.000    -69.460    -70.460    -21.560    -22.795   -999.900   -999.900
    -45.000    -26.627    -27.931   -999.900   -999.900      1.304      0.000    -74.460    -75.460    -26.629    -27.934   -999.900   -999.900
    -50.000    -31.688    -33.065   -999.900   -999.900      1.377      0.000    -79.460    -80.460    -31.695    -33.074   -999.900   -999.900
    -55.000    -36.746    -38.301   -999.900   -999.900      1.555      0.000    -84.460    -85.460    -36.768    -38.333   -999.900   -999.900
    -60.000    -41.763    -43.408   -999.900   -999.900      1.645      0.000    -89.460    -90.460    -41.834    -43.512   -999.900   -999.900
    -65.000    -46.679    -48.306   -999.900   -999.900      1.627      0.000    -94.460    -95.460    -46.904    -48.637   -999.900   -999.900
    -70.000    -51.299    -52.668   -999.900   -999.900      1.369      0.000    -99.460   -100.460    -51.987    -53.641   -999.900   -999.900
    -75.000    -55.149    -56.095   -999.900   -999.900      0.945      0.000   -104.460   -105.460    -57.056    -58.627   -999.900   -999.900
    -80.000    -57.656    -58.173   -999.900   -999.900      0.517      0.000   -109.460   -110.460    -62.008    -63.591   -999.900   -999.900
    -85.000    -58.934    -59.120   -999.900   -999.900      0.186      0.000   -114.460   -115.460    -67.156    -68.572   -999.900   -999.900
    -90.000    -59.396    -59.492   -999.900   -999.900      0.096      0.000   -119.460   -120.460    -71.982    -74.167   -999.900   -999.900
    -95.000    -59.574    -59.607   -999.900   -999.900      0.033      0.000   -124.460   -125.460    -77.647    -80.457   -999.900   -999.900
   -100.000    -59.623    -59.645   -999.900   -999.900      0.021      0.000   -129.460   -130.460    -83.202    -80.457   -999.900   -999.900
   -105.000    -59.652    -59.654   -999.900   -999.900      0.002      0.000   -134.460   -135.460    -83.202    -80.457   -999.900   -999.900
   -110.000    -59.639    -59.638   -999.900   -999.900     -0.001      0.000   -139.460   -140.460    -83.202    -80.457   -999.900   -999.900
   -115.000    -59.640    -59.650   -999.900   -999.900      0.010      0.000   -144.460   -145.460    -83.202    -80.457   -999.900   -999.900
   -120.000    -59.638    -59.629   -999.900   -999.900     -0.009      0.000   -149.460   -150.460    -83.202    -80.457   -999.900   -999.900
