      0.000      6.008      6.510   -999.900   -999.900     -0.502      0.000    -29.460    -30.460      6.008      6.510   -999.900   -999.900
     -5.000      5.995      6.493   -999.900   -999.900     -0.497      0.000    -34.460    -35.460      5.995      6.493   -999.900   -999.900
    -10.000      5.692      6.232   -999.900   -999.900     -0.540      0.000    -39.460    -40.460      5.692      6.232   -999.900   -999.900
    -15.000      4.531      5.482   -999.900   -999.900     -0.951      0.000    -44.460    -45.460      4.531      5.482   -999.900   -999.900
    -20.000      1.499      4.008   -999.900   -999.900     -2.509      0.000    -49.460    -50.460      1.499      4.008   -999.900   -999.900
    -25.000     -3.267      0.515   -999.900   -999.900     -3.782      0.000    -54.460    -55.460     -3.267      0.515   -999.900   -999.900
    -30.000     -8.218     -4.382   -999.900   -999.900     -3.836      0.000    -59.460    -60.460     -8.218     -4.383   -999.900   -999.900
    -35.000    -13.225     -9.362   -999.900   -999.900     -3.863      0.000    -64.460    -65.460    -13.225     -9.363   -999.900   -999.900
    -40.000    -18.246    -14.379   -999.900   -999.900     -3.866      0.000    -69.460    -70.460    -18.246    -14.379   -999.900   -999.900
    -45.000    -23.292    -19.415   -999.900   -999.900     -3.877      0.000    -74.460    -75.460    -23.293    -19.416   -999.900   -999.900
    -50.000    -28.305    -24.440   -999.900   -999.900     -3.866      0.000    -79.460    -80.460    -28.308    -24.442   -999.900   -999.900
    -55.000    -33.344    -29.522   -999.900   -999.900     -3.822      0.000    -84.460    -85.460    -33.354    -29.531   -999.900   -999.900
    -60.000    -38.069    -34.482   -999.900   -999.900     -3.587      0.000    -89.460    -90.460    -38.097    -34.510   -999.900   -999.900
    -65.000    -42.898    -39.484   -999.900   -999.900     -3.414      0.000    -94.460    -95.460    -42.985    -39.573   -999.900   -999.900
    -70.000    -47.699    -44.390   -999.900   -999.900     -3.310      0.000    -99.460   -100.460    -47.967    -44.672   -999.900   -999.900
    -75.000    -52.162    -48.896   -999.900   -999.900     -3.266      0.000   -104.460   -105.460    -52.957    -49.745   -999.900   -999.900
    -80.000    -55.791    -52.471   -999.900   -999.900     -3.320      0.000   -109.460   -110.460    -57.907    -54.721   -999.900   -999.900
    -85.000    -58.148    -54.752   -999.900   -999.900     -3.395      0.000   -114.460   -115.460    -62.877    -59.750   -999.900   -999.900
    -90.000    -59.297    -55.816   -999.900   -999.900     -3.481      0.000   -119.460   -120.460    -67.975    -64.789   -999.900   -999.900
    -95.000    -59.728    -56.203   -999.900   -999.900     -3.525      0.000   -124.460   -125.460    -73.154    -69.641   -999.900   -999.900
   -100.000    -59.865    -56.337   -999.900   -999.900     -3.528      0.000   -129.460   -130.460    -78.154    -74.437   -999.900   -999.900
   -105.000    -59.929    -56.399   -999.900   -999.900     -3.530      0.000   -134.460   -135.460    -98.285    -85.562   -999.900   -999.900
   -110.000    -59.931    -56.403   -999.900   -999.900     -3.529      0.000   -139.460   -140.460    -98.285    -90.710   -999.900   -999.900
   -115.000    -59.928    -56.405   -999.900   -999.900     -3.523      0.000   -144.460   -145.460    -98.285    -90.710   -999.900   -999.900
   -120.000    -59.930    -56.411   -999.900   -999.900     -3.519      0.000   -149.460   -150.460    -98.285    -90.710   -999.900   -999.900
