      0.000      3.300      3.737   -999.900   -999.900     -0.436      0.000    -27.380    -27.440      3.300      3.737   -999.900   -999.900
     -5.000      3.316      3.756   -999.900   -999.900     -0.440      0.000    -32.380    -32.440      3.316      3.756   -999.900   -999.900
    -10.000      3.208      3.663   -999.900   -999.900     -0.455      0.000    -37.380    -37.440      3.208      3.663   -999.900   -999.900
    -15.000      2.678      3.190   -999.900   -999.900     -0.513      0.000    -42.380    -42.440      2.678      3.190   -999.900   -999.900
    -20.000      1.096      1.631   -999.900   -999.900     -0.535      0.000    -47.380    -47.440      1.096      1.631   -999.900   -999.900
    -25.000     -2.548     -2.009   -999.900   -999.900     -0.539      0.000    -52.380    -52.440     -2.548     -2.009   -999.900   -999.900
    -30.000     -7.006     -6.471   -999.900   -999.900     -0.535      0.000    -57.380    -57.440     -7.006     -6.471   -999.900   -999.900
    -35.000    -11.698    -11.187   -999.900   -999.900     -0.511      0.000    -62.380    -62.440    -11.698    -11.187   -999.900   -999.900
    -40.000    -16.551    -16.031   -999.900   -999.900     -0.520      0.000    -67.380    -67.440    -16.551    -16.031   -999.900   -999.900
    -45.000    -21.458    -20.932   -999.900   -999.900     -0.525      0.000    -72.380    -72.440    -21.458    -20.933   -999.900   -999.900
    -50.000    -26.333    -25.787   -999.900   -999.900     -0.546      0.000    -77.380    -77.440    -26.334    -25.788   -999.900   -999.900
    -55.000    -31.255    -30.689   -999.900   -999.900     -0.566      0.000    -82.380    -82.440    -31.258    -30.692   -999.900   -999.900
    -60.000    -36.041    -35.565   -999.900   -999.900     -0.476      0.000    -87.380    -87.440    -36.050    -35.574   -999.900   -999.900
    -65.000    -41.229    -40.892   -999.900   -999.900     -0.336      0.000    -92.380    -92.440    -41.258    -40.924   -999.900   -999.900
    -70.000    -46.465    -46.195   -999.900   -999.900     -0.270      0.000    -97.380    -97.440    -46.565    -46.302   -999.900   -999.900
    -75.000    -51.520    -51.213   -999.900   -999.900     -0.307      0.000   -102.380   -102.440    -51.849    -51.564   -999.900   -999.900
    -80.000    -55.939    -55.578   -999.900   -999.900     -0.361      0.000   -107.380   -107.440    -56.920    -56.615   -999.900   -999.900
    -85.000    -59.361    -58.975   -999.900   -999.900     -0.386      0.000   -112.380   -112.440    -61.911    -61.685   -999.900   -999.900
    -90.000    -61.332    -60.993   -999.900   -999.900     -0.339      0.000   -117.380   -117.440    -66.551    -66.823   -999.900   -999.900
    -95.000    -62.386    -61.818   -999.900   -999.900     -0.569      0.000   -122.380   -122.440    -72.033    -71.532   -999.900   -999.900
   -100.000    -62.716    -62.146   -999.900   -999.900     -0.570      0.000   -127.380   -127.440    -76.885    -76.496   -999.900   -999.900
   -105.000    -62.875    -62.309   -999.900   -999.900     -0.566      0.000   -132.380   -132.440    -89.264    -76.496   -999.900   -999.900
   -110.000    -62.889    -62.301   -999.900   -999.900     -0.587      0.000   -137.380   -137.440    -89.264    -76.496   -999.900   -999.900
   -115.000    -62.879    -62.303   -999.900   -999.900     -0.576      0.000   -142.380   -142.440    -89.264    -76.496   -999.900   -999.900
   -120.000    -62.898    -62.321   -999.900   -999.900     -0.577      0.000   -147.380   -147.440    -89.264    -76.496   -999.900   -999.900
