    -45.000    -21.169    -20.652   -999.900   -999.900     -0.517      0.000    -50.500    -51.300
    -50.000    -26.007    -25.406   -999.900   -999.900     -0.601      0.000    -55.500    -56.300
    -55.000    -30.995    -30.422   -999.900   -999.900     -0.573      0.000    -60.500    -61.300
    -60.000    -35.930    -35.411   -999.900   -999.900     -0.519      0.000    -65.500    -66.300
    -65.000    -40.832    -40.435   -999.900   -999.900     -0.397      0.000    -70.500    -71.300
    -70.000    -45.693    -45.487   -999.900   -999.900     -0.205      0.000    -75.500    -76.300
    -75.000    -50.575    -50.716   -999.900   -999.900      0.141      0.000    -80.500    -81.300
    -80.000    -55.197    -55.882   -999.900   -999.900      0.686      0.000    -85.500    -86.300
    -85.000    -59.471    -61.138   -999.900   -999.900      1.667      0.000    -90.500    -91.300
    -90.000    -63.241    -66.487   -999.900   -999.900      3.246      0.000    -95.500    -96.300
    -95.000    -66.385    -71.188   -999.900   -999.900      4.803      0.000   -100.500   -101.300
   -100.000    -68.707    -74.858   -999.900   -999.900      6.151      0.000   -105.500   -106.300
   -105.000    -70.138    -75.334   -999.900   -999.900      5.196      0.000   -110.500   -111.300
   -110.000    -71.352    -75.421   -999.900   -999.900      4.069      0.000   -115.500   -116.300
   -115.000    -71.697    -75.593   -999.900   -999.900      3.896      0.000   -120.500   -121.300
   -120.000    -71.657    -75.602   -999.900   -999.900      3.945      0.000   -125.500   -126.300
   -125.000    -71.596    -75.516   -999.900   -999.900      3.920      0.000   -130.500   -131.300
   -130.000    -71.544    -75.561   -999.900   -999.900      4.017      0.000   -135.500   -136.300
   -135.000    -71.566    -75.590   -999.900   -999.900      4.024      0.000   -140.500   -141.300
