      0.000      6.213      3.043   -999.900   -999.900      3.170      0.000    -29.400    -30.400      6.213      3.043   -999.900   -999.900
     -5.000      5.942      2.883   -999.900   -999.900      3.059      0.000    -34.400    -35.400      5.942      2.883   -999.900   -999.900
    -10.000      4.887      2.182   -999.900   -999.900      2.705      0.000    -39.400    -40.400      4.887      2.182   -999.900   -999.900
    -15.000      2.043      0.202   -999.900   -999.900      1.841      0.000    -44.400    -45.400      2.043      0.202   -999.900   -999.900
    -20.000     -2.760     -4.277   -999.900   -999.900      1.517      0.000    -49.400    -50.400     -2.760     -4.277   -999.900   -999.900
    -25.000     -7.637     -9.109   -999.900   -999.900      1.473      0.000    -54.400    -55.400     -7.637     -9.109   -999.900   -999.900
    -30.000    -12.624    -14.092   -999.900   -999.900      1.468      0.000    -59.400    -60.400    -12.625    -14.092   -999.900   -999.900
    -35.000    -17.702    -19.178   -999.900   -999.900      1.476      0.000    -64.400    -65.400    -17.702    -19.179   -999.900   -999.900
    -40.000    -22.766    -24.240   -999.900   -999.900      1.475      0.000    -69.400    -70.400    -22.767    -24.244   -999.900   -999.900
    -45.000    -27.823    -29.341   -999.900   -999.900      1.518      0.000    -74.400    -75.400    -27.828    -29.351   -999.900   -999.900
    -50.000    -32.861    -34.420   -999.900   -999.900      1.559      0.000    -79.400    -80.400    -32.879    -34.454   -999.900   -999.900
    -55.000    -37.858    -39.502   -999.900   -999.900      1.644      0.000    -84.400    -85.400    -37.914    -39.613   -999.900   -999.900
    -60.000    -42.699    -44.447   -999.900   -999.900      1.747      0.000    -89.400    -90.400    -42.873    -44.802   -999.900   -999.900
    -65.000    -47.399    -48.876   -999.900   -999.900      1.477      0.000    -94.400    -95.400    -47.932    -49.943   -999.900   -999.900
    -70.000    -51.452    -52.198   -999.900   -999.900      0.746      0.000    -99.400   -100.400    -52.962    -54.941   -999.900   -999.900
    -75.000    -54.337    -54.161   -999.900   -999.900     -0.175      0.000   -104.400   -105.400    -58.008    -59.941   -999.900   -999.900
    -80.000    -55.829    -55.025   -999.900   -999.900     -0.804      0.000   -109.400   -110.400    -62.919    -64.918   -999.900   -999.900
    -85.000    -56.474    -55.336   -999.900   -999.900     -1.138      0.000   -114.400   -115.400    -68.236    -69.806   -999.900   -999.900
    -90.000    -56.664    -55.445   -999.900   -999.900     -1.219      0.000   -119.400   -120.400    -72.696    -74.899   -999.900   -999.900
    -95.000    -56.725    -55.467   -999.900   -999.900     -1.258      0.000   -124.400   -125.400    -76.316    -77.505   -999.900   -999.900
   -100.000    -56.764    -55.500   -999.900   -999.900     -1.264      0.000   -129.400   -130.400    -83.407    -77.505   -999.900   -999.900
   -105.000    -56.774    -55.503   -999.900   -999.900     -1.270      0.000   -134.400   -135.400    -83.407    -77.505   -999.900   -999.900
   -110.000    -56.781    -55.493   -999.900   -999.900     -1.288      0.000   -139.400   -140.400    -83.407    -77.505   -999.900   -999.900
   -115.000    -56.769    -55.489   -999.900   -999.900     -1.280      0.000   -144.400   -145.400    -83.407    -77.505   -999.900   -999.900
   -120.000    -56.769    -55.491   -999.900   -999.900     -1.278      0.000   -149.400   -150.400    -83.407    -77.505   -999.900   -999.900
