      0.000      6.229      3.155   -999.900   -999.900      3.074      0.000    -29.400    -30.400      6.229      3.154   -999.900   -999.900
     -5.000      5.967      3.072   -999.900   -999.900      2.895      0.000    -34.400    -35.400      5.967      3.072   -999.900   -999.900
    -10.000      4.924      2.604   -999.900   -999.900      2.320      0.000    -39.400    -40.400      4.924      2.604   -999.900   -999.900
    -15.000      2.254      1.126   -999.900   -999.900      1.128      0.000    -44.400    -45.400      2.254      1.126   -999.900   -999.900
    -20.000     -2.516     -2.655   -999.900   -999.900      0.138      0.000    -49.400    -50.400     -2.516     -2.655   -999.900   -999.900
    -25.000     -7.447     -7.495   -999.900   -999.900      0.048      0.000    -54.400    -55.400     -7.447     -7.495   -999.900   -999.900
    -30.000    -12.426    -12.445   -999.900   -999.900      0.019      0.000    -59.400    -60.400    -12.426    -12.446   -999.900   -999.900
    -35.000    -17.430    -17.438   -999.900   -999.900      0.008      0.000    -64.400    -65.400    -17.430    -17.439   -999.900   -999.900
    -40.000    -22.442    -22.461   -999.900   -999.900      0.019      0.000    -69.400    -70.400    -22.444    -22.463   -999.900   -999.900
    -45.000    -27.455    -27.494   -999.900   -999.900      0.040      0.000    -74.400    -75.400    -27.462    -27.502   -999.900   -999.900
    -50.000    -32.447    -32.520   -999.900   -999.900      0.073      0.000    -79.400    -80.400    -32.468    -32.544   -999.900   -999.900
    -55.000    -37.451    -37.566   -999.900   -999.900      0.115      0.000    -84.400    -85.400    -37.520    -37.641   -999.900   -999.900
    -60.000    -42.325    -42.511   -999.900   -999.900      0.186      0.000    -89.400    -90.400    -42.540    -42.751   -999.900   -999.900
    -65.000    -46.811    -46.919   -999.900   -999.900      0.108      0.000    -94.400    -95.400    -47.445    -47.616   -999.900   -999.900
    -70.000    -50.692    -50.644   -999.900   -999.900     -0.048      0.000    -99.400   -100.400    -52.444    -52.515   -999.900   -999.900
    -75.000    -53.342    -53.186   -999.900   -999.900     -0.156      0.000   -104.400   -105.400    -57.444    -57.483   -999.900   -999.900
    -80.000    -54.690    -54.463   -999.900   -999.900     -0.227      0.000   -109.400   -110.400    -62.476    -62.503   -999.900   -999.900
    -85.000    -55.219    -54.960   -999.900   -999.900     -0.259      0.000   -114.400   -115.400    -67.553    -67.582   -999.900   -999.900
    -90.000    -55.383    -55.132   -999.900   -999.900     -0.251      0.000   -119.400   -120.400    -71.910    -72.955   -999.900   -999.900
    -95.000    -55.447    -55.170   -999.900   -999.900     -0.277      0.000   -124.400   -125.400    -76.571    -76.210   -999.900   -999.900
   -100.000    -55.481    -55.199   -999.900   -999.900     -0.282      0.000   -129.400   -130.400    -76.571    -84.642   -999.900   -999.900
   -105.000    -55.468    -55.198   -999.900   -999.900     -0.270      0.000   -134.400   -135.400    -76.571    -83.687   -999.900   -999.900
   -110.000    -55.482    -55.211   -999.900   -999.900     -0.271      0.000   -139.400   -140.400    -76.571    -83.687   -999.900   -999.900
   -115.000    -55.487    -55.198   -999.900   -999.900     -0.289      0.000   -144.400   -145.400    -76.571    -83.687   -999.900   -999.900
   -120.000    -55.486    -55.211   -999.900   -999.900     -0.275      0.000   -149.400   -150.400    -76.571    -83.687   -999.900   -999.900
