    -20.000      2.020   -999.900   -999.900   -999.900   1001.920      0.000    -34.750    -34.750      2.020   -999.900   -999.900   -999.900
    -25.000      1.226   -999.900   -999.900   -999.900   1001.126      0.000    -39.750    -39.750      1.226   -999.900   -999.900   -999.900
    -30.000     -0.524   -999.900   -999.900   -999.900    999.376      0.000    -44.750    -44.750     -0.524   -999.900   -999.900   -999.900
    -35.000     -4.282   -999.900   -999.900   -999.900    995.618      0.000    -49.750    -49.750     -4.282   -999.900   -999.900   -999.900
    -40.000     -8.847   -999.900   -999.900   -999.900    991.053      0.000    -54.750    -54.750     -8.847   -999.900   -999.900   -999.900
    -45.000    -13.653   -999.900   -999.900   -999.900    986.247      0.000    -59.750    -59.750    -13.653   -999.900   -999.900   -999.900
    -50.000    -18.520   -999.900   -999.900   -999.900    981.380      0.000    -64.750    -64.750    -18.520   -999.900   -999.900   -999.900
    -55.000    -23.514   -999.900   -999.900   -999.900    976.386      0.000    -69.750    -69.750    -23.515   -999.900   -999.900   -999.900
    -60.000    -28.439   -999.900   -999.900   -999.900    971.461      0.000    -74.750    -74.750    -28.440   -999.900   -999.900   -999.900
    -65.000    -33.498   -999.900   -999.900   -999.900    966.402      0.000    -79.750    -79.750    -33.500   -999.900   -999.900   -999.900
    -70.000    -38.585   -999.900   -999.900   -999.900    961.315      0.000    -84.750    -84.750    -38.592   -999.900   -999.900   -999.900
    -75.000    -43.260   -999.900   -999.900   -999.900    956.640      0.000    -89.750    -89.750    -43.282   -999.900   -999.900   -999.900
    -80.000    -48.221   -999.900   -999.900   -999.900    951.679      0.000    -94.750    -94.750    -48.288   -999.900   -999.900   -999.900
    -85.000    -53.072   -999.900   -999.900   -999.900    946.828      0.000    -99.750    -99.750    -53.281   -999.900   -999.900   -999.900
    -90.000    -57.641   -999.900   -999.900   -999.900    942.259      0.000   -104.750   -104.750    -58.267   -999.900   -999.900   -999.900
    -95.000    -61.559   -999.900   -999.900   -999.900    938.341      0.000   -109.750   -109.750    -63.305   -999.900   -999.900   -999.900
   -100.000    -64.316   -999.900   -999.900   -999.900    935.584      0.000   -114.750   -114.750    -68.567   -999.900   -999.900   -999.900
   -105.000    -65.684   -999.900   -999.900   -999.900    934.216      0.000   -119.750   -119.750    -74.087   -999.900   -999.900   -999.900
   -110.000    -66.219   -999.900   -999.900   -999.900    933.681      0.000   -124.750   -124.750    -81.147   -999.900   -999.900   -999.900
   -115.000    -66.420   -999.900   -999.900   -999.900    933.480      0.000   -129.750   -129.750    -81.147   -999.900   -999.900   -999.900
   -120.000    -66.488   -999.900   -999.900   -999.900    933.412      0.000   -134.750   -134.750    -81.147   -999.900   -999.900   -999.900
   -125.000    -66.541   -999.900   -999.900   -999.900    933.359      0.000   -139.750   -139.750    -81.147   -999.900   -999.900   -999.900
   -130.000    -66.530   -999.900   -999.900   -999.900    933.370      0.000   -144.750   -144.750    -81.147   -999.900   -999.900   -999.900
   -135.000    -66.536   -999.900   -999.900   -999.900    933.364      0.000   -149.750   -149.750    -81.147   -999.900   -999.900   -999.900
   -140.000    -66.548   -999.900   -999.900   -999.900    933.352      0.000   -154.750   -154.750    -81.147   -999.900   -999.900   -999.900
