      0.000      3.181      3.922   -999.900   -999.900     -0.741      0.000    -26.420    -26.440      3.181      3.922   -999.900   -999.900
     -5.000      3.169      3.823   -999.900   -999.900     -0.654      0.000    -31.420    -31.440      3.169      3.823   -999.900   -999.900
    -10.000      2.999      3.518   -999.900   -999.900     -0.518      0.000    -36.420    -36.440      2.999      3.518   -999.900   -999.900
    -15.000      2.265      2.661   -999.900   -999.900     -0.397      0.000    -41.420    -41.440      2.265      2.661   -999.900   -999.900
    -20.000      0.150      0.574   -999.900   -999.900     -0.424      0.000    -46.420    -46.440      0.150      0.574   -999.900   -999.900
    -25.000     -3.819     -3.416   -999.900   -999.900     -0.403      0.000    -51.420    -51.440     -3.819     -3.416   -999.900   -999.900
    -30.000     -8.372     -7.996   -999.900   -999.900     -0.376      0.000    -56.420    -56.440     -8.372     -7.996   -999.900   -999.900
    -35.000    -13.107    -12.742   -999.900   -999.900     -0.364      0.000    -61.420    -61.440    -13.107    -12.742   -999.900   -999.900
    -40.000    -18.019    -17.661   -999.900   -999.900     -0.358      0.000    -66.420    -66.440    -18.019    -17.661   -999.900   -999.900
    -45.000    -23.032    -22.663   -999.900   -999.900     -0.369      0.000    -71.420    -71.440    -23.032    -22.663   -999.900   -999.900
    -50.000    -28.104    -27.713   -999.900   -999.900     -0.390      0.000    -76.420    -76.440    -28.105    -27.714   -999.900   -999.900
    -55.000    -33.246    -32.873   -999.900   -999.900     -0.373      0.000    -81.420    -81.440    -33.250    -32.876   -999.900   -999.900
    -60.000    -38.368    -38.034   -999.900   -999.900     -0.335      0.000    -86.420    -86.440    -38.379    -38.043   -999.900   -999.900
    -65.000    -43.236    -43.221   -999.900   -999.900     -0.015      0.000    -91.420    -91.440    -43.269    -43.252   -999.900   -999.900
    -70.000    -48.217    -48.505   -999.900   -999.900      0.288      0.000    -96.420    -96.440    -48.322    -48.611   -999.900   -999.900
    -75.000    -53.062    -53.576   -999.900   -999.900      0.514      0.000   -101.420   -101.440    -53.389    -53.926   -999.900   -999.900
    -80.000    -57.434    -57.976   -999.900   -999.900      0.542      0.000   -106.420   -106.440    -58.395    -59.016   -999.900   -999.900
    -85.000    -60.897    -61.343   -999.900   -999.900      0.447      0.000   -111.420   -111.440    -63.420    -64.038   -999.900   -999.900
    -90.000    -63.007    -63.353   -999.900   -999.900      0.347      0.000   -116.420   -116.440    -68.479    -69.112   -999.900   -999.900
    -95.000    -63.938    -64.216   -999.900   -999.900      0.278      0.000   -121.420   -121.440    -73.431    -74.037   -999.900   -999.900
   -100.000    -64.278    -64.523   -999.900   -999.900      0.245      0.000   -126.420   -126.440    -78.251    -78.654   -999.900   -999.900
   -105.000    -64.447    -64.691   -999.900   -999.900      0.244      0.000   -131.420   -131.440    -91.466    -96.158   -999.900   -999.900
   -110.000    -64.461    -64.701   -999.900   -999.900      0.240      0.000   -136.420   -136.440    -91.466    -96.158   -999.900   -999.900
   -115.000    -64.465    -64.687   -999.900   -999.900      0.221      0.000   -141.420   -141.440    -91.466    -96.158   -999.900   -999.900
   -120.000    -64.450    -64.697   -999.900   -999.900      0.247      0.000   -146.420   -146.440    -91.466    -96.158   -999.900   -999.900
