      0.000      3.477      3.990   -999.900   -999.900     -0.513      0.000    -26.420    -26.440      3.477      3.990   -999.900   -999.900
     -5.000      3.461      3.989   -999.900   -999.900     -0.528      0.000    -31.420    -31.440      3.461      3.989   -999.900   -999.900
    -10.000      3.266      3.926   -999.900   -999.900     -0.660      0.000    -36.420    -36.440      3.266      3.926   -999.900   -999.900
    -15.000      2.436      3.623   -999.900   -999.900     -1.187      0.000    -41.420    -41.440      2.436      3.623   -999.900   -999.900
    -20.000     -0.096      2.702   -999.900   -999.900     -2.798      0.000    -46.420    -46.440     -0.096      2.702   -999.900   -999.900
    -25.000     -4.191      0.159   -999.900   -999.900     -4.349      0.000    -51.420    -51.440     -4.191      0.159   -999.900   -999.900
    -30.000     -8.660     -3.933   -999.900   -999.900     -4.727      0.000    -56.420    -56.440     -8.660     -3.933   -999.900   -999.900
    -35.000    -13.498     -8.559   -999.900   -999.900     -4.939      0.000    -61.420    -61.440    -13.498     -8.559   -999.900   -999.900
    -40.000    -18.428    -13.378   -999.900   -999.900     -5.051      0.000    -66.420    -66.440    -18.428    -13.378   -999.900   -999.900
    -45.000    -23.469    -18.299   -999.900   -999.900     -5.170      0.000    -71.420    -71.440    -23.469    -18.299   -999.900   -999.900
    -50.000    -28.600    -23.347   -999.900   -999.900     -5.253      0.000    -76.420    -76.440    -28.601    -23.348   -999.900   -999.900
    -55.000    -33.872    -28.474   -999.900   -999.900     -5.398      0.000    -81.420    -81.440    -33.875    -28.476   -999.900   -999.900
    -60.000    -38.951    -33.535   -999.900   -999.900     -5.415      0.000    -86.420    -86.440    -38.962    -33.543   -999.900   -999.900
    -65.000    -44.040    -38.620   -999.900   -999.900     -5.420      0.000    -91.420    -91.440    -44.079    -38.644   -999.900   -999.900
    -70.000    -49.354    -43.802   -999.900   -999.900     -5.552      0.000    -96.420    -96.440    -49.486    -43.882   -999.900   -999.900
    -75.000    -54.487    -48.919   -999.900   -999.900     -5.568      0.000   -101.420   -101.440    -54.935    -49.185   -999.900   -999.900
    -80.000    -58.807    -53.496   -999.900   -999.900     -5.311      0.000   -106.420   -106.440    -60.144    -54.309   -999.900   -999.900
    -85.000    -61.788    -57.147   -999.900   -999.900     -4.641      0.000   -111.420   -111.440    -65.032    -59.334   -999.900   -999.900
    -90.000    -63.351    -59.472   -999.900   -999.900     -3.879      0.000   -116.420   -116.440    -69.445    -64.363   -999.900   -999.900
    -95.000    -64.241    -60.528   -999.900   -999.900     -3.713      0.000   -121.420   -121.440    -75.532    -69.115   -999.900   -999.900
   -100.000    -64.628    -61.071   -999.900   -999.900     -3.558      0.000   -126.420   -126.440    -75.532    -77.335   -999.900   -999.900
   -105.000    -64.743    -61.267   -999.900   -999.900     -3.476      0.000   -131.420   -131.440    -75.532    -77.335   -999.900   -999.900
   -110.000    -64.680    -61.176   -999.900   -999.900     -3.504      0.000   -136.420   -136.440    -75.532    -77.335   -999.900   -999.900
   -115.000    -64.175    -60.998   -999.900   -999.900     -3.178      0.000   -141.420   -141.440    -75.532    -77.335   -999.900   -999.900
   -120.000    -64.732    -61.263   -999.900   -999.900     -3.469      0.000   -146.420   -146.440    -75.532    -77.335   -999.900   -999.900
