      0.000      3.468      4.067   -999.900   -999.900     -0.599      0.000    -26.420    -26.440      3.468      4.067   -999.900   -999.900
     -5.000      3.463      3.996   -999.900   -999.900     -0.534      0.000    -31.420    -31.440      3.463      3.996   -999.900   -999.900
    -10.000      3.323      3.770   -999.900   -999.900     -0.447      0.000    -36.420    -36.440      3.323      3.770   -999.900   -999.900
    -15.000      2.681      2.997   -999.900   -999.900     -0.316      0.000    -41.420    -41.440      2.681      2.997   -999.900   -999.900
    -20.000      0.673      1.001   -999.900   -999.900     -0.328      0.000    -46.420    -46.440      0.673      1.001   -999.900   -999.900
    -25.000     -3.248     -2.977   -999.900   -999.900     -0.271      0.000    -51.420    -51.440     -3.248     -2.977   -999.900   -999.900
    -30.000     -7.683     -7.464   -999.900   -999.900     -0.220      0.000    -56.420    -56.440     -7.683     -7.464   -999.900   -999.900
    -35.000    -12.460    -12.269   -999.900   -999.900     -0.191      0.000    -61.420    -61.440    -12.460    -12.269   -999.900   -999.900
    -40.000    -17.358    -17.181   -999.900   -999.900     -0.177      0.000    -66.420    -66.440    -17.359    -17.181   -999.900   -999.900
    -45.000    -22.350    -22.173   -999.900   -999.900     -0.177      0.000    -71.420    -71.440    -22.351    -22.173   -999.900   -999.900
    -50.000    -27.417    -27.224   -999.900   -999.900     -0.193      0.000    -76.420    -76.440    -27.418    -27.225   -999.900   -999.900
    -55.000    -32.566    -32.358   -999.900   -999.900     -0.208      0.000    -81.420    -81.440    -32.571    -32.362   -999.900   -999.900
    -60.000    -37.627    -37.468   -999.900   -999.900     -0.160      0.000    -86.420    -86.440    -37.642    -37.480   -999.900   -999.900
    -65.000    -42.542    -42.763   -999.900   -999.900      0.221      0.000    -91.420    -91.440    -42.588    -42.804   -999.900   -999.900
    -70.000    -47.441    -47.979   -999.900   -999.900      0.538      0.000    -96.420    -96.440    -47.585    -48.119   -999.900   -999.900
    -75.000    -52.190    -52.919   -999.900   -999.900      0.729      0.000   -101.420   -101.440    -52.635    -53.370   -999.900   -999.900
    -80.000    -56.370    -57.127   -999.900   -999.900      0.757      0.000   -106.420   -106.440    -57.648    -58.435   -999.900   -999.900
    -85.000    -59.483    -60.212   -999.900   -999.900      0.730      0.000   -111.420   -111.440    -62.689    -63.483   -999.900   -999.900
    -90.000    -61.170    -61.891   -999.900   -999.900      0.721      0.000   -116.420   -116.440    -67.550    -68.439   -999.900   -999.900
    -95.000    -61.921    -62.604   -999.900   -999.900      0.683      0.000   -121.420   -121.440    -72.649    -73.443   -999.900   -999.900
   -100.000    -62.173    -62.849   -999.900   -999.900      0.676      0.000   -126.420   -126.440    -77.418    -78.198   -999.900   -999.900
   -105.000    -62.307    -62.974   -999.900   -999.900      0.667      0.000   -131.420   -131.440    -77.418    -93.758   -999.900   -999.900
   -110.000    -62.298    -62.971   -999.900   -999.900      0.673      0.000   -136.420   -136.440    -77.418    -91.452   -999.900   -999.900
   -115.000    -62.300    -62.984   -999.900   -999.900      0.684      0.000   -141.420   -141.440    -77.418    -91.452   -999.900   -999.900
   -120.000    -62.316    -62.981   -999.900   -999.900      0.665      0.000   -146.420   -146.440    -77.418    -91.452   -999.900   -999.900
