      0.000      6.244      1.619   -999.900   -999.900      4.626      0.000    -29.400    -30.400      6.244      1.619   -999.900   -999.900
     -5.000      5.953     -1.328   -999.900   -999.900      7.281      0.000    -34.400    -35.400      5.953     -1.328   -999.900   -999.900
    -10.000      4.847     -6.108   -999.900   -999.900     10.955      0.000    -39.400    -40.400      4.847     -6.108   -999.900   -999.900
    -15.000      2.090    -11.018   -999.900   -999.900     13.108      0.000    -44.400    -45.400      2.090    -11.018   -999.900   -999.900
    -20.000     -2.660    -16.041   -999.900   -999.900     13.381      0.000    -49.400    -50.400     -2.660    -16.041   -999.900   -999.900
    -25.000     -7.524    -21.053   -999.900   -999.900     13.529      0.000    -54.400    -55.400     -7.524    -21.053   -999.900   -999.900
    -30.000    -12.527    -26.179   -999.900   -999.900     13.652      0.000    -59.400    -60.400    -12.527    -26.180   -999.900   -999.900
    -35.000    -17.534    -31.337   -999.900   -999.900     13.803      0.000    -64.400    -65.400    -17.534    -31.338   -999.900   -999.900
    -40.000    -22.595    -36.608   -999.900   -999.900     14.013      0.000    -69.400    -70.400    -22.595    -36.611   -999.900   -999.900
    -45.000    -27.650    -41.887   -999.900   -999.900     14.238      0.000    -74.400    -75.400    -27.650    -41.900   -999.900   -999.900
    -50.000    -32.714    -47.078   -999.900   -999.900     14.364      0.000    -79.400    -80.400    -32.717    -47.121   -999.900   -999.900
    -55.000    -37.777    -54.976   -999.900   -999.900     17.198      0.000    -84.400    -85.400    -37.787    -55.250   -999.900   -999.900
    -60.000    -42.729    -56.556   -999.900   -999.900     13.827      0.000    -89.400    -90.400    -42.758    -56.956   -999.900   -999.900
    -65.000    -47.683    -60.818   -999.900   -999.900     13.135      0.000    -94.400    -95.400    -47.774    -61.980   -999.900   -999.900
    -70.000    -52.502    -64.132   -999.900   -999.900     11.630      0.000    -99.400   -100.400    -52.782    -67.174   -999.900   -999.900
    -75.000    -56.977    -65.960   -999.900   -999.900      8.983      0.000   -104.400   -105.400    -57.811    -72.286   -999.900   -999.900
    -80.000    -60.564    -66.710   -999.900   -999.900      6.147      0.000   -109.400   -110.400    -62.777    -77.253   -999.900   -999.900
    -85.000    -62.861    -66.977   -999.900   -999.900      4.116      0.000   -114.400   -115.400    -67.777    -82.112   -999.900   -999.900
    -90.000    -63.966    -67.049   -999.900   -999.900      3.083      0.000   -119.400   -120.400    -72.965    -85.492   -999.900   -999.900
    -95.000    -64.355    -67.090   -999.900   -999.900      2.735      0.000   -124.400   -125.400    -77.902    -90.027   -999.900   -999.900
   -100.000    -64.495    -67.091   -999.900   -999.900      2.595      0.000   -129.400   -130.400    -83.437    -90.197   -999.900   -999.900
   -105.000    -64.548    -67.124   -999.900   -999.900      2.576      0.000   -134.400   -135.400    -95.887    -90.197   -999.900   -999.900
   -110.000    -64.549    -67.123   -999.900   -999.900      2.573      0.000   -139.400   -140.400    -98.470    -90.197   -999.900   -999.900
   -115.000    -64.555    -67.104   -999.900   -999.900      2.549      0.000   -144.400   -145.400    -98.470    -90.197   -999.900   -999.900
   -120.000    -64.552    -67.098   -999.900   -999.900      2.546      0.000   -149.400   -150.400    -98.470    -90.197   -999.900   -999.900
