      0.000      6.215      1.300   -999.900   -999.900      4.916      0.000    -29.400    -30.400      6.215      1.300   -999.900   -999.900
     -5.000      5.921     -2.140   -999.900   -999.900      8.061      0.000    -34.400    -35.400      5.921     -2.140   -999.900   -999.900
    -10.000      4.772     -6.981   -999.900   -999.900     11.753      0.000    -39.400    -40.400      4.772     -6.981   -999.900   -999.900
    -15.000      1.895    -11.942   -999.900   -999.900     13.837      0.000    -44.400    -45.400      1.895    -11.942   -999.900   -999.900
    -20.000     -2.871    -16.984   -999.900   -999.900     14.113      0.000    -49.400    -50.400     -2.871    -16.984   -999.900   -999.900
    -25.000     -7.733    -21.995   -999.900   -999.900     14.263      0.000    -54.400    -55.400     -7.733    -21.995   -999.900   -999.900
    -30.000    -12.754    -27.138   -999.900   -999.900     14.384      0.000    -59.400    -60.400    -12.754    -27.138   -999.900   -999.900
    -35.000    -17.760    -32.297   -999.900   -999.900     14.537      0.000    -64.400    -65.400    -17.760    -32.299   -999.900   -999.900
    -40.000    -22.828    -37.493   -999.900   -999.900     14.665      0.000    -69.400    -70.400    -22.828    -37.498   -999.900   -999.900
    -45.000    -27.891    -42.761   -999.900   -999.900     14.869      0.000    -74.400    -75.400    -27.892    -42.777   -999.900   -999.900
    -50.000    -32.950    -47.799   -999.900   -999.900     14.848      0.000    -79.400    -80.400    -32.953    -47.849   -999.900   -999.900
    -55.000    -38.014    -52.682   -999.900   -999.900     14.668      0.000    -84.400    -85.400    -38.024    -52.840   -999.900   -999.900
    -60.000    -42.959    -57.482   -999.900   -999.900     14.523      0.000    -89.400    -90.400    -42.989    -57.977   -999.900   -999.900
    -65.000    -47.910    -61.637   -999.900   -999.900     13.727      0.000    -94.400    -95.400    -48.006    -63.068   -999.900   -999.900
    -70.000    -52.732    -64.548   -999.900   -999.900     11.815      0.000    -99.400   -100.400    -53.028    -68.004   -999.900   -999.900
    -75.000    -57.168    -66.124   -999.900   -999.900      8.956      0.000   -104.400   -105.400    -58.044    -72.879   -999.900   -999.900
    -80.000    -60.685    -66.807   -999.900   -999.900      6.122      0.000   -109.400   -110.400    -62.982    -77.958   -999.900   -999.900
    -85.000    -62.941    -67.032   -999.900   -999.900      4.091      0.000   -114.400   -115.400    -68.034    -82.619   -999.900   -999.900
    -90.000    -63.981    -67.131   -999.900   -999.900      3.150      0.000   -119.400   -120.400    -73.097    -89.985   -999.900   -999.900
    -95.000    -64.359    -67.138   -999.900   -999.900      2.779      0.000   -124.400   -125.400    -78.031    -91.577   -999.900   -999.900
   -100.000    -64.493    -67.150   -999.900   -999.900      2.657      0.000   -129.400   -130.400    -83.428    -98.476   -999.900   -999.900
   -105.000    -64.551    -67.153   -999.900   -999.900      2.602      0.000   -134.400   -135.400    -83.428   -103.466   -999.900   -999.900
   -110.000    -64.555    -67.156   -999.900   -999.900      2.601      0.000   -139.400   -140.400    -83.428   -103.466   -999.900   -999.900
   -115.000    -64.546    -67.154   -999.900   -999.900      2.608      0.000   -144.400   -145.400    -83.428   -103.466   -999.900   -999.900
   -120.000    -64.545    -67.152   -999.900   -999.900      2.607      0.000   -149.400   -150.400    -83.428   -103.466   -999.900   -999.900
