      0.000      6.127      3.194   -999.900   -999.900      2.933      0.000    -26.900    -26.210      6.127      3.194   -999.900   -999.900
     -5.000      5.995      3.284   -999.900   -999.900      2.710      0.000    -31.900    -31.210      5.995      3.284   -999.900   -999.900
    -10.000      5.363      3.245   -999.900   -999.900      2.117      0.000    -36.900    -36.210      5.363      3.245   -999.900   -999.900
    -15.000      3.586      2.926   -999.900   -999.900      0.660      0.000    -41.900    -41.210      3.586      2.926   -999.900   -999.900
    -20.000     -0.646      1.803   -999.900   -999.900     -2.449      0.000    -46.900    -46.210     -0.646      1.803   -999.900   -999.900
    -25.000     -5.467     -0.957   -999.900   -999.900     -4.511      0.000    -51.900    -51.210     -5.467     -0.957   -999.900   -999.900
    -30.000    -10.423     -5.696   -999.900   -999.900     -4.726      0.000    -56.900    -56.210    -10.423     -5.696   -999.900   -999.900
    -35.000    -15.464    -10.656   -999.900   -999.900     -4.808      0.000    -61.900    -61.210    -15.464    -10.656   -999.900   -999.900
    -40.000    -20.524    -15.670   -999.900   -999.900     -4.854      0.000    -66.900    -66.210    -20.524    -15.670   -999.900   -999.900
    -45.000    -25.595    -20.729   -999.900   -999.900     -4.866      0.000    -71.900    -71.210    -25.595    -20.729   -999.900   -999.900
    -50.000    -30.659    -25.777   -999.900   -999.900     -4.882      0.000    -76.900    -76.210    -30.660    -25.778   -999.900   -999.900
    -55.000    -35.771    -30.921   -999.900   -999.900     -4.850      0.000    -81.900    -81.210    -35.776    -30.925   -999.900   -999.900
    -60.000    -40.810    -36.043   -999.900   -999.900     -4.767      0.000    -86.900    -86.210    -40.828    -36.056   -999.900   -999.900
    -65.000    -45.853    -41.239   -999.900   -999.900     -4.615      0.000    -91.900    -91.210    -45.909    -41.283   -999.900   -999.900
    -70.000    -50.741    -46.287   -999.900   -999.900     -4.454      0.000    -96.900    -96.210    -50.916    -46.432   -999.900   -999.900
    -75.000    -55.381    -51.073   -999.900   -999.900     -4.308      0.000   -101.900   -101.210    -55.911    -51.526   -999.900   -999.900
    -80.000    -59.404    -55.237   -999.900   -999.900     -4.166      0.000   -106.900   -106.210    -60.891    -56.536   -999.900   -999.900
    -85.000    -62.277    -58.314   -999.900   -999.900     -3.963      0.000   -111.900   -111.210    -65.862    -61.545   -999.900   -999.900
    -90.000    -63.836    -60.003   -999.900   -999.900     -3.833      0.000   -116.900   -116.210    -70.929    -66.473   -999.900   -999.900
    -95.000    -64.478    -60.730   -999.900   -999.900     -3.748      0.000   -121.900   -121.210    -76.205    -71.464   -999.900   -999.900
   -100.000    -64.686    -60.979   -999.900   -999.900     -3.706      0.000   -126.900   -126.210    -81.387    -76.169   -999.900   -999.900
   -105.000    -64.773    -61.110   -999.900   -999.900     -3.663      0.000   -131.900   -131.210    -92.901    -93.283   -999.900   -999.900
   -110.000    -64.803    -61.112   -999.900   -999.900     -3.690      0.000   -136.900   -136.210    -92.901   -100.456   -999.900   -999.900
   -115.000    -64.773    -61.108   -999.900   -999.900     -3.665      0.000   -141.900   -141.210    -92.901    -90.739   -999.900   -999.900
   -120.000    -64.770    -61.121   -999.900   -999.900     -3.649      0.000   -146.900   -146.210    -92.901    -90.739   -999.900   -999.900
