      0.000      3.668      3.876   -999.900   -999.900     -0.209      0.000    -26.900    -26.210      3.668      3.876   -999.900   -999.900
     -5.000      3.648      3.868   -999.900   -999.900     -0.220      0.000    -31.900    -31.210      3.648      3.868   -999.900   -999.900
    -10.000      3.450      3.694   -999.900   -999.900     -0.244      0.000    -36.900    -36.210      3.450      3.694   -999.900   -999.900
    -15.000      2.598      2.902   -999.900   -999.900     -0.303      0.000    -41.900    -41.210      2.598      2.902   -999.900   -999.900
    -20.000      0.146      0.662   -999.900   -999.900     -0.516      0.000    -46.900    -46.210      0.146      0.662   -999.900   -999.900
    -25.000     -3.970     -3.363   -999.900   -999.900     -0.607      0.000    -51.900    -51.210     -3.970     -3.363   -999.900   -999.900
    -30.000     -8.533     -7.880   -999.900   -999.900     -0.653      0.000    -56.900    -56.210     -8.533     -7.880   -999.900   -999.900
    -35.000    -13.352    -12.666   -999.900   -999.900     -0.687      0.000    -61.900    -61.210    -13.352    -12.666   -999.900   -999.900
    -40.000    -18.297    -17.594   -999.900   -999.900     -0.703      0.000    -66.900    -66.210    -18.297    -17.594   -999.900   -999.900
    -45.000    -23.320    -22.614   -999.900   -999.900     -0.705      0.000    -71.900    -71.210    -23.320    -22.615   -999.900   -999.900
    -50.000    -28.432    -27.707   -999.900   -999.900     -0.724      0.000    -76.900    -76.210    -28.434    -27.709   -999.900   -999.900
    -55.000    -33.515    -32.874   -999.900   -999.900     -0.642      0.000    -81.900    -81.210    -33.521    -32.879   -999.900   -999.900
    -60.000    -38.453    -37.886   -999.900   -999.900     -0.568      0.000    -86.900    -86.210    -38.471    -37.903   -999.900   -999.900
    -65.000    -43.190    -43.073   -999.900   -999.900     -0.117      0.000    -91.900    -91.210    -43.243    -43.132   -999.900   -999.900
    -70.000    -48.121    -48.086   -999.900   -999.900     -0.036      0.000    -96.900    -96.210    -48.288    -48.275   -999.900   -999.900
    -75.000    -52.952    -52.701   -999.900   -999.900     -0.251      0.000   -101.900   -101.210    -53.480    -53.272   -999.900   -999.900
    -80.000    -57.053    -56.667   -999.900   -999.900     -0.386      0.000   -106.900   -106.210    -58.567    -58.261   -999.900   -999.900
    -85.000    -59.931    -59.447   -999.900   -999.900     -0.483      0.000   -111.900   -111.210    -63.603    -63.242   -999.900   -999.900
    -90.000    -61.431    -60.884   -999.900   -999.900     -0.547      0.000   -116.900   -116.210    -68.558    -68.121   -999.900   -999.900
    -95.000    -62.043    -61.474   -999.900   -999.900     -0.569      0.000   -121.900   -121.210    -73.480    -72.967   -999.900   -999.900
   -100.000    -62.269    -61.688   -999.900   -999.900     -0.581      0.000   -126.900   -126.210    -78.806    -77.890   -999.900   -999.900
   -105.000    -62.354    -61.797   -999.900   -999.900     -0.557      0.000   -131.900   -131.210    -87.910    -77.890   -999.900   -999.900
   -110.000    -62.368    -61.794   -999.900   -999.900     -0.573      0.000   -136.900   -136.210    -87.910    -77.890   -999.900   -999.900
   -115.000    -62.368    -61.793   -999.900   -999.900     -0.575      0.000   -141.900   -141.210    -87.910    -77.890   -999.900   -999.900
   -120.000    -62.375    -61.788   -999.900   -999.900     -0.587      0.000   -146.900   -146.210    -87.910    -77.890   -999.900   -999.900
