      0.000      6.123      3.189   -999.900   -999.900      2.934      0.000    -23.900    -23.210      6.123      3.189   -999.900   -999.900
     -5.000      5.991      3.280   -999.900   -999.900      2.710      0.000    -28.900    -28.210      5.991      3.280   -999.900   -999.900
    -10.000      5.358      3.242   -999.900   -999.900      2.116      0.000    -33.900    -33.210      5.358      3.242   -999.900   -999.900
    -15.000      3.575      2.922   -999.900   -999.900      0.652      0.000    -38.900    -38.210      3.575      2.922   -999.900   -999.900
    -20.000     -0.666      1.801   -999.900   -999.900     -2.467      0.000    -43.900    -43.210     -0.666      1.801   -999.900   -999.900
    -25.000     -5.489     -0.960   -999.900   -999.900     -4.530      0.000    -48.900    -48.210     -5.489     -0.960   -999.900   -999.900
    -30.000    -10.441     -5.697   -999.900   -999.900     -4.744      0.000    -53.900    -53.210    -10.441     -5.697   -999.900   -999.900
    -35.000    -15.485    -10.659   -999.900   -999.900     -4.826      0.000    -58.900    -58.210    -15.486    -10.659   -999.900   -999.900
    -40.000    -20.545    -15.673   -999.900   -999.900     -4.872      0.000    -63.900    -63.210    -20.545    -15.673   -999.900   -999.900
    -45.000    -25.615    -20.731   -999.900   -999.900     -4.884      0.000    -68.900    -68.210    -25.615    -20.731   -999.900   -999.900
    -50.000    -30.679    -25.780   -999.900   -999.900     -4.899      0.000    -73.900    -73.210    -30.681    -25.782   -999.900   -999.900
    -55.000    -35.791    -30.922   -999.900   -999.900     -4.868      0.000    -78.900    -78.210    -35.796    -30.926   -999.900   -999.900
    -60.000    -40.831    -36.044   -999.900   -999.900     -4.788      0.000    -83.900    -83.210    -40.849    -36.057   -999.900   -999.900
    -65.000    -45.874    -41.238   -999.900   -999.900     -4.636      0.000    -88.900    -88.210    -45.930    -41.282   -999.900   -999.900
    -70.000    -50.737    -46.273   -999.900   -999.900     -4.464      0.000    -93.900    -93.210    -50.913    -46.418   -999.900   -999.900
    -75.000    -55.370    -51.057   -999.900   -999.900     -4.313      0.000    -98.900    -98.210    -55.900    -51.507   -999.900   -999.900
    -80.000    -59.371    -55.213   -999.900   -999.900     -4.158      0.000   -103.900   -103.210    -60.852    -56.501   -999.900   -999.900
    -85.000    -62.276    -58.302   -999.900   -999.900     -3.974      0.000   -108.900   -108.210    -65.881    -61.515   -999.900   -999.900
    -90.000    -63.818    -60.016   -999.900   -999.900     -3.803      0.000   -113.900   -113.210    -70.904    -66.506   -999.900   -999.900
    -95.000    -64.450    -60.733   -999.900   -999.900     -3.717      0.000   -118.900   -118.210    -76.021    -71.438   -999.900   -999.900
   -100.000    -64.661    -61.000   -999.900   -999.900     -3.661      0.000   -123.900   -123.210    -81.007    -76.695   -999.900   -999.900
   -105.000    -64.745    -61.121   -999.900   -999.900     -3.624      0.000   -128.900   -128.210    -88.450    -76.695   -999.900   -999.900
   -110.000    -64.769    -61.116   -999.900   -999.900     -3.652      0.000   -133.900   -133.210    -88.450    -76.695   -999.900   -999.900
   -115.000    -64.773    -61.119   -999.900   -999.900     -3.654      0.000   -138.900   -138.210    -88.450    -76.695   -999.900   -999.900
   -120.000    -64.767    -61.120   -999.900   -999.900     -3.648      0.000   -143.900   -143.210    -88.450    -76.695   -999.900   -999.900
