      0.000      6.195      3.176   -999.900   -999.900      3.019      0.000    -29.400    -30.400      6.195      3.176   -999.900   -999.900
     -5.000      6.074      3.275   -999.900   -999.900      2.799      0.000    -34.400    -35.400      6.074      3.275   -999.900   -999.900
    -10.000      5.519      3.242   -999.900   -999.900      2.277      0.000    -39.400    -40.400      5.519      3.242   -999.900   -999.900
    -15.000      3.935      2.883   -999.900   -999.900      1.052      0.000    -44.400    -45.400      3.935      2.883   -999.900   -999.900
    -20.000     -0.023      1.655   -999.900   -999.900     -1.679      0.000    -49.400    -50.400     -0.023      1.655   -999.900   -999.900
    -25.000     -4.809     -1.308   -999.900   -999.900     -3.501      0.000    -54.400    -55.400     -4.809     -1.308   -999.900   -999.900
    -30.000     -9.781     -6.100   -999.900   -999.900     -3.681      0.000    -59.400    -60.400     -9.781     -6.100   -999.900   -999.900
    -35.000    -14.814    -11.061   -999.900   -999.900     -3.753      0.000    -64.400    -65.400    -14.814    -11.061   -999.900   -999.900
    -40.000    -19.866    -16.084   -999.900   -999.900     -3.782      0.000    -69.400    -70.400    -19.867    -16.084   -999.900   -999.900
    -45.000    -24.930    -21.158   -999.900   -999.900     -3.772      0.000    -74.400    -75.400    -24.930    -21.158   -999.900   -999.900
    -50.000    -29.961    -26.203   -999.900   -999.900     -3.758      0.000    -79.400    -80.400    -29.962    -26.204   -999.900   -999.900
    -55.000    -35.072    -31.376   -999.900   -999.900     -3.696      0.000    -84.400    -85.400    -35.076    -31.379   -999.900   -999.900
    -60.000    -40.102    -36.532   -999.900   -999.900     -3.570      0.000    -89.400    -90.400    -40.113    -36.542   -999.900   -999.900
    -65.000    -45.151    -41.743   -999.900   -999.900     -3.409      0.000    -94.400    -95.400    -45.190    -41.776   -999.900   -999.900
    -70.000    -50.057    -46.832   -999.900   -999.900     -3.225      0.000    -99.400   -100.400    -50.177    -46.942   -999.900   -999.900
    -75.000    -54.791    -51.687   -999.900   -999.900     -3.105      0.000   -104.400   -105.400    -55.157    -52.032   -999.900   -999.900
    -80.000    -59.065    -56.012   -999.900   -999.900     -3.053      0.000   -109.400   -110.400    -60.121    -57.017   -999.900   -999.900
    -85.000    -62.398    -59.419   -999.900   -999.900     -2.979      0.000   -114.400   -115.400    -65.115    -62.039   -999.900   -999.900
    -90.000    -64.365    -61.465   -999.900   -999.900     -2.899      0.000   -119.400   -120.400    -70.073    -67.078   -999.900   -999.900
    -95.000    -65.242    -62.391   -999.900   -999.900     -2.851      0.000   -124.400   -125.400    -75.037    -72.297   -999.900   -999.900
   -100.000    -65.561    -62.704   -999.900   -999.900     -2.857      0.000   -129.400   -130.400    -79.922    -77.262   -999.900   -999.900
   -105.000    -65.722    -62.860   -999.900   -999.900     -2.862      0.000   -134.400   -135.400   -100.454    -77.262   -999.900   -999.900
   -110.000    -65.735    -62.850   -999.900   -999.900     -2.885      0.000   -139.400   -140.400   -100.454    -77.262   -999.900   -999.900
   -115.000    -65.730    -62.863   -999.900   -999.900     -2.867      0.000   -144.400   -145.400   -100.454    -77.262   -999.900   -999.900
   -120.000    -65.706    -62.864   -999.900   -999.900     -2.842      0.000   -149.400   -150.400   -100.454    -77.262   -999.900   -999.900
