      0.000      6.297      3.068   -999.900   -999.900      3.229      0.000    -29.400    -30.400      6.297      3.068   -999.900   -999.900
     -5.000      6.036      3.155   -999.900   -999.900      2.881      0.000    -34.400    -35.400      6.036      3.155   -999.900   -999.900
    -10.000      4.956      3.143   -999.900   -999.900      1.812      0.000    -39.400    -40.400      4.956      3.143   -999.900   -999.900
    -15.000      2.191      2.869   -999.900   -999.900     -0.678      0.000    -44.400    -45.400      2.191      2.869   -999.900   -999.900
    -20.000     -2.587      1.729   -999.900   -999.900     -4.316      0.000    -49.400    -50.400     -2.587      1.729   -999.900   -999.900
    -25.000     -7.499     -1.096   -999.900   -999.900     -6.403      0.000    -54.400    -55.400     -7.499     -1.096   -999.900   -999.900
    -30.000    -12.470     -5.829   -999.900   -999.900     -6.641      0.000    -59.400    -60.400    -12.470     -5.829   -999.900   -999.900
    -35.000    -17.531    -10.800   -999.900   -999.900     -6.731      0.000    -64.400    -65.400    -17.531    -10.800   -999.900   -999.900
    -40.000    -22.589    -15.816   -999.900   -999.900     -6.773      0.000    -69.400    -70.400    -22.589    -15.816   -999.900   -999.900
    -45.000    -27.626    -20.882   -999.900   -999.900     -6.744      0.000    -74.400    -75.400    -27.627    -20.883   -999.900   -999.900
    -50.000    -32.658    -25.941   -999.900   -999.900     -6.717      0.000    -79.400    -80.400    -32.661    -25.942   -999.900   -999.900
    -55.000    -37.669    -31.098   -999.900   -999.900     -6.571      0.000    -84.400    -85.400    -37.678    -31.101   -999.900   -999.900
    -60.000    -42.538    -36.164   -999.900   -999.900     -6.374      0.000    -89.400    -90.400    -42.565    -36.174   -999.900   -999.900
    -65.000    -47.508    -41.375   -999.900   -999.900     -6.133      0.000    -94.400    -95.400    -47.595    -41.409   -999.900   -999.900
    -70.000    -52.370    -46.471   -999.900   -999.900     -5.899      0.000    -99.400   -100.400    -52.642    -46.580   -999.900   -999.900
    -75.000    -56.874    -51.329   -999.900   -999.900     -5.545      0.000   -104.400   -105.400    -57.687    -51.670   -999.900   -999.900
    -80.000    -60.496    -55.665   -999.900   -999.900     -4.831      0.000   -109.400   -110.400    -62.668    -56.661   -999.900   -999.900
    -85.000    -62.816    -59.082   -999.900   -999.900     -3.734      0.000   -114.400   -115.400    -67.647    -61.681   -999.900   -999.900
    -90.000    -63.921    -61.133   -999.900   -999.900     -2.788      0.000   -119.400   -120.400    -72.643    -66.696   -999.900   -999.900
    -95.000    -64.327    -62.050   -999.900   -999.900     -2.278      0.000   -124.400   -125.400    -77.394    -71.710   -999.900   -999.900
   -100.000    -64.467    -62.395   -999.900   -999.900     -2.073      0.000   -129.400   -130.400    -81.879    -77.039   -999.900   -999.900
   -105.000    -64.542    -62.545   -999.900   -999.900     -1.997      0.000   -134.400   -135.400    -93.535    -96.400   -999.900   -999.900
   -110.000    -64.557    -62.547   -999.900   -999.900     -2.010      0.000   -139.400   -140.400    -93.535    -96.400   -999.900   -999.900
   -115.000    -64.552    -62.554   -999.900   -999.900     -1.998      0.000   -144.400   -145.400    -93.535    -96.400   -999.900   -999.900
   -120.000    -64.538    -62.541   -999.900   -999.900     -1.997      0.000   -149.400   -150.400    -93.535    -96.400   -999.900   -999.900
