      0.000      9.067   -999.900   -999.900   -999.900   1008.967      0.000    -16.110    -16.110      9.067   -999.900   -999.900   -999.900
     -5.000      9.066   -999.900   -999.900   -999.900   1008.966      0.000    -21.110    -21.110      9.066   -999.900   -999.900   -999.900
    -10.000      9.066   -999.900   -999.900   -999.900   1008.966      0.000    -26.110    -26.110      9.066   -999.900   -999.900   -999.900
    -15.000      9.062   -999.900   -999.900   -999.900   1008.962      0.000    -31.110    -31.110      9.062   -999.900   -999.900   -999.900
    -20.000      9.005   -999.900   -999.900   -999.900   1008.905      0.000    -36.110    -36.110      9.005   -999.900   -999.900   -999.900
    -25.000      8.562   -999.900   -999.900   -999.900   1008.462      0.000    -41.110    -41.110      8.562   -999.900   -999.900   -999.900
    -30.000      5.922   -999.900   -999.900   -999.900   1005.822      0.000    -46.110    -46.110      5.922   -999.900   -999.900   -999.900
    -35.000      1.385   -999.900   -999.900   -999.900   1001.285      0.000    -51.110    -51.110      1.385   -999.900   -999.900   -999.900
    -40.000     -3.514   -999.900   -999.900   -999.900    996.386      0.000    -56.110    -56.110     -3.514   -999.900   -999.900   -999.900
    -45.000     -8.478   -999.900   -999.900   -999.900    991.422      0.000    -61.110    -61.110     -8.478   -999.900   -999.900   -999.900
    -50.000    -13.455   -999.900   -999.900   -999.900    986.445      0.000    -66.110    -66.110    -13.457   -999.900   -999.900   -999.900
    -55.000    -18.500   -999.900   -999.900   -999.900    981.400      0.000    -71.110    -71.110    -18.507   -999.900   -999.900   -999.900
    -60.000    -23.483   -999.900   -999.900   -999.900    976.417      0.000    -76.110    -76.110    -23.502   -999.900   -999.900   -999.900
    -65.000    -28.552   -999.900   -999.900   -999.900    971.348      0.000    -81.110    -81.110    -28.616   -999.900   -999.900   -999.900
    -70.000    -33.508   -999.900   -999.900   -999.900    966.392      0.000    -86.110    -86.110    -33.711   -999.900   -999.900   -999.900
    -75.000    -38.208   -999.900   -999.900   -999.900    961.692      0.000    -91.110    -91.110    -38.838   -999.900   -999.900   -999.900
    -80.000    -42.127   -999.900   -999.900   -999.900    957.773      0.000    -96.110    -96.110    -43.883   -999.900   -999.900   -999.900
    -85.000    -44.786   -999.900   -999.900   -999.900    955.114      0.000   -101.110   -101.110    -48.915   -999.900   -999.900   -999.900
    -90.000    -46.123   -999.900   -999.900   -999.900    953.777      0.000   -106.110   -106.110    -53.944   -999.900   -999.900   -999.900
    -95.000    -46.642   -999.900   -999.900   -999.900    953.258      0.000   -111.110   -111.110    -58.923   -999.900   -999.900   -999.900
   -100.000    -46.818   -999.900   -999.900   -999.900    953.082      0.000   -116.110   -116.110    -63.762   -999.900   -999.900   -999.900
   -105.000    -46.915   -999.900   -999.900   -999.900    952.985      0.000   -121.110   -121.110    -63.762   -999.900   -999.900   -999.900
   -110.000    -46.904   -999.900   -999.900   -999.900    952.996      0.000   -126.110   -126.110    -63.762   -999.900   -999.900   -999.900
   -115.000    -46.907   -999.900   -999.900   -999.900    952.993      0.000   -131.110   -131.110    -63.762   -999.900   -999.900   -999.900
   -120.000    -46.902   -999.900   -999.900   -999.900    952.998      0.000   -136.110   -136.110    -63.762   -999.900   -999.900   -999.900
