      0.000      3.392      3.735   -999.900   -999.900     -0.343      0.000    -27.040    -27.130      3.392      3.735   -999.900   -999.900
     -5.000      3.395      3.735   -999.900   -999.900     -0.340      0.000    -32.040    -32.130      3.395      3.735   -999.900   -999.900
    -10.000      3.324      3.663   -999.900   -999.900     -0.340      0.000    -37.040    -37.130      3.324      3.663   -999.900   -999.900
    -15.000      2.940      3.306   -999.900   -999.900     -0.365      0.000    -42.040    -42.130      2.940      3.306   -999.900   -999.900
    -20.000      1.846      2.279   -999.900   -999.900     -0.433      0.000    -47.040    -47.130      1.846      2.279   -999.900   -999.900
    -25.000     -1.003     -0.363   -999.900   -999.900     -0.640      0.000    -52.040    -52.130     -1.003     -0.363   -999.900   -999.900
    -30.000     -5.241     -4.553   -999.900   -999.900     -0.687      0.000    -57.040    -57.130     -5.241     -4.553   -999.900   -999.900
    -35.000     -9.879     -9.172   -999.900   -999.900     -0.708      0.000    -62.040    -62.130     -9.879     -9.172   -999.900   -999.900
    -40.000    -14.717    -13.983   -999.900   -999.900     -0.734      0.000    -67.040    -67.130    -14.717    -13.983   -999.900   -999.900
    -45.000    -19.648    -18.909   -999.900   -999.900     -0.739      0.000    -72.040    -72.130    -19.649    -18.910   -999.900   -999.900
    -50.000    -24.610    -23.864   -999.900   -999.900     -0.746      0.000    -77.040    -77.130    -24.613    -23.868   -999.900   -999.900
    -55.000    -29.683    -28.940   -999.900   -999.900     -0.743      0.000    -82.040    -82.130    -29.693    -28.951   -999.900   -999.900
    -60.000    -34.765    -34.034   -999.900   -999.900     -0.732      0.000    -87.040    -87.130    -34.798    -34.069   -999.900   -999.900
    -65.000    -39.884    -39.197   -999.900   -999.900     -0.687      0.000    -92.040    -92.130    -39.990    -39.313   -999.900   -999.900
    -70.000    -44.761    -43.952   -999.900   -999.900     -0.810      0.000    -97.040    -97.130    -45.095    -44.308   -999.900   -999.900
    -75.000    -49.124    -48.378   -999.900   -999.900     -0.746      0.000   -102.040   -102.130    -50.103    -49.446   -999.900   -999.900
    -80.000    -52.554    -51.747   -999.900   -999.900     -0.807      0.000   -107.040   -107.130    -55.105    -54.532   -999.900   -999.900
    -85.000    -54.632    -53.700   -999.900   -999.900     -0.932      0.000   -112.040   -112.130    -60.114    -59.587   -999.900   -999.900
    -90.000    -55.495    -54.542   -999.900   -999.900     -0.953      0.000   -117.040   -117.130    -64.511    -64.590   -999.900   -999.900
    -95.000    -55.910    -54.845   -999.900   -999.900     -1.065      0.000   -122.040   -122.130    -70.136    -69.540   -999.900   -999.900
   -100.000    -56.025    -54.930   -999.900   -999.900     -1.095      0.000   -127.040   -127.130    -75.265    -73.234   -999.900   -999.900
   -105.000    -56.078    -54.995   -999.900   -999.900     -1.083      0.000   -132.040   -132.130    -75.265   -107.636   -999.900   -999.900
   -110.000    -56.074    -54.996   -999.900   -999.900     -1.078      0.000   -137.040   -137.130    -75.265   -107.636   -999.900   -999.900
   -115.000    -56.081    -54.996   -999.900   -999.900     -1.085      0.000   -142.040   -142.130    -75.265   -107.636   -999.900   -999.900
   -120.000    -56.076    -54.993   -999.900   -999.900     -1.083      0.000   -147.040   -147.130    -75.265   -107.636   -999.900   -999.900
