      0.000      3.394      3.737   -999.900   -999.900     -0.343      0.000    -27.040    -27.130      3.394      3.737   -999.900   -999.900
     -5.000      3.396      3.737   -999.900   -999.900     -0.340      0.000    -32.040    -32.130      3.396      3.737   -999.900   -999.900
    -10.000      3.326      3.666   -999.900   -999.900     -0.339      0.000    -37.040    -37.130      3.326      3.666   -999.900   -999.900
    -15.000      2.945      3.310   -999.900   -999.900     -0.366      0.000    -42.040    -42.130      2.945      3.310   -999.900   -999.900
    -20.000      1.854      2.287   -999.900   -999.900     -0.434      0.000    -47.040    -47.130      1.854      2.287   -999.900   -999.900
    -25.000     -0.987     -0.345   -999.900   -999.900     -0.642      0.000    -52.040    -52.130     -0.987     -0.345   -999.900   -999.900
    -30.000     -5.227     -4.537   -999.900   -999.900     -0.690      0.000    -57.040    -57.130     -5.227     -4.537   -999.900   -999.900
    -35.000     -9.861     -9.148   -999.900   -999.900     -0.713      0.000    -62.040    -62.130     -9.861     -9.148   -999.900   -999.900
    -40.000    -14.698    -13.961   -999.900   -999.900     -0.737      0.000    -67.040    -67.130    -14.698    -13.961   -999.900   -999.900
    -45.000    -19.628    -18.889   -999.900   -999.900     -0.739      0.000    -72.040    -72.130    -19.629    -18.890   -999.900   -999.900
    -50.000    -24.591    -23.843   -999.900   -999.900     -0.748      0.000    -77.040    -77.130    -24.595    -23.847   -999.900   -999.900
    -55.000    -29.663    -28.918   -999.900   -999.900     -0.744      0.000    -82.040    -82.130    -29.673    -28.929   -999.900   -999.900
    -60.000    -34.749    -34.011   -999.900   -999.900     -0.738      0.000    -87.040    -87.130    -34.782    -34.046   -999.900   -999.900
    -65.000    -39.863    -39.173   -999.900   -999.900     -0.690      0.000    -92.040    -92.130    -39.968    -39.288   -999.900   -999.900
    -70.000    -44.744    -43.937   -999.900   -999.900     -0.807      0.000    -97.040    -97.130    -45.077    -44.292   -999.900   -999.900
    -75.000    -49.110    -48.363   -999.900   -999.900     -0.747      0.000   -102.040   -102.130    -50.088    -49.428   -999.900   -999.900
    -80.000    -52.539    -51.727   -999.900   -999.900     -0.812      0.000   -107.040   -107.130    -55.091    -54.499   -999.900   -999.900
    -85.000    -54.630    -53.683   -999.900   -999.900     -0.947      0.000   -112.040   -112.130    -60.144    -59.537   -999.900   -999.900
    -90.000    -55.558    -54.537   -999.900   -999.900     -1.021      0.000   -117.040   -117.130    -65.168    -64.591   -999.900   -999.900
    -95.000    -55.901    -54.817   -999.900   -999.900     -1.083      0.000   -122.040   -122.130    -70.297    -68.936   -999.900   -999.900
   -100.000    -56.018    -54.955   -999.900   -999.900     -1.063      0.000   -127.040   -127.130    -75.997    -75.972   -999.900   -999.900
   -105.000    -56.082    -54.985   -999.900   -999.900     -1.097      0.000   -132.040   -132.130    -75.997    -84.875   -999.900   -999.900
   -110.000    -56.001    -54.987   -999.900   -999.900     -1.014      0.000   -137.040   -137.130    -75.997    -88.394   -999.900   -999.900
   -115.000    -56.077    -54.992   -999.900   -999.900     -1.085      0.000   -142.040   -142.130    -75.997    -88.394   -999.900   -999.900
   -120.000    -56.087    -54.993   -999.900   -999.900     -1.094      0.000   -147.040   -147.130    -75.997    -88.394   -999.900   -999.900
