      0.000      5.813      5.997   -999.900   -999.900     -0.184      0.000    -27.040    -27.130      5.813      5.997   -999.900   -999.900
     -5.000      5.851      6.001   -999.900   -999.900     -0.150      0.000    -32.040    -32.130      5.851      6.001   -999.900   -999.900
    -10.000      5.805      5.859   -999.900   -999.900     -0.054      0.000    -37.040    -37.130      5.805      5.859   -999.900   -999.900
    -15.000      5.427      5.255   -999.900   -999.900      0.171      0.000    -42.040    -42.130      5.427      5.255   -999.900   -999.900
    -20.000      4.239      3.920   -999.900   -999.900      0.319      0.000    -47.040    -47.130      4.239      3.920   -999.900   -999.900
    -25.000      1.869      0.611   -999.900   -999.900      1.258      0.000    -52.040    -52.130      1.869      0.611   -999.900   -999.900
    -30.000     -2.887     -4.279   -999.900   -999.900      1.391      0.000    -57.040    -57.130     -2.888     -4.279   -999.900   -999.900
    -35.000     -7.825     -9.211   -999.900   -999.900      1.386      0.000    -62.040    -62.130     -7.826     -9.211   -999.900   -999.900
    -40.000    -12.829    -14.228   -999.900   -999.900      1.399      0.000    -67.040    -67.130    -12.829    -14.228   -999.900   -999.900
    -45.000    -17.834    -19.260   -999.900   -999.900      1.426      0.000    -72.040    -72.130    -17.835    -19.261   -999.900   -999.900
    -50.000    -22.881    -24.344   -999.900   -999.900      1.463      0.000    -77.040    -77.130    -22.885    -24.347   -999.900   -999.900
    -55.000    -27.925    -29.456   -999.900   -999.900      1.531      0.000    -82.040    -82.130    -27.936    -29.465   -999.900   -999.900
    -60.000    -32.981    -34.640   -999.900   -999.900      1.659      0.000    -87.040    -87.130    -33.017    -34.669   -999.900   -999.900
    -65.000    -37.937    -39.769   -999.900   -999.900      1.833      0.000    -92.040    -92.130    -38.048    -39.866   -999.900   -999.900
    -70.000    -42.768    -44.737   -999.900   -999.900      1.969      0.000    -97.040    -97.130    -43.115    -45.047   -999.900   -999.900
    -75.000    -47.132    -49.216   -999.900   -999.900      2.084      0.000   -102.040   -102.130    -48.156    -50.149   -999.900   -999.900
    -80.000    -50.517    -52.716   -999.900   -999.900      2.199      0.000   -107.040   -107.130    -53.176    -55.179   -999.900   -999.900
    -85.000    -52.521    -54.852   -999.900   -999.900      2.331      0.000   -112.040   -112.130    -58.151    -60.194   -999.900   -999.900
    -90.000    -53.424    -55.816   -999.900   -999.900      2.392      0.000   -117.040   -117.130    -63.183    -65.160   -999.900   -999.900
    -95.000    -53.750    -56.170   -999.900   -999.900      2.420      0.000   -122.040   -122.130    -68.191    -70.010   -999.900   -999.900
   -100.000    -53.852    -56.308   -999.900   -999.900      2.456      0.000   -127.040   -127.130    -72.698    -76.204   -999.900   -999.900
   -105.000    -53.910    -56.345   -999.900   -999.900      2.435      0.000   -132.040   -132.130    -72.698    -83.848   -999.900   -999.900
   -110.000    -53.906    -56.351   -999.900   -999.900      2.445      0.000   -137.040   -137.130    -72.698    -90.456   -999.900   -999.900
   -115.000    -53.904    -56.358   -999.900   -999.900      2.454      0.000   -142.040   -142.130    -72.698    -90.456   -999.900   -999.900
   -120.000    -53.916    -56.357   -999.900   -999.900      2.442      0.000   -147.040   -147.130    -72.698    -90.456   -999.900   -999.900
