      0.000      3.694      3.904   -999.900   -999.900     -0.210      0.000    -27.040    -27.130      3.694      3.904   -999.900   -999.900
     -5.000      3.703      3.906   -999.900   -999.900     -0.204      0.000    -32.040    -32.130      3.703      3.906   -999.900   -999.900
    -10.000      3.672      3.852   -999.900   -999.900     -0.179      0.000    -37.040    -37.130      3.672      3.852   -999.900   -999.900
    -15.000      3.430      3.540   -999.900   -999.900     -0.110      0.000    -42.040    -42.130      3.430      3.540   -999.900   -999.900
    -20.000      2.561      2.573   -999.900   -999.900     -0.013      0.000    -47.040    -47.130      2.561      2.573   -999.900   -999.900
    -25.000      0.183     -0.092   -999.900   -999.900      0.276      0.000    -52.040    -52.130      0.183     -0.092   -999.900   -999.900
    -30.000     -3.870     -4.230   -999.900   -999.900      0.360      0.000    -57.040    -57.130     -3.870     -4.230   -999.900   -999.900
    -35.000     -8.453     -8.864   -999.900   -999.900      0.411      0.000    -62.040    -62.130     -8.453     -8.864   -999.900   -999.900
    -40.000    -13.246    -13.683   -999.900   -999.900      0.437      0.000    -67.040    -67.130    -13.246    -13.683   -999.900   -999.900
    -45.000    -18.133    -18.597   -999.900   -999.900      0.464      0.000    -72.040    -72.130    -18.134    -18.598   -999.900   -999.900
    -50.000    -23.065    -23.556   -999.900   -999.900      0.491      0.000    -77.040    -77.130    -23.068    -23.559   -999.900   -999.900
    -55.000    -28.074    -28.619   -999.900   -999.900      0.545      0.000    -82.040    -82.130    -28.082    -28.629   -999.900   -999.900
    -60.000    -32.986    -33.724   -999.900   -999.900      0.738      0.000    -87.040    -87.130    -33.011    -33.756   -999.900   -999.900
    -65.000    -38.020    -38.925   -999.900   -999.900      0.906      0.000    -92.040    -92.130    -38.101    -39.034   -999.900   -999.900
    -70.000    -43.020    -43.564   -999.900   -999.900      0.545      0.000    -97.040    -97.130    -43.284    -43.890   -999.900   -999.900
    -75.000    -47.615    -47.915   -999.900   -999.900      0.300      0.000   -102.040   -102.130    -48.423    -48.865   -999.900   -999.900
    -80.000    -51.284    -51.371   -999.900   -999.900      0.087      0.000   -107.040   -107.130    -53.467    -53.855   -999.900   -999.900
    -85.000    -53.611    -53.490   -999.900   -999.900     -0.122      0.000   -112.040   -112.130    -58.497    -58.856   -999.900   -999.900
    -90.000    -54.698    -54.440   -999.900   -999.900     -0.258      0.000   -117.040   -117.130    -63.466    -63.754   -999.900   -999.900
    -95.000    -55.118    -54.805   -999.900   -999.900     -0.313      0.000   -122.040   -122.130    -68.617    -68.820   -999.900   -999.900
   -100.000    -55.257    -54.931   -999.900   -999.900     -0.326      0.000   -127.040   -127.130    -73.914    -74.360   -999.900   -999.900
   -105.000    -55.320    -54.977   -999.900   -999.900     -0.344      0.000   -132.040   -132.130    -73.914    -84.811   -999.900   -999.900
   -110.000    -55.318    -54.981   -999.900   -999.900     -0.337      0.000   -137.040   -137.130    -73.914    -84.811   -999.900   -999.900
   -115.000    -55.314    -54.980   -999.900   -999.900     -0.335      0.000   -142.040   -142.130    -73.914    -84.811   -999.900   -999.900
   -120.000    -55.313    -54.987   -999.900   -999.900     -0.326      0.000   -147.040   -147.130    -73.914    -84.811   -999.900   -999.900
