      0.000      3.669      3.912   -999.900   -999.900     -0.244      0.000    -27.040    -27.130      3.669      3.912   -999.900   -999.900
     -5.000      3.677      3.920   -999.900   -999.900     -0.244      0.000    -32.040    -32.130      3.677      3.920   -999.900   -999.900
    -10.000      3.645      3.886   -999.900   -999.900     -0.240      0.000    -37.040    -37.130      3.645      3.886   -999.900   -999.900
    -15.000      3.420      3.674   -999.900   -999.900     -0.254      0.000    -42.040    -42.130      3.420      3.674   -999.900   -999.900
    -20.000      2.589      2.886   -999.900   -999.900     -0.298      0.000    -47.040    -47.130      2.589      2.886   -999.900   -999.900
    -25.000      0.273      0.767   -999.900   -999.900     -0.494      0.000    -52.040    -52.130      0.273      0.767   -999.900   -999.900
    -30.000     -3.758     -3.228   -999.900   -999.900     -0.530      0.000    -57.040    -57.130     -3.758     -3.228   -999.900   -999.900
    -35.000     -8.333     -7.794   -999.900   -999.900     -0.539      0.000    -62.040    -62.130     -8.333     -7.794   -999.900   -999.900
    -40.000    -13.132    -12.584   -999.900   -999.900     -0.548      0.000    -67.040    -67.130    -13.132    -12.584   -999.900   -999.900
    -45.000    -18.034    -17.480   -999.900   -999.900     -0.554      0.000    -72.040    -72.130    -18.035    -17.481   -999.900   -999.900
    -50.000    -22.989    -22.447   -999.900   -999.900     -0.542      0.000    -77.040    -77.130    -22.991    -22.450   -999.900   -999.900
    -55.000    -28.053    -27.540   -999.900   -999.900     -0.513      0.000    -82.040    -82.130    -28.061    -27.550   -999.900   -999.900
    -60.000    -33.042    -32.596   -999.900   -999.900     -0.446      0.000    -87.040    -87.130    -33.068    -32.627   -999.900   -999.900
    -65.000    -38.176    -37.748   -999.900   -999.900     -0.428      0.000    -92.040    -92.130    -38.263    -37.853   -999.900   -999.900
    -70.000    -43.079    -42.465   -999.900   -999.900     -0.614      0.000    -97.040    -97.130    -43.353    -42.786   -999.900   -999.900
    -75.000    -47.547    -46.854   -999.900   -999.900     -0.693      0.000   -102.040   -102.130    -48.362    -47.799   -999.900   -999.900
    -80.000    -51.177    -50.346   -999.900   -999.900     -0.831      0.000   -107.040   -107.130    -53.357    -52.839   -999.900   -999.900
    -85.000    -53.512    -52.462   -999.900   -999.900     -1.049      0.000   -112.040   -112.130    -58.399    -57.853   -999.900   -999.900
    -90.000    -54.605    -53.421   -999.900   -999.900     -1.184      0.000   -117.040   -117.130    -63.426    -62.876   -999.900   -999.900
    -95.000    -55.016    -53.771   -999.900   -999.900     -1.246      0.000   -122.040   -122.130    -68.488    -67.849   -999.900   -999.900
   -100.000    -55.150    -53.877   -999.900   -999.900     -1.273      0.000   -127.040   -127.130    -73.356    -72.021   -999.900   -999.900
   -105.000    -55.211    -53.942   -999.900   -999.900     -1.269      0.000   -132.040   -132.130    -84.354    -88.118   -999.900   -999.900
   -110.000    -55.219    -53.952   -999.900   -999.900     -1.267      0.000   -137.040   -137.130    -84.354    -88.118   -999.900   -999.900
   -115.000    -55.218    -53.941   -999.900   -999.900     -1.277      0.000   -142.040   -142.130    -84.354    -88.118   -999.900   -999.900
   -120.000    -55.216    -53.940   -999.900   -999.900     -1.276      0.000   -147.040   -147.130    -84.354    -88.118   -999.900   -999.900
