      0.000      5.810      5.996   -999.900   -999.900     -0.186      0.000    -27.040    -27.130      5.810      5.996   -999.900   -999.900
     -5.000      5.847      6.001   -999.900   -999.900     -0.153      0.000    -32.040    -32.130      5.847      6.001   -999.900   -999.900
    -10.000      5.802      5.859   -999.900   -999.900     -0.057      0.000    -37.040    -37.130      5.802      5.859   -999.900   -999.900
    -15.000      5.425      5.257   -999.900   -999.900      0.168      0.000    -42.040    -42.130      5.425      5.257   -999.900   -999.900
    -20.000      4.235      3.922   -999.900   -999.900      0.313      0.000    -47.040    -47.130      4.235      3.922   -999.900   -999.900
    -25.000      1.858      0.610   -999.900   -999.900      1.248      0.000    -52.040    -52.130      1.858      0.610   -999.900   -999.900
    -30.000     -2.902     -4.280   -999.900   -999.900      1.378      0.000    -57.040    -57.130     -2.902     -4.280   -999.900   -999.900
    -35.000     -7.842     -9.214   -999.900   -999.900      1.372      0.000    -62.040    -62.130     -7.842     -9.214   -999.900   -999.900
    -40.000    -12.846    -14.231   -999.900   -999.900      1.385      0.000    -67.040    -67.130    -12.846    -14.231   -999.900   -999.900
    -45.000    -17.851    -19.262   -999.900   -999.900      1.411      0.000    -72.040    -72.130    -17.852    -19.263   -999.900   -999.900
    -50.000    -22.898    -24.347   -999.900   -999.900      1.449      0.000    -77.040    -77.130    -22.900    -24.349   -999.900   -999.900
    -55.000    -27.945    -29.462   -999.900   -999.900      1.517      0.000    -82.040    -82.130    -27.951    -29.467   -999.900   -999.900
    -60.000    -33.012    -34.656   -999.900   -999.900      1.644      0.000    -87.040    -87.130    -33.032    -34.673   -999.900   -999.900
    -65.000    -37.999    -39.815   -999.900   -999.900      1.816      0.000    -92.040    -92.130    -38.065    -39.872   -999.900   -999.900
    -70.000    -42.927    -44.868   -999.900   -999.900      1.941      0.000    -97.040    -97.130    -43.135    -45.053   -999.900   -999.900
    -75.000    -47.547    -49.575   -999.900   -999.900      2.028      0.000   -102.040   -102.130    -48.179    -50.147   -999.900   -999.900
    -80.000    -51.432    -53.563   -999.900   -999.900      2.131      0.000   -107.040   -107.130    -53.182    -55.167   -999.900   -999.900
    -85.000    -54.089    -56.363   -999.900   -999.900      2.274      0.000   -112.040   -112.130    -58.193    -60.218   -999.900   -999.900
    -90.000    -55.446    -57.797   -999.900   -999.900      2.351      0.000   -117.040   -117.130    -63.288    -65.207   -999.900   -999.900
    -95.000    -55.964    -58.378   -999.900   -999.900      2.414      0.000   -122.040   -122.130    -68.294    -70.298   -999.900   -999.900
   -100.000    -56.141    -58.576   -999.900   -999.900      2.435      0.000   -127.040   -127.130    -73.284    -75.424   -999.900   -999.900
   -105.000    -56.217    -58.661   -999.900   -999.900      2.444      0.000   -132.040   -132.130    -83.431    -87.765   -999.900   -999.900
   -110.000    -56.229    -58.670   -999.900   -999.900      2.441      0.000   -137.040   -137.130    -83.431    -87.765   -999.900   -999.900
   -115.000    -56.236    -58.670   -999.900   -999.900      2.435      0.000   -142.040   -142.130    -83.431    -87.765   -999.900   -999.900
   -120.000    -56.221    -58.664   -999.900   -999.900      2.443      0.000   -147.040   -147.130    -83.431    -87.765   -999.900   -999.900
