      0.000      6.333      3.139   -999.900   -999.900      3.194      0.000    -29.400    -30.400      6.333      3.139   -999.900   -999.900
     -5.000      6.111      3.079   -999.900   -999.900      3.032      0.000    -34.400    -35.400      6.111      3.079   -999.900   -999.900
    -10.000      5.188      2.685   -999.900   -999.900      2.503      0.000    -39.400    -40.400      5.188      2.685   -999.900   -999.900
    -15.000      2.805      1.336   -999.900   -999.900      1.468      0.000    -44.400    -45.400      2.805      1.336   -999.900   -999.900
    -20.000     -1.892     -2.158   -999.900   -999.900      0.266      0.000    -49.400    -50.400     -1.892     -2.158   -999.900   -999.900
    -25.000     -6.813     -6.976   -999.900   -999.900      0.163      0.000    -54.400    -55.400     -6.813     -6.976   -999.900   -999.900
    -30.000    -11.725    -11.853   -999.900   -999.900      0.128      0.000    -59.400    -60.400    -11.725    -11.853   -999.900   -999.900
    -35.000    -16.777    -16.883   -999.900   -999.900      0.105      0.000    -64.400    -65.400    -16.777    -16.883   -999.900   -999.900
    -40.000    -21.826    -21.931   -999.900   -999.900      0.105      0.000    -69.400    -70.400    -21.826    -21.931   -999.900   -999.900
    -45.000    -27.305    -27.107   -999.900   -999.900     -0.197      0.000    -74.400    -75.400    -27.306    -27.108   -999.900   -999.900
    -50.000    -32.280    -32.085   -999.900   -999.900     -0.195      0.000    -79.400    -80.400    -32.284    -32.089   -999.900   -999.900
    -55.000    -37.181    -37.150   -999.900   -999.900     -0.030      0.000    -84.400    -85.400    -37.194    -37.163   -999.900   -999.900
    -60.000    -42.058    -42.296   -999.900   -999.900      0.238      0.000    -89.400    -90.400    -42.100    -42.339   -999.900   -999.900
    -65.000    -46.974    -47.407   -999.900   -999.900      0.434      0.000    -94.400    -95.400    -47.105    -47.548   -999.900   -999.900
    -70.000    -51.758    -52.122   -999.900   -999.900      0.364      0.000    -99.400   -100.400    -52.166    -52.553   -999.900   -999.900
    -75.000    -56.003    -56.262   -999.900   -999.900      0.259      0.000   -104.400   -105.400    -57.187    -57.485   -999.900   -999.900
    -80.000    -59.167    -59.381   -999.900   -999.900      0.214      0.000   -109.400   -110.400    -62.129    -62.420   -999.900   -999.900
    -85.000    -61.013    -61.172   -999.900   -999.900      0.159      0.000   -114.400   -115.400    -67.144    -67.375   -999.900   -999.900
    -90.000    -61.821    -61.945   -999.900   -999.900      0.125      0.000   -119.400   -120.400    -72.319    -72.327   -999.900   -999.900
    -95.000    -62.100    -62.222   -999.900   -999.900      0.122      0.000   -124.400   -125.400    -77.514    -77.190   -999.900   -999.900
   -100.000    -62.174    -62.323   -999.900   -999.900      0.149      0.000   -129.400   -130.400    -81.414    -82.765   -999.900   -999.900
   -105.000    -62.224    -62.356   -999.900   -999.900      0.133      0.000   -134.400   -135.400    -94.546    -90.803   -999.900   -999.900
   -110.000    -62.203    -62.370   -999.900   -999.900      0.167      0.000   -139.400   -140.400    -84.926    -90.803   -999.900   -999.900
   -115.000    -62.241    -62.364   -999.900   -999.900      0.123      0.000   -144.400   -145.400    -84.926    -90.803   -999.900   -999.900
   -120.000    -62.238    -62.361   -999.900   -999.900      0.122      0.000   -149.400   -150.400    -84.926    -90.803   -999.900   -999.900
