      0.000      6.134      2.982   -999.900   -999.900      3.153      0.000    -29.400    -30.400      6.134      2.982   -999.900   -999.900
     -5.000      5.872      2.824   -999.900   -999.900      3.048      0.000    -34.400    -35.400      5.872      2.824   -999.900   -999.900
    -10.000      4.848      2.140   -999.900   -999.900      2.708      0.000    -39.400    -40.400      4.848      2.140   -999.900   -999.900
    -15.000      1.973      0.122   -999.900   -999.900      1.852      0.000    -44.400    -45.400      1.973      0.122   -999.900   -999.900
    -20.000     -2.836     -4.383   -999.900   -999.900      1.547      0.000    -49.400    -50.400     -2.836     -4.383   -999.900   -999.900
    -25.000     -7.722     -9.223   -999.900   -999.900      1.501      0.000    -54.400    -55.400     -7.722     -9.223   -999.900   -999.900
    -30.000    -12.661    -14.154   -999.900   -999.900      1.493      0.000    -59.400    -60.400    -12.661    -14.154   -999.900   -999.900
    -35.000    -17.777    -19.275   -999.900   -999.900      1.499      0.000    -64.400    -65.400    -17.777    -19.276   -999.900   -999.900
    -40.000    -22.839    -24.336   -999.900   -999.900      1.497      0.000    -69.400    -70.400    -22.839    -24.336   -999.900   -999.900
    -45.000    -27.893    -29.433   -999.900   -999.900      1.540      0.000    -74.400    -75.400    -27.894    -29.435   -999.900   -999.900
    -50.000    -32.943    -34.527   -999.900   -999.900      1.584      0.000    -79.400    -80.400    -32.947    -34.534   -999.900   -999.900
    -55.000    -37.962    -39.663   -999.900   -999.900      1.701      0.000    -84.400    -85.400    -37.974    -39.686   -999.900   -999.900
    -60.000    -42.867    -44.768   -999.900   -999.900      1.902      0.000    -89.400    -90.400    -42.905    -44.845   -999.900   -999.900
    -65.000    -47.870    -49.765   -999.900   -999.900      1.894      0.000    -94.400    -95.400    -47.993    -50.012   -999.900   -999.900
    -70.000    -52.628    -54.272   -999.900   -999.900      1.644      0.000    -99.400   -100.400    -53.007    -55.010   -999.900   -999.900
    -75.000    -56.942    -58.008   -999.900   -999.900      1.066      0.000   -104.400   -105.400    -58.051    -60.010   -999.900   -999.900
    -80.000    -60.202    -60.447   -999.900   -999.900      0.245      0.000   -109.400   -110.400    -63.022    -64.979   -999.900   -999.900
    -85.000    -62.121    -61.646   -999.900   -999.900     -0.474      0.000   -114.400   -115.400    -68.020    -69.999   -999.900   -999.900
    -90.000    -62.944    -62.095   -999.900   -999.900     -0.850      0.000   -119.400   -120.400    -72.860    -74.826   -999.900   -999.900
    -95.000    -63.254    -62.258   -999.900   -999.900     -0.996      0.000   -124.400   -125.400    -77.746    -79.956   -999.900   -999.900
   -100.000    -63.376    -62.323   -999.900   -999.900     -1.053      0.000   -129.400   -130.400    -84.322    -88.866   -999.900   -999.900
   -105.000    -63.408    -62.331   -999.900   -999.900     -1.077      0.000   -134.400   -135.400    -95.497    -97.139   -999.900   -999.900
   -110.000    -63.418    -62.330   -999.900   -999.900     -1.087      0.000   -139.400   -140.400    -95.497    -95.769   -999.900   -999.900
   -115.000    -63.413    -62.332   -999.900   -999.900     -1.080      0.000   -144.400   -145.400    -95.497   -109.770   -999.900   -999.900
   -120.000    -63.405    -62.336   -999.900   -999.900     -1.069      0.000   -149.400   -150.400    -95.497   -109.770   -999.900   -999.900
