      0.000      6.362      3.191   -999.900   -999.900      3.171      0.000    -29.400    -30.400      6.362      3.191   -999.900   -999.900
     -5.000      6.076      3.059   -999.900   -999.900      3.017      0.000    -34.400    -35.400      6.076      3.059   -999.900   -999.900
    -10.000      4.951      2.435   -999.900   -999.900      2.516      0.000    -39.400    -40.400      4.951      2.435   -999.900   -999.900
    -15.000      2.166      0.768   -999.900   -999.900      1.397      0.000    -44.400    -45.400      2.166      0.768   -999.900   -999.900
    -20.000     -2.606     -3.348   -999.900   -999.900      0.742      0.000    -49.400    -50.400     -2.606     -3.348   -999.900   -999.900
    -25.000     -7.491     -8.166   -999.900   -999.900      0.675      0.000    -54.400    -55.400     -7.491     -8.166   -999.900   -999.900
    -30.000    -12.539    -13.190   -999.900   -999.900      0.651      0.000    -59.400    -60.400    -12.539    -13.190   -999.900   -999.900
    -35.000    -17.536    -18.166   -999.900   -999.900      0.630      0.000    -64.400    -65.400    -17.536    -18.167   -999.900   -999.900
    -40.000    -22.601    -23.205   -999.900   -999.900      0.604      0.000    -69.400    -70.400    -22.602    -23.206   -999.900   -999.900
    -45.000    -27.673    -28.258   -999.900   -999.900      0.585      0.000    -74.400    -75.400    -27.675    -28.259   -999.900   -999.900
    -50.000    -32.729    -33.248   -999.900   -999.900      0.519      0.000    -79.400    -80.400    -32.733    -33.252   -999.900   -999.900
    -55.000    -37.672    -38.338   -999.900   -999.900      0.666      0.000    -84.400    -85.400    -37.685    -38.351   -999.900   -999.900
    -60.000    -42.513    -43.590   -999.900   -999.900      1.077      0.000    -89.400    -90.400    -42.552    -43.632   -999.900   -999.900
    -65.000    -47.437    -48.727   -999.900   -999.900      1.290      0.000    -94.400    -95.400    -47.559    -48.864   -999.900   -999.900
    -70.000    -52.220    -53.504   -999.900   -999.900      1.284      0.000    -99.400   -100.400    -52.598    -53.929   -999.900   -999.900
    -75.000    -56.525    -57.717   -999.900   -999.900      1.192      0.000   -104.400   -105.400    -57.632    -58.942   -999.900   -999.900
    -80.000    -59.789    -60.834   -999.900   -999.900      1.045      0.000   -109.400   -110.400    -62.603    -63.878   -999.900   -999.900
    -85.000    -61.715    -62.591   -999.900   -999.900      0.876      0.000   -114.400   -115.400    -67.613    -68.697   -999.900   -999.900
    -90.000    -62.558    -63.396   -999.900   -999.900      0.838      0.000   -119.400   -120.400    -72.647    -73.789   -999.900   -999.900
    -95.000    -62.862    -63.644   -999.900   -999.900      0.782      0.000   -124.400   -125.400    -77.739    -77.853   -999.900   -999.900
   -100.000    -62.976    -63.772   -999.900   -999.900      0.795      0.000   -129.400   -130.400    -84.701    -84.098   -999.900   -999.900
   -105.000    -63.014    -63.817   -999.900   -999.900      0.803      0.000   -134.400   -135.400    -84.701    -84.098   -999.900   -999.900
   -110.000    -63.003    -63.826   -999.900   -999.900      0.824      0.000   -139.400   -140.400    -84.701    -84.098   -999.900   -999.900
   -115.000    -63.015    -63.796   -999.900   -999.900      0.782      0.000   -144.400   -145.400    -84.701    -84.098   -999.900   -999.900
   -120.000    -62.991    -63.808   -999.900   -999.900      0.818      0.000   -149.400   -150.400    -84.701    -84.098   -999.900   -999.900
