      0.000      6.128      3.199   -999.900   -999.900      2.929      0.000    -26.900    -26.210      6.128      3.199   -999.900   -999.900
     -5.000      5.993      3.287   -999.900   -999.900      2.706      0.000    -31.900    -31.210      5.993      3.287   -999.900   -999.900
    -10.000      5.352      3.248   -999.900   -999.900      2.104      0.000    -36.900    -36.210      5.352      3.248   -999.900   -999.900
    -15.000      3.579      2.928   -999.900   -999.900      0.651      0.000    -41.900    -41.210      3.579      2.928   -999.900   -999.900
    -20.000     -0.646      1.802   -999.900   -999.900     -2.448      0.000    -46.900    -46.210     -0.646      1.802   -999.900   -999.900
    -25.000     -5.464     -0.934   -999.900   -999.900     -4.530      0.000    -51.900    -51.210     -5.464     -0.934   -999.900   -999.900
    -30.000    -10.429     -5.679   -999.900   -999.900     -4.750      0.000    -56.900    -56.210    -10.429     -5.679   -999.900   -999.900
    -35.000    -15.457    -10.624   -999.900   -999.900     -4.833      0.000    -61.900    -61.210    -15.457    -10.624   -999.900   -999.900
    -40.000    -20.517    -15.638   -999.900   -999.900     -4.879      0.000    -66.900    -66.210    -20.517    -15.638   -999.900   -999.900
    -45.000    -25.590    -20.699   -999.900   -999.900     -4.890      0.000    -71.900    -71.210    -25.590    -20.700   -999.900   -999.900
    -50.000    -30.653    -25.748   -999.900   -999.900     -4.905      0.000    -76.900    -76.210    -30.655    -25.750   -999.900   -999.900
    -55.000    -35.767    -30.893   -999.900   -999.900     -4.874      0.000    -81.900    -81.210    -35.774    -30.898   -999.900   -999.900
    -60.000    -40.804    -36.017   -999.900   -999.900     -4.787      0.000    -86.900    -86.210    -40.827    -36.034   -999.900   -999.900
    -65.000    -45.820    -41.184   -999.900   -999.900     -4.636      0.000    -91.900    -91.210    -45.893    -41.242   -999.900   -999.900
    -70.000    -50.658    -46.204   -999.900   -999.900     -4.454      0.000    -96.900    -96.210    -50.884    -46.390   -999.900   -999.900
    -75.000    -55.197    -50.895   -999.900   -999.900     -4.303      0.000   -101.900   -101.210    -55.873    -51.466   -999.900   -999.900
    -80.000    -59.008    -54.875   -999.900   -999.900     -4.133      0.000   -106.900   -106.210    -60.853    -56.476   -999.900   -999.900
    -85.000    -61.576    -57.672   -999.900   -999.900     -3.904      0.000   -111.900   -111.210    -65.839    -61.515   -999.900   -999.900
    -90.000    -62.871    -59.114   -999.900   -999.900     -3.757      0.000   -116.900   -116.210    -70.904    -66.528   -999.900   -999.900
    -95.000    -63.358    -59.706   -999.900   -999.900     -3.652      0.000   -121.900   -121.210    -75.770    -71.784   -999.900   -999.900
   -100.000    -63.547    -59.896   -999.900   -999.900     -3.651      0.000   -126.900   -126.210    -81.669    -76.913   -999.900   -999.900
   -105.000    -63.615    -59.986   -999.900   -999.900     -3.629      0.000   -131.900   -131.210    -81.669    -76.913   -999.900   -999.900
   -110.000    -63.614    -59.989   -999.900   -999.900     -3.625      0.000   -136.900   -136.210    -81.669    -76.913   -999.900   -999.900
   -115.000    -63.613    -59.981   -999.900   -999.900     -3.632      0.000   -141.900   -141.210    -81.669    -76.913   -999.900   -999.900
   -120.000    -63.617    -59.979   -999.900   -999.900     -3.638      0.000   -146.900   -146.210    -81.669    -76.913   -999.900   -999.900
