      0.000      3.745      3.880   -999.900   -999.900     -0.136      0.000    -26.900    -26.210      3.745      3.880   -999.900   -999.900
     -5.000      3.713      3.857   -999.900   -999.900     -0.145      0.000    -31.900    -31.210      3.713      3.857   -999.900   -999.900
    -10.000      3.469      3.655   -999.900   -999.900     -0.186      0.000    -36.900    -36.210      3.469      3.655   -999.900   -999.900
    -15.000      2.475      2.782   -999.900   -999.900     -0.306      0.000    -41.900    -41.210      2.475      2.782   -999.900   -999.900
    -20.000     -0.264      0.287   -999.900   -999.900     -0.551      0.000    -46.900    -46.210     -0.264      0.287   -999.900   -999.900
    -25.000     -4.401     -3.812   -999.900   -999.900     -0.589      0.000    -51.900    -51.210     -4.401     -3.812   -999.900   -999.900
    -30.000     -8.992     -8.407   -999.900   -999.900     -0.586      0.000    -56.900    -56.210     -8.992     -8.407   -999.900   -999.900
    -35.000    -13.836    -13.247   -999.900   -999.900     -0.588      0.000    -61.900    -61.210    -13.836    -13.247   -999.900   -999.900
    -40.000    -18.781    -18.197   -999.900   -999.900     -0.584      0.000    -66.900    -66.210    -18.781    -18.197   -999.900   -999.900
    -45.000    -23.805    -23.225   -999.900   -999.900     -0.580      0.000    -71.900    -71.210    -23.806    -23.226   -999.900   -999.900
    -50.000    -28.878    -28.304   -999.900   -999.900     -0.574      0.000    -76.900    -76.210    -28.879    -28.305   -999.900   -999.900
    -55.000    -34.037    -33.420   -999.900   -999.900     -0.617      0.000    -81.900    -81.210    -34.041    -33.423   -999.900   -999.900
    -60.000    -38.855    -38.470   -999.900   -999.900     -0.385      0.000    -86.900    -86.210    -38.867    -38.482   -999.900   -999.900
    -65.000    -43.826    -43.435   -999.900   -999.900     -0.391      0.000    -91.900    -91.210    -43.864    -43.474   -999.900   -999.900
    -70.000    -48.578    -48.219   -999.900   -999.900     -0.359      0.000    -96.900    -96.210    -48.693    -48.336   -999.900   -999.900
    -75.000    -53.143    -53.092   -999.900   -999.900     -0.051      0.000   -101.900   -101.210    -53.479    -53.462   -999.900   -999.900
    -80.000    -57.403    -57.419   -999.900   -999.900      0.016      0.000   -106.900   -106.210    -58.365    -58.505   -999.900   -999.900
    -85.000    -60.836    -60.738   -999.900   -999.900     -0.098      0.000   -111.900   -111.210    -63.339    -63.537   -999.900   -999.900
    -90.000    -62.934    -62.658   -999.900   -999.900     -0.276      0.000   -116.900   -116.210    -68.312    -68.496   -999.900   -999.900
    -95.000    -63.898    -63.516   -999.900   -999.900     -0.382      0.000   -121.900   -121.210    -73.353    -73.553   -999.900   -999.900
   -100.000    -64.215    -63.801   -999.900   -999.900     -0.414      0.000   -126.900   -126.210    -77.558    -78.006   -999.900   -999.900
   -105.000    -64.422    -63.962   -999.900   -999.900     -0.460      0.000   -131.900   -131.210    -77.558    -91.375   -999.900   -999.900
   -110.000    -64.415    -63.968   -999.900   -999.900     -0.447      0.000   -136.900   -136.210    -77.558    -98.433   -999.900   -999.900
   -115.000    -64.415    -63.968   -999.900   -999.900     -0.447      0.000   -141.900   -141.210    -77.558    -98.560   -999.900   -999.900
   -120.000    -64.432    -63.981   -999.900   -999.900     -0.451      0.000   -146.900   -146.210    -77.558    -98.560   -999.900   -999.900
