      0.000      5.695      6.281   -999.900   -999.900     -0.585      0.000    -27.380    -27.440      5.695      6.281   -999.900   -999.900
     -5.000      5.736      6.321   -999.900   -999.900     -0.586      0.000    -32.380    -32.440      5.736      6.321   -999.900   -999.900
    -10.000      5.558      6.157   -999.900   -999.900     -0.599      0.000    -37.380    -37.440      5.558      6.157   -999.900   -999.900
    -15.000      4.788      5.438   -999.900   -999.900     -0.650      0.000    -42.380    -42.440      4.788      5.438   -999.900   -999.900
    -20.000      2.754      3.285   -999.900   -999.900     -0.531      0.000    -47.380    -47.440      2.754      3.285   -999.900   -999.900
    -25.000     -1.765     -1.304   -999.900   -999.900     -0.461      0.000    -52.380    -52.440     -1.765     -1.304   -999.900   -999.900
    -30.000     -6.642     -6.179   -999.900   -999.900     -0.463      0.000    -57.380    -57.440     -6.642     -6.179   -999.900   -999.900
    -35.000    -11.640    -11.179   -999.900   -999.900     -0.461      0.000    -62.380    -62.440    -11.640    -11.179   -999.900   -999.900
    -40.000    -16.640    -16.182   -999.900   -999.900     -0.458      0.000    -67.380    -67.440    -16.640    -16.182   -999.900   -999.900
    -45.000    -21.624    -21.178   -999.900   -999.900     -0.446      0.000    -72.380    -72.440    -21.625    -21.179   -999.900   -999.900
    -50.000    -26.626    -26.191   -999.900   -999.900     -0.436      0.000    -77.380    -77.440    -26.629    -26.193   -999.900   -999.900
    -55.000    -31.672    -31.236   -999.900   -999.900     -0.436      0.000    -82.380    -82.440    -31.679    -31.245   -999.900   -999.900
    -60.000    -36.653    -36.133   -999.900   -999.900     -0.521      0.000    -87.380    -87.440    -36.676    -36.159   -999.900   -999.900
    -65.000    -41.493    -40.969   -999.900   -999.900     -0.524      0.000    -92.380    -92.440    -41.562    -41.051   -999.900   -999.900
    -70.000    -46.346    -45.714   -999.900   -999.900     -0.632      0.000    -97.380    -97.440    -46.559    -45.962   -999.900   -999.900
    -75.000    -50.931    -50.198   -999.900   -999.900     -0.734      0.000   -102.380   -102.440    -51.573    -50.932   -999.900   -999.900
    -80.000    -54.786    -53.912   -999.900   -999.900     -0.874      0.000   -107.380   -107.440    -56.550    -55.891   -999.900   -999.900
    -85.000    -57.425    -56.379   -999.900   -999.900     -1.046      0.000   -112.380   -112.440    -61.548    -60.889   -999.900   -999.900
    -90.000    -58.764    -57.583   -999.900   -999.900     -1.181      0.000   -117.380   -117.440    -66.567    -65.885   -999.900   -999.900
    -95.000    -59.314    -58.069   -999.900   -999.900     -1.246      0.000   -122.380   -122.440    -72.066    -71.357   -999.900   -999.900
   -100.000    -59.468    -58.211   -999.900   -999.900     -1.257      0.000   -127.380   -127.440    -76.681    -76.408   -999.900   -999.900
   -105.000    -59.544    -58.279   -999.900   -999.900     -1.265      0.000   -132.380   -132.440    -87.444    -76.408   -999.900   -999.900
   -110.000    -59.559    -58.283   -999.900   -999.900     -1.277      0.000   -137.380   -137.440    -87.444    -76.408   -999.900   -999.900
   -115.000    -59.548    -58.278   -999.900   -999.900     -1.270      0.000   -142.380   -142.440    -87.444    -76.408   -999.900   -999.900
   -120.000    -59.554    -58.270   -999.900   -999.900     -1.284      0.000   -147.380   -147.440    -87.444    -76.408   -999.900   -999.900
