      0.000      5.718      6.264   -999.900   -999.900     -0.546      0.000    -27.380    -27.440      5.718      6.264   -999.900   -999.900
     -5.000      5.665      6.305   -999.900   -999.900     -0.640      0.000    -32.380    -32.440      5.665      6.305   -999.900   -999.900
    -10.000      5.253      6.147   -999.900   -999.900     -0.895      0.000    -37.380    -37.440      5.253      6.147   -999.900   -999.900
    -15.000      3.875      5.476   -999.900   -999.900     -1.601      0.000    -42.380    -42.440      3.875      5.476   -999.900   -999.900
    -20.000      0.279      3.455   -999.900   -999.900     -3.176      0.000    -47.380    -47.440      0.279      3.455   -999.900   -999.900
    -25.000     -4.565     -1.041   -999.900   -999.900     -3.524      0.000    -52.380    -52.440     -4.565     -1.041   -999.900   -999.900
    -30.000     -9.480     -5.906   -999.900   -999.900     -3.574      0.000    -57.380    -57.440     -9.480     -5.906   -999.900   -999.900
    -35.000    -14.528    -10.930   -999.900   -999.900     -3.598      0.000    -62.380    -62.440    -14.528    -10.930   -999.900   -999.900
    -40.000    -19.531    -15.929   -999.900   -999.900     -3.602      0.000    -67.380    -67.440    -19.532    -15.929   -999.900   -999.900
    -45.000    -24.523    -20.925   -999.900   -999.900     -3.598      0.000    -72.380    -72.440    -24.524    -20.926   -999.900   -999.900
    -50.000    -29.524    -25.917   -999.900   -999.900     -3.607      0.000    -77.380    -77.440    -29.526    -25.919   -999.900   -999.900
    -55.000    -34.622    -30.969   -999.900   -999.900     -3.653      0.000    -82.380    -82.440    -34.627    -30.975   -999.900   -999.900
    -60.000    -39.365    -35.862   -999.900   -999.900     -3.503      0.000    -87.380    -87.440    -39.381    -35.879   -999.900   -999.900
    -65.000    -44.411    -40.754   -999.900   -999.900     -3.658      0.000    -92.380    -92.440    -44.463    -40.808   -999.900   -999.900
    -70.000    -49.308    -45.539   -999.900   -999.900     -3.768      0.000    -97.380    -97.440    -49.468    -45.705   -999.900   -999.900
    -75.000    -53.950    -50.198   -999.900   -999.900     -3.752      0.000   -102.380   -102.440    -54.434    -50.700   -999.900   -999.900
    -80.000    -58.012    -54.248   -999.900   -999.900     -3.765      0.000   -107.380   -107.440    -59.373    -55.659   -999.900   -999.900
    -85.000    -61.033    -57.207   -999.900   -999.900     -3.826      0.000   -112.380   -112.440    -64.396    -60.658   -999.900   -999.900
    -90.000    -62.667    -58.815   -999.900   -999.900     -3.852      0.000   -117.380   -117.440    -69.351    -65.676   -999.900   -999.900
    -95.000    -63.364    -59.469   -999.900   -999.900     -3.895      0.000   -122.380   -122.440    -74.446    -70.600   -999.900   -999.900
   -100.000    -63.613    -59.708   -999.900   -999.900     -3.905      0.000   -127.380   -127.440    -79.916    -75.779   -999.900   -999.900
   -105.000    -63.707    -59.817   -999.900   -999.900     -3.889      0.000   -132.380   -132.440    -90.367    -75.779   -999.900   -999.900
   -110.000    -63.718    -59.820   -999.900   -999.900     -3.897      0.000   -137.380   -137.440    -90.367    -75.779   -999.900   -999.900
   -115.000    -63.722    -59.811   -999.900   -999.900     -3.912      0.000   -142.380   -142.440    -90.367    -75.779   -999.900   -999.900
   -120.000    -63.718    -59.819   -999.900   -999.900     -3.899      0.000   -147.380   -147.440    -90.367    -75.779   -999.900   -999.900
