      0.000      3.493      3.800   -999.900   -999.900     -0.307      0.000    -27.040    -27.130      3.493      3.800   -999.900   -999.900
     -5.000      3.500      3.804   -999.900   -999.900     -0.304      0.000    -32.040    -32.130      3.500      3.804   -999.900   -999.900
    -10.000      3.455      3.755   -999.900   -999.900     -0.300      0.000    -37.040    -37.130      3.455      3.755   -999.900   -999.900
    -15.000      3.176      3.482   -999.900   -999.900     -0.306      0.000    -42.040    -42.130      3.176      3.482   -999.900   -999.900
    -20.000      2.259      2.592   -999.900   -999.900     -0.333      0.000    -47.040    -47.130      2.259      2.592   -999.900   -999.900
    -25.000     -0.197      0.252   -999.900   -999.900     -0.450      0.000    -52.040    -52.130     -0.197      0.252   -999.900   -999.900
    -30.000     -4.326     -3.854   -999.900   -999.900     -0.472      0.000    -57.040    -57.130     -4.326     -3.854   -999.900   -999.900
    -35.000     -8.884     -8.403   -999.900   -999.900     -0.481      0.000    -62.040    -62.130     -8.884     -8.403   -999.900   -999.900
    -40.000    -13.687    -13.195   -999.900   -999.900     -0.493      0.000    -67.040    -67.130    -13.688    -13.195   -999.900   -999.900
    -45.000    -18.604    -18.101   -999.900   -999.900     -0.503      0.000    -72.040    -72.130    -18.604    -18.102   -999.900   -999.900
    -50.000    -23.572    -23.077   -999.900   -999.900     -0.495      0.000    -77.040    -77.130    -23.574    -23.078   -999.900   -999.900
    -55.000    -28.634    -28.146   -999.900   -999.900     -0.487      0.000    -82.040    -82.130    -28.638    -28.151   -999.900   -999.900
    -60.000    -33.693    -33.259   -999.900   -999.900     -0.435      0.000    -87.040    -87.130    -33.706    -33.273   -999.900   -999.900
    -65.000    -38.838    -38.452   -999.900   -999.900     -0.386      0.000    -92.040    -92.130    -38.879    -38.498   -999.900   -999.900
    -70.000    -43.863    -43.323   -999.900   -999.900     -0.540      0.000    -97.040    -97.130    -43.995    -43.467   -999.900   -999.900
    -75.000    -48.598    -48.117   -999.900   -999.900     -0.481      0.000   -102.040   -102.130    -49.004    -48.565   -999.900   -999.900
    -80.000    -52.855    -52.344   -999.900   -999.900     -0.512      0.000   -107.040   -107.130    -54.035    -53.649   -999.900   -999.900
    -85.000    -56.044    -55.429   -999.900   -999.900     -0.616      0.000   -112.040   -112.130    -59.018    -58.692   -999.900   -999.900
    -90.000    -57.879    -57.122   -999.900   -999.900     -0.758      0.000   -117.040   -117.130    -64.014    -63.700   -999.900   -999.900
    -95.000    -58.674    -57.838   -999.900   -999.900     -0.836      0.000   -122.040   -122.130    -69.053    -68.811   -999.900   -999.900
   -100.000    -58.951    -58.092   -999.900   -999.900     -0.859      0.000   -127.040   -127.130    -73.920    -74.200   -999.900   -999.900
   -105.000    -59.097    -58.203   -999.900   -999.900     -0.893      0.000   -132.040   -132.130    -73.920    -74.200   -999.900   -999.900
   -110.000    -59.089    -58.204   -999.900   -999.900     -0.885      0.000   -137.040   -137.130    -73.920    -74.200   -999.900   -999.900
   -115.000    -59.093    -58.208   -999.900   -999.900     -0.885      0.000   -142.040   -142.130    -73.920    -74.200   -999.900   -999.900
   -120.000    -59.087    -58.184   -999.900   -999.900     -0.903      0.000   -147.040   -147.130    -73.920    -74.200   -999.900   -999.900
