      0.000      3.470      3.773   -999.900   -999.900     -0.303      0.000    -27.040    -27.130      3.470      3.773   -999.900   -999.900
     -5.000      3.475      3.776   -999.900   -999.900     -0.301      0.000    -32.040    -32.130      3.475      3.776   -999.900   -999.900
    -10.000      3.427      3.725   -999.900   -999.900     -0.298      0.000    -37.040    -37.130      3.427      3.725   -999.900   -999.900
    -15.000      3.132      3.447   -999.900   -999.900     -0.315      0.000    -42.040    -42.130      3.132      3.447   -999.900   -999.900
    -20.000      2.192      2.549   -999.900   -999.900     -0.357      0.000    -47.040    -47.130      2.192      2.549   -999.900   -999.900
    -25.000     -0.311      0.201   -999.900   -999.900     -0.512      0.000    -52.040    -52.130     -0.311      0.201   -999.900   -999.900
    -30.000     -4.462     -3.913   -999.900   -999.900     -0.549      0.000    -57.040    -57.130     -4.462     -3.913   -999.900   -999.900
    -35.000     -9.050     -8.484   -999.900   -999.900     -0.566      0.000    -62.040    -62.130     -9.050     -8.484   -999.900   -999.900
    -40.000    -13.862    -13.281   -999.900   -999.900     -0.581      0.000    -67.040    -67.130    -13.862    -13.281   -999.900   -999.900
    -45.000    -18.779    -18.186   -999.900   -999.900     -0.593      0.000    -72.040    -72.130    -18.779    -18.187   -999.900   -999.900
    -50.000    -23.731    -23.141   -999.900   -999.900     -0.591      0.000    -77.040    -77.130    -23.732    -23.142   -999.900   -999.900
    -55.000    -28.792    -28.209   -999.900   -999.900     -0.583      0.000    -82.040    -82.130    -28.796    -28.213   -999.900   -999.900
    -60.000    -33.865    -33.313   -999.900   -999.900     -0.552      0.000    -87.040    -87.130    -33.878    -33.327   -999.900   -999.900
    -65.000    -39.020    -38.550   -999.900   -999.900     -0.470      0.000    -92.040    -92.130    -39.062    -38.597   -999.900   -999.900
    -70.000    -44.053    -43.417   -999.900   -999.900     -0.636      0.000    -97.040    -97.130    -44.188    -43.563   -999.900   -999.900
    -75.000    -48.789    -48.224   -999.900   -999.900     -0.565      0.000   -102.040   -102.130    -49.204    -48.681   -999.900   -999.900
    -80.000    -53.009    -52.439   -999.900   -999.900     -0.570      0.000   -107.040   -107.130    -54.209    -53.769   -999.900   -999.900
    -85.000    -56.203    -55.499   -999.900   -999.900     -0.704      0.000   -112.040   -112.130    -59.243    -58.811   -999.900   -999.900
    -90.000    -58.002    -57.172   -999.900   -999.900     -0.830      0.000   -117.040   -117.130    -64.235    -63.835   -999.900   -999.900
    -95.000    -58.762    -57.855   -999.900   -999.900     -0.907      0.000   -122.040   -122.130    -69.099    -68.709   -999.900   -999.900
   -100.000    -59.053    -58.116   -999.900   -999.900     -0.938      0.000   -127.040   -127.130    -74.347    -74.077   -999.900   -999.900
   -105.000    -59.179    -58.228   -999.900   -999.900     -0.951      0.000   -132.040   -132.130    -89.327    -74.077   -999.900   -999.900
   -110.000    -59.192    -58.218   -999.900   -999.900     -0.974      0.000   -137.040   -137.130    -89.327    -74.077   -999.900   -999.900
   -115.000    -59.177    -58.227   -999.900   -999.900     -0.951      0.000   -142.040   -142.130    -89.327    -74.077   -999.900   -999.900
   -120.000    -59.186    -58.236   -999.900   -999.900     -0.950      0.000   -147.040   -147.130    -89.327    -74.077   -999.900   -999.900
