      0.000      6.191      3.119   -999.900   -999.900      3.072      0.000    -29.400    -30.400      6.191      3.119   -999.900   -999.900
     -5.000      5.931      3.039   -999.900   -999.900      2.892      0.000    -34.400    -35.400      5.931      3.039   -999.900   -999.900
    -10.000      4.891      2.578   -999.900   -999.900      2.313      0.000    -39.400    -40.400      4.891      2.578   -999.900   -999.900
    -15.000      2.166      1.095   -999.900   -999.900      1.072      0.000    -44.400    -45.400      2.166      1.095   -999.900   -999.900
    -20.000     -2.618     -2.730   -999.900   -999.900      0.112      0.000    -49.400    -50.400     -2.618     -2.730   -999.900   -999.900
    -25.000     -7.556     -7.578   -999.900   -999.900      0.021      0.000    -54.400    -55.400     -7.556     -7.578   -999.900   -999.900
    -30.000    -12.498    -12.490   -999.900   -999.900     -0.008      0.000    -59.400    -60.400    -12.498    -12.490   -999.900   -999.900
    -35.000    -17.531    -17.511   -999.900   -999.900     -0.020      0.000    -64.400    -65.400    -17.531    -17.512   -999.900   -999.900
    -40.000    -22.542    -22.534   -999.900   -999.900     -0.008      0.000    -69.400    -70.400    -22.542    -22.534   -999.900   -999.900
    -45.000    -27.555    -27.567   -999.900   -999.900      0.012      0.000    -74.400    -75.400    -27.556    -27.568   -999.900   -999.900
    -50.000    -32.559    -32.608   -999.900   -999.900      0.050      0.000    -79.400    -80.400    -32.562    -32.612   -999.900   -999.900
    -55.000    -37.596    -37.697   -999.900   -999.900      0.101      0.000    -84.400    -85.400    -37.607    -37.709   -999.900   -999.900
    -60.000    -42.559    -42.748   -999.900   -999.900      0.189      0.000    -89.400    -90.400    -42.595    -42.786   -999.900   -999.900
    -65.000    -47.415    -47.505   -999.900   -999.900      0.090      0.000    -94.400    -95.400    -47.526    -47.622   -999.900   -999.900
    -70.000    -52.178    -52.174   -999.900   -999.900     -0.005      0.000    -99.400   -100.400    -52.519    -52.525   -999.900   -999.900
    -75.000    -56.530    -56.460   -999.900   -999.900     -0.070      0.000   -104.400   -105.400    -57.531    -57.476   -999.900   -999.900
    -80.000    -59.936    -59.847   -999.900   -999.900     -0.089      0.000   -109.400   -110.400    -62.539    -62.483   -999.900   -999.900
    -85.000    -61.979    -61.867   -999.900   -999.900     -0.111      0.000   -114.400   -115.400    -67.531    -67.465   -999.900   -999.900
    -90.000    -62.898    -62.761   -999.900   -999.900     -0.137      0.000   -119.400   -120.400    -72.550    -72.346   -999.900   -999.900
    -95.000    -63.233    -63.112   -999.900   -999.900     -0.121      0.000   -124.400   -125.400    -77.568    -77.667   -999.900   -999.900
   -100.000    -63.342    -63.221   -999.900   -999.900     -0.121      0.000   -129.400   -130.400    -82.438    -82.970   -999.900   -999.900
   -105.000    -63.382    -63.271   -999.900   -999.900     -0.111      0.000   -134.400   -135.400    -88.315    -82.970   -999.900   -999.900
   -110.000    -63.398    -63.272   -999.900   -999.900     -0.127      0.000   -139.400   -140.400    -88.315    -82.970   -999.900   -999.900
   -115.000    -63.404    -63.263   -999.900   -999.900     -0.141      0.000   -144.400   -145.400    -88.315    -82.970   -999.900   -999.900
   -120.000    -63.400    -63.264   -999.900   -999.900     -0.136      0.000   -149.400   -150.400    -88.315    -82.970   -999.900   -999.900
