      0.000      6.098      2.958   -999.900   -999.900      3.139      0.000    -29.400    -30.400      6.098      2.958   -999.900   -999.900
     -5.000      5.842      2.803   -999.900   -999.900      3.039      0.000    -34.400    -35.400      5.842      2.803   -999.900   -999.900
    -10.000      4.837      2.130   -999.900   -999.900      2.708      0.000    -39.400    -40.400      4.837      2.130   -999.900   -999.900
    -15.000      1.934      0.080   -999.900   -999.900      1.854      0.000    -44.400    -45.400      1.934      0.080   -999.900   -999.900
    -20.000     -2.879     -4.447   -999.900   -999.900      1.568      0.000    -49.400    -50.400     -2.879     -4.447   -999.900   -999.900
    -25.000     -7.769     -9.288   -999.900   -999.900      1.519      0.000    -54.400    -55.400     -7.769     -9.288   -999.900   -999.900
    -30.000    -12.665    -14.177   -999.900   -999.900      1.512      0.000    -59.400    -60.400    -12.665    -14.177   -999.900   -999.900
    -35.000    -17.814    -19.331   -999.900   -999.900      1.517      0.000    -64.400    -65.400    -17.814    -19.331   -999.900   -999.900
    -40.000    -22.874    -24.389   -999.900   -999.900      1.516      0.000    -69.400    -70.400    -22.874    -24.390   -999.900   -999.900
    -45.000    -27.923    -29.476   -999.900   -999.900      1.553      0.000    -74.400    -75.400    -27.924    -29.478   -999.900   -999.900
    -50.000    -32.976    -34.572   -999.900   -999.900      1.596      0.000    -79.400    -80.400    -32.979    -34.578   -999.900   -999.900
    -55.000    -37.992    -39.698   -999.900   -999.900      1.705      0.000    -84.400    -85.400    -38.002    -39.716   -999.900   -999.900
    -60.000    -42.863    -44.779   -999.900   -999.900      1.916      0.000    -89.400    -90.400    -42.893    -44.839   -999.900   -999.900
    -65.000    -47.897    -49.837   -999.900   -999.900      1.940      0.000    -94.400    -95.400    -47.993    -50.031   -999.900   -999.900
    -70.000    -52.707    -54.449   -999.900   -999.900      1.742      0.000    -99.400   -100.400    -53.004    -55.035   -999.900   -999.900
    -75.000    -57.165    -58.411   -999.900   -999.900      1.246      0.000   -104.400   -105.400    -58.051    -60.052   -999.900   -999.900
    -80.000    -60.688    -61.159   -999.900   -999.900      0.471      0.000   -109.400   -110.400    -63.019    -65.056   -999.900   -999.900
    -85.000    -62.911    -62.585   -999.900   -999.900     -0.326      0.000   -114.400   -115.400    -68.043    -70.099   -999.900   -999.900
    -90.000    -63.928    -63.147   -999.900   -999.900     -0.781      0.000   -119.400   -120.400    -72.998    -75.108   -999.900   -999.900
    -95.000    -64.305    -63.354   -999.900   -999.900     -0.951      0.000   -124.400   -125.400    -77.817    -80.792   -999.900   -999.900
   -100.000    -64.437    -63.412   -999.900   -999.900     -1.025      0.000   -129.400   -130.400    -82.643    -86.689   -999.900   -999.900
   -105.000    -64.487    -63.436   -999.900   -999.900     -1.051      0.000   -134.400   -135.400    -89.016    -86.689   -999.900   -999.900
   -110.000    -64.510    -63.430   -999.900   -999.900     -1.080      0.000   -139.400   -140.400    -89.016    -86.689   -999.900   -999.900
   -115.000    -64.515    -63.438   -999.900   -999.900     -1.077      0.000   -144.400   -145.400    -89.016    -86.689   -999.900   -999.900
   -120.000    -64.498    -63.426   -999.900   -999.900     -1.072      0.000   -149.400   -150.400    -89.016    -86.689   -999.900   -999.900
