      0.000      6.346      3.155   -999.900   -999.900      3.191      0.000    -29.400    -30.400      6.346      3.155   -999.900   -999.900
     -5.000      6.127      3.096   -999.900   -999.900      3.031      0.000    -34.400    -35.400      6.127      3.096   -999.900   -999.900
    -10.000      5.210      2.703   -999.900   -999.900      2.507      0.000    -39.400    -40.400      5.210      2.703   -999.900   -999.900
    -15.000      2.838      1.354   -999.900   -999.900      1.484      0.000    -44.400    -45.400      2.838      1.354   -999.900   -999.900
    -20.000     -1.849     -2.131   -999.900   -999.900      0.282      0.000    -49.400    -50.400     -1.849     -2.131   -999.900   -999.900
    -25.000     -6.770     -6.949   -999.900   -999.900      0.179      0.000    -54.400    -55.400     -6.770     -6.949   -999.900   -999.900
    -30.000    -11.713    -11.857   -999.900   -999.900      0.144      0.000    -59.400    -60.400    -11.713    -11.857   -999.900   -999.900
    -35.000    -16.746    -16.871   -999.900   -999.900      0.126      0.000    -64.400    -65.400    -16.746    -16.871   -999.900   -999.900
    -40.000    -21.790    -21.894   -999.900   -999.900      0.104      0.000    -69.400    -70.400    -21.790    -21.894   -999.900   -999.900
    -45.000    -26.828    -26.917   -999.900   -999.900      0.089      0.000    -74.400    -75.400    -26.829    -26.918   -999.900   -999.900
    -50.000    -31.881    -31.930   -999.900   -999.900      0.049      0.000    -79.400    -80.400    -31.885    -31.933   -999.900   -999.900
    -55.000    -36.815    -37.005   -999.900   -999.900      0.190      0.000    -84.400    -85.400    -36.825    -37.015   -999.900   -999.900
    -60.000    -41.672    -42.139   -999.900   -999.900      0.467      0.000    -89.400    -90.400    -41.702    -42.171   -999.900   -999.900
    -65.000    -46.636    -47.289   -999.900   -999.900      0.653      0.000    -94.400    -95.400    -46.733    -47.395   -999.900   -999.900
    -70.000    -51.448    -52.061   -999.900   -999.900      0.612      0.000    -99.400   -100.400    -51.746    -52.386   -999.900   -999.900
    -75.000    -55.890    -56.390   -999.900   -999.900      0.499      0.000   -104.400   -105.400    -56.775    -57.335   -999.900   -999.900
    -80.000    -59.423    -59.848   -999.900   -999.900      0.425      0.000   -109.400   -110.400    -61.757    -62.318   -999.900   -999.900
    -85.000    -61.647    -61.979   -999.900   -999.900      0.331      0.000   -114.400   -115.400    -66.784    -67.328   -999.900   -999.900
    -90.000    -62.654    -62.951   -999.900   -999.900      0.296      0.000   -119.400   -120.400    -71.674    -72.376   -999.900   -999.900
    -95.000    -63.038    -63.311   -999.900   -999.900      0.274      0.000   -124.400   -125.400    -76.536    -77.582   -999.900   -999.900
   -100.000    -63.172    -63.446   -999.900   -999.900      0.274      0.000   -129.400   -130.400    -81.489    -84.926   -999.900   -999.900
   -105.000    -63.241    -63.495   -999.900   -999.900      0.253      0.000   -134.400   -135.400    -81.489    -84.926   -999.900   -999.900
   -110.000    -63.222    -63.482   -999.900   -999.900      0.260      0.000   -139.400   -140.400    -81.489    -84.926   -999.900   -999.900
   -115.000    -63.242    -63.470   -999.900   -999.900      0.228      0.000   -144.400   -145.400    -81.489    -84.926   -999.900   -999.900
   -120.000    -63.238    -63.461   -999.900   -999.900      0.222      0.000   -149.400   -150.400    -81.489    -84.926   -999.900   -999.900
