      0.000      6.378      3.207   -999.900   -999.900      3.171      0.000    -29.400    -30.400      6.378      3.207   -999.900   -999.900
     -5.000      6.090      3.069   -999.900   -999.900      3.020      0.000    -34.400    -35.400      6.090      3.069   -999.900   -999.900
    -10.000      4.958      2.426   -999.900   -999.900      2.533      0.000    -39.400    -40.400      4.958      2.426   -999.900   -999.900
    -15.000      2.158      0.725   -999.900   -999.900      1.433      0.000    -44.400    -45.400      2.158      0.725   -999.900   -999.900
    -20.000     -2.615     -3.438   -999.900   -999.900      0.822      0.000    -49.400    -50.400     -2.615     -3.438   -999.900   -999.900
    -25.000     -7.502     -8.262   -999.900   -999.900      0.760      0.000    -54.400    -55.400     -7.502     -8.262   -999.900   -999.900
    -30.000    -12.550    -13.285   -999.900   -999.900      0.735      0.000    -59.400    -60.400    -12.551    -13.285   -999.900   -999.900
    -35.000    -17.546    -18.262   -999.900   -999.900      0.716      0.000    -64.400    -65.400    -17.546    -18.262   -999.900   -999.900
    -40.000    -22.612    -23.303   -999.900   -999.900      0.691      0.000    -69.400    -70.400    -22.612    -23.303   -999.900   -999.900
    -45.000    -27.682    -28.355   -999.900   -999.900      0.672      0.000    -74.400    -75.400    -27.683    -28.356   -999.900   -999.900
    -50.000    -32.738    -33.342   -999.900   -999.900      0.604      0.000    -79.400    -80.400    -32.741    -33.345   -999.900   -999.900
    -55.000    -37.677    -38.435   -999.900   -999.900      0.758      0.000    -84.400    -85.400    -37.687    -38.445   -999.900   -999.900
    -60.000    -42.527    -43.688   -999.900   -999.900      1.161      0.000    -89.400    -90.400    -42.557    -43.721   -999.900   -999.900
    -65.000    -47.475    -48.823   -999.900   -999.900      1.348      0.000    -94.400    -95.400    -47.570    -48.931   -999.900   -999.900
    -70.000    -52.307    -53.663   -999.900   -999.900      1.356      0.000    -99.400   -100.400    -52.601    -54.003   -999.900   -999.900
    -75.000    -56.758    -57.993   -999.900   -999.900      1.235      0.000   -104.400   -105.400    -57.634    -58.985   -999.900   -999.900
    -80.000    -60.292    -61.385   -999.900   -999.900      1.092      0.000   -109.400   -110.400    -62.603    -63.951   -999.900   -999.900
    -85.000    -62.514    -63.473   -999.900   -999.900      0.959      0.000   -114.400   -115.400    -67.574    -69.028   -999.900   -999.900
    -90.000    -63.567    -64.412   -999.900   -999.900      0.845      0.000   -119.400   -120.400    -72.665    -74.235   -999.900   -999.900
    -95.000    -63.948    -64.768   -999.900   -999.900      0.820      0.000   -124.400   -125.400    -77.639    -80.345   -999.900   -999.900
   -100.000    -64.087    -64.849   -999.900   -999.900      0.762      0.000   -129.400   -130.400    -83.448    -85.189   -999.900   -999.900
   -105.000    -64.150    -64.892   -999.900   -999.900      0.742      0.000   -134.400   -135.400    -83.448    -85.189   -999.900   -999.900
   -110.000    -64.150    -64.915   -999.900   -999.900      0.765      0.000   -139.400   -140.400    -83.448    -85.189   -999.900   -999.900
   -115.000    -64.126    -64.882   -999.900   -999.900      0.757      0.000   -144.400   -145.400    -83.448    -85.189   -999.900   -999.900
   -120.000    -64.124    -64.869   -999.900   -999.900      0.745      0.000   -149.400   -150.400    -83.448    -85.189   -999.900   -999.900
