      0.000      5.794      6.025   -999.900   -999.900     -0.232      0.000    -27.380    -27.440      5.794      6.025   -999.900   -999.900
     -5.000      5.795      6.042   -999.900   -999.900     -0.248      0.000    -32.380    -32.440      5.795      6.042   -999.900   -999.900
    -10.000      5.541      5.854   -999.900   -999.900     -0.313      0.000    -37.380    -37.440      5.541      5.854   -999.900   -999.900
    -15.000      4.555      5.067   -999.900   -999.900     -0.512      0.000    -42.380    -42.440      4.555      5.067   -999.900   -999.900
    -20.000      2.124      2.752   -999.900   -999.900     -0.628      0.000    -47.380    -47.440      2.124      2.752   -999.900   -999.900
    -25.000     -2.580     -1.893   -999.900   -999.900     -0.687      0.000    -52.380    -52.440     -2.580     -1.893   -999.900   -999.900
    -30.000     -7.549     -6.844   -999.900   -999.900     -0.705      0.000    -57.380    -57.440     -7.549     -6.844   -999.900   -999.900
    -35.000    -12.488    -11.773   -999.900   -999.900     -0.715      0.000    -62.380    -62.440    -12.488    -11.773   -999.900   -999.900
    -40.000    -17.500    -16.779   -999.900   -999.900     -0.721      0.000    -67.380    -67.440    -17.501    -16.780   -999.900   -999.900
    -45.000    -22.532    -21.796   -999.900   -999.900     -0.736      0.000    -72.380    -72.440    -22.536    -21.799   -999.900   -999.900
    -50.000    -27.551    -26.811   -999.900   -999.900     -0.740      0.000    -77.380    -77.440    -27.562    -26.821   -999.900   -999.900
    -55.000    -32.598    -31.827   -999.900   -999.900     -0.771      0.000    -82.380    -82.440    -32.635    -31.859   -999.900   -999.900
    -60.000    -37.427    -36.799   -999.900   -999.900     -0.628      0.000    -87.380    -87.440    -37.539    -36.900   -999.900   -999.900
    -65.000    -42.076    -41.688   -999.900   -999.900     -0.388      0.000    -92.380    -92.440    -42.412    -42.007   -999.900   -999.900
    -70.000    -46.430    -46.149   -999.900   -999.900     -0.281      0.000    -97.380    -97.440    -47.415    -47.105   -999.900   -999.900
    -75.000    -49.872    -49.522   -999.900   -999.900     -0.350      0.000   -102.380   -102.440    -52.454    -51.962   -999.900   -999.900
    -80.000    -51.932    -51.706   -999.900   -999.900     -0.226      0.000   -107.380   -107.440    -57.462    -57.089   -999.900   -999.900
    -85.000    -52.866    -52.655   -999.900   -999.900     -0.211      0.000   -112.380   -112.440    -62.570    -62.012   -999.900   -999.900
    -90.000    -53.213    -53.035   -999.900   -999.900     -0.178      0.000   -117.380   -117.440    -68.062    -67.586   -999.900   -999.900
    -95.000    -53.317    -53.138   -999.900   -999.900     -0.179      0.000   -122.380   -122.440    -73.675    -72.356   -999.900   -999.900
   -100.000    -53.359    -53.166   -999.900   -999.900     -0.193      0.000   -127.380   -127.440    -73.675    -75.607   -999.900   -999.900
   -105.000    -53.360    -53.195   -999.900   -999.900     -0.165      0.000   -132.380   -132.440    -73.675    -75.607   -999.900   -999.900
   -110.000    -53.360    -53.199   -999.900   -999.900     -0.162      0.000   -137.380   -137.440    -73.675    -75.607   -999.900   -999.900
   -115.000    -53.359    -53.184   -999.900   -999.900     -0.174      0.000   -142.380   -142.440    -73.675    -75.607   -999.900   -999.900
   -120.000    -53.351    -53.184   -999.900   -999.900     -0.167      0.000   -147.380   -147.440    -73.675    -75.607   -999.900   -999.900
