      0.000      5.770      6.345   -999.900   -999.900     -0.575      0.000    -27.380    -27.440      5.770      6.345   -999.900   -999.900
     -5.000      5.806      6.381   -999.900   -999.900     -0.575      0.000    -32.380    -32.440      5.806      6.381   -999.900   -999.900
    -10.000      5.625      6.211   -999.900   -999.900     -0.586      0.000    -37.380    -37.440      5.625      6.211   -999.900   -999.900
    -15.000      4.858      5.486   -999.900   -999.900     -0.628      0.000    -42.380    -42.440      4.858      5.486   -999.900   -999.900
    -20.000      2.872      3.365   -999.900   -999.900     -0.493      0.000    -47.380    -47.440      2.872      3.365   -999.900   -999.900
    -25.000     -1.600     -1.195   -999.900   -999.900     -0.405      0.000    -52.380    -52.440     -1.600     -1.195   -999.900   -999.900
    -30.000     -6.539     -6.133   -999.900   -999.900     -0.406      0.000    -57.380    -57.440     -6.539     -6.133   -999.900   -999.900
    -35.000    -11.483    -11.081   -999.900   -999.900     -0.403      0.000    -62.380    -62.440    -11.484    -11.081   -999.900   -999.900
    -40.000    -16.483    -16.084   -999.900   -999.900     -0.399      0.000    -67.380    -67.440    -16.484    -16.086   -999.900   -999.900
    -45.000    -21.475    -21.090   -999.900   -999.900     -0.385      0.000    -72.380    -72.440    -21.479    -21.094   -999.900   -999.900
    -50.000    -26.467    -26.091   -999.900   -999.900     -0.375      0.000    -77.380    -77.440    -26.477    -26.104   -999.900   -999.900
    -55.000    -31.496    -31.117   -999.900   -999.900     -0.379      0.000    -82.380    -82.440    -31.530    -31.157   -999.900   -999.900
    -60.000    -36.461    -35.987   -999.900   -999.900     -0.475      0.000    -87.380    -87.440    -36.566    -36.110   -999.900   -999.900
    -65.000    -41.082    -40.595   -999.900   -999.900     -0.487      0.000    -92.380    -92.440    -41.395    -40.962   -999.900   -999.900
    -70.000    -45.487    -44.830   -999.900   -999.900     -0.657      0.000    -97.380    -97.440    -46.409    -45.880   -999.900   -999.900
    -75.000    -48.995    -48.165   -999.900   -999.900     -0.830      0.000   -102.380   -102.440    -51.428    -50.866   -999.900   -999.900
    -80.000    -51.138    -50.141   -999.900   -999.900     -0.997      0.000   -107.380   -107.440    -56.403    -55.825   -999.900   -999.900
    -85.000    -52.118    -51.031   -999.900   -999.900     -1.087      0.000   -112.380   -112.440    -61.339    -60.850   -999.900   -999.900
    -90.000    -52.486    -51.358   -999.900   -999.900     -1.128      0.000   -117.380   -117.440    -66.267    -66.021   -999.900   -999.900
    -95.000    -52.620    -51.459   -999.900   -999.900     -1.161      0.000   -122.380   -122.440    -71.922    -70.868   -999.900   -999.900
   -100.000    -52.647    -51.494   -999.900   -999.900     -1.153      0.000   -127.380   -127.440    -75.058    -75.995   -999.900   -999.900
   -105.000    -52.679    -51.513   -999.900   -999.900     -1.166      0.000   -132.380   -132.440    -75.058    -75.995   -999.900   -999.900
   -110.000    -52.669    -51.513   -999.900   -999.900     -1.156      0.000   -137.380   -137.440    -75.058    -75.995   -999.900   -999.900
   -115.000    -52.673    -51.509   -999.900   -999.900     -1.164      0.000   -142.380   -142.440    -75.058    -75.995   -999.900   -999.900
   -120.000    -52.666    -51.502   -999.900   -999.900     -1.164      0.000   -147.380   -147.440    -75.058    -75.995   -999.900   -999.900
