      0.000      8.839   -999.900   -999.900   -999.900   1008.739      0.000    -16.110    -16.110      8.839   -999.900   -999.900   -999.900
     -5.000      8.838   -999.900   -999.900   -999.900   1008.738      0.000    -21.110    -21.110      8.838   -999.900   -999.900   -999.900
    -10.000      8.837   -999.900   -999.900   -999.900   1008.737      0.000    -26.110    -26.110      8.837   -999.900   -999.900   -999.900
    -15.000      8.833   -999.900   -999.900   -999.900   1008.733      0.000    -31.110    -31.110      8.833   -999.900   -999.900   -999.900
    -20.000      8.790   -999.900   -999.900   -999.900   1008.690      0.000    -36.110    -36.110      8.790   -999.900   -999.900   -999.900
    -25.000      8.254   -999.900   -999.900   -999.900   1008.154      0.000    -41.110    -41.110      8.254   -999.900   -999.900   -999.900
    -30.000      5.602   -999.900   -999.900   -999.900   1005.502      0.000    -46.110    -46.110      5.602   -999.900   -999.900   -999.900
    -35.000      1.113   -999.900   -999.900   -999.900   1001.013      0.000    -51.110    -51.110      1.113   -999.900   -999.900   -999.900
    -40.000     -3.771   -999.900   -999.900   -999.900    996.129      0.000    -56.110    -56.110     -3.772   -999.900   -999.900   -999.900
    -45.000     -8.730   -999.900   -999.900   -999.900    991.170      0.000    -61.110    -61.110     -8.730   -999.900   -999.900   -999.900
    -50.000    -13.724   -999.900   -999.900   -999.900    986.176      0.000    -66.110    -66.110    -13.726   -999.900   -999.900   -999.900
    -55.000    -18.760   -999.900   -999.900   -999.900    981.140      0.000    -71.110    -71.110    -18.765   -999.900   -999.900   -999.900
    -60.000    -23.761   -999.900   -999.900   -999.900    976.139      0.000    -76.110    -76.110    -23.775   -999.900   -999.900   -999.900
    -65.000    -28.848   -999.900   -999.900   -999.900    971.052      0.000    -81.110    -81.110    -28.895   -999.900   -999.900   -999.900
    -70.000    -33.873   -999.900   -999.900   -999.900    966.027      0.000    -86.110    -86.110    -34.024   -999.900   -999.900   -999.900
    -75.000    -38.736   -999.900   -999.900   -999.900    961.164      0.000    -91.110    -91.110    -39.215   -999.900   -999.900   -999.900
    -80.000    -42.898   -999.900   -999.900   -999.900    957.002      0.000    -96.110    -96.110    -44.279   -999.900   -999.900   -999.900
    -85.000    -45.923   -999.900   -999.900   -999.900    953.977      0.000   -101.110   -101.110    -49.359   -999.900   -999.900   -999.900
    -90.000    -47.519   -999.900   -999.900   -999.900    952.381      0.000   -106.110   -106.110    -54.289   -999.900   -999.900   -999.900
    -95.000    -48.210   -999.900   -999.900   -999.900    951.690      0.000   -111.110   -111.110    -59.503   -999.900   -999.900   -999.900
   -100.000    -48.449   -999.900   -999.900   -999.900    951.451      0.000   -116.110   -116.110    -65.062   -999.900   -999.900   -999.900
   -105.000    -48.557   -999.900   -999.900   -999.900    951.343      0.000   -121.110   -121.110    -65.062   -999.900   -999.900   -999.900
   -110.000    -48.534   -999.900   -999.900   -999.900    951.366      0.000   -126.110   -126.110    -65.062   -999.900   -999.900   -999.900
   -115.000    -48.546   -999.900   -999.900   -999.900    951.354      0.000   -131.110   -131.110    -65.062   -999.900   -999.900   -999.900
   -120.000    -48.543   -999.900   -999.900   -999.900    951.357      0.000   -136.110   -136.110    -65.062   -999.900   -999.900   -999.900
