      0.000      3.468      3.771   -999.900   -999.900     -0.303      0.000    -27.040    -27.130      3.468      3.771   -999.900   -999.900
     -5.000      3.475      3.776   -999.900   -999.900     -0.301      0.000    -32.040    -32.130      3.475      3.776   -999.900   -999.900
    -10.000      3.427      3.726   -999.900   -999.900     -0.299      0.000    -37.040    -37.130      3.427      3.726   -999.900   -999.900
    -15.000      3.133      3.448   -999.900   -999.900     -0.315      0.000    -42.040    -42.130      3.133      3.448   -999.900   -999.900
    -20.000      2.195      2.551   -999.900   -999.900     -0.357      0.000    -47.040    -47.130      2.195      2.551   -999.900   -999.900
    -25.000     -0.306      0.206   -999.900   -999.900     -0.512      0.000    -52.040    -52.130     -0.306      0.206   -999.900   -999.900
    -30.000     -4.456     -3.909   -999.900   -999.900     -0.548      0.000    -57.040    -57.130     -4.456     -3.909   -999.900   -999.900
    -35.000     -9.042     -8.477   -999.900   -999.900     -0.565      0.000    -62.040    -62.130     -9.042     -8.477   -999.900   -999.900
    -40.000    -13.853    -13.273   -999.900   -999.900     -0.580      0.000    -67.040    -67.130    -13.853    -13.273   -999.900   -999.900
    -45.000    -18.771    -18.179   -999.900   -999.900     -0.592      0.000    -72.040    -72.130    -18.772    -18.179   -999.900   -999.900
    -50.000    -23.722    -23.134   -999.900   -999.900     -0.589      0.000    -77.040    -77.130    -23.723    -23.135   -999.900   -999.900
    -55.000    -28.784    -28.204   -999.900   -999.900     -0.580      0.000    -82.040    -82.130    -28.788    -28.208   -999.900   -999.900
    -60.000    -33.858    -33.302   -999.900   -999.900     -0.557      0.000    -87.040    -87.130    -33.871    -33.316   -999.900   -999.900
    -65.000    -39.005    -38.541   -999.900   -999.900     -0.464      0.000    -92.040    -92.130    -39.047    -38.588   -999.900   -999.900
    -70.000    -44.044    -43.410   -999.900   -999.900     -0.633      0.000    -97.040    -97.130    -44.179    -43.556   -999.900   -999.900
    -75.000    -48.775    -48.218   -999.900   -999.900     -0.557      0.000   -102.040   -102.130    -49.190    -48.676   -999.900   -999.900
    -80.000    -52.998    -52.425   -999.900   -999.900     -0.573      0.000   -107.040   -107.130    -54.194    -53.753   -999.900   -999.900
    -85.000    -56.186    -55.494   -999.900   -999.900     -0.692      0.000   -112.040   -112.130    -59.209    -58.813   -999.900   -999.900
    -90.000    -58.000    -57.165   -999.900   -999.900     -0.835      0.000   -117.040   -117.130    -64.224    -63.840   -999.900   -999.900
    -95.000    -58.775    -57.869   -999.900   -999.900     -0.906      0.000   -122.040   -122.130    -69.236    -69.007   -999.900   -999.900
   -100.000    -59.048    -58.100   -999.900   -999.900     -0.948      0.000   -127.040   -127.130    -74.147    -73.858   -999.900   -999.900
   -105.000    -59.188    -58.216   -999.900   -999.900     -0.972      0.000   -132.040   -132.130    -74.147   -102.256   -999.900   -999.900
   -110.000    -59.185    -58.214   -999.900   -999.900     -0.971      0.000   -137.040   -137.130    -74.147    -90.728   -999.900   -999.900
   -115.000    -59.172    -58.222   -999.900   -999.900     -0.950      0.000   -142.040   -142.130    -74.147    -90.728   -999.900   -999.900
   -120.000    -59.190    -58.214   -999.900   -999.900     -0.976      0.000   -147.040   -147.130    -74.147    -90.728   -999.900   -999.900
