      0.000      3.178      3.919   -999.900   -999.900     -0.741      0.000    -26.420    -26.440      3.178      3.919   -999.900   -999.900
     -5.000      3.167      3.821   -999.900   -999.900     -0.653      0.000    -31.420    -31.440      3.167      3.821   -999.900   -999.900
    -10.000      2.999      3.515   -999.900   -999.900     -0.516      0.000    -36.420    -36.440      2.999      3.515   -999.900   -999.900
    -15.000      2.266      2.655   -999.900   -999.900     -0.389      0.000    -41.420    -41.440      2.266      2.655   -999.900   -999.900
    -20.000      0.153      0.555   -999.900   -999.900     -0.402      0.000    -46.420    -46.440      0.153      0.555   -999.900   -999.900
    -25.000     -3.816     -3.442   -999.900   -999.900     -0.374      0.000    -51.420    -51.440     -3.816     -3.442   -999.900   -999.900
    -30.000     -8.364     -8.019   -999.900   -999.900     -0.345      0.000    -56.420    -56.440     -8.364     -8.019   -999.900   -999.900
    -35.000    -13.101    -12.769   -999.900   -999.900     -0.332      0.000    -61.420    -61.440    -13.101    -12.769   -999.900   -999.900
    -40.000    -18.013    -17.689   -999.900   -999.900     -0.325      0.000    -66.420    -66.440    -18.014    -17.689   -999.900   -999.900
    -45.000    -23.028    -22.691   -999.900   -999.900     -0.337      0.000    -71.420    -71.440    -23.029    -22.691   -999.900   -999.900
    -50.000    -28.102    -27.744   -999.900   -999.900     -0.358      0.000    -76.420    -76.440    -28.103    -27.745   -999.900   -999.900
    -55.000    -33.245    -32.901   -999.900   -999.900     -0.344      0.000    -81.420    -81.440    -33.250    -32.905   -999.900   -999.900
    -60.000    -38.355    -38.058   -999.900   -999.900     -0.298      0.000    -86.420    -86.440    -38.369    -38.070   -999.900   -999.900
    -65.000    -43.217    -43.241   -999.900   -999.900      0.024      0.000    -91.420    -91.440    -43.260    -43.283   -999.900   -999.900
    -70.000    -48.178    -48.495   -999.900   -999.900      0.317      0.000    -96.420    -96.440    -48.314    -48.635   -999.900   -999.900
    -75.000    -52.948    -53.470   -999.900   -999.900      0.523      0.000   -101.420   -101.440    -53.370    -53.927   -999.900   -999.900
    -80.000    -57.165    -57.699   -999.900   -999.900      0.534      0.000   -106.420   -106.440    -58.384    -59.032   -999.900   -999.900
    -85.000    -60.334    -60.744   -999.900   -999.900      0.410      0.000   -111.420   -111.440    -63.412    -64.050   -999.900   -999.900
    -90.000    -62.116    -62.424   -999.900   -999.900      0.308      0.000   -116.420   -116.440    -68.409    -69.089   -999.900   -999.900
    -95.000    -62.873    -63.114   -999.900   -999.900      0.242      0.000   -121.420   -121.440    -73.375    -74.066   -999.900   -999.900
   -100.000    -63.154    -63.353   -999.900   -999.900      0.200      0.000   -126.420   -126.440    -78.649    -78.842   -999.900   -999.900
   -105.000    -63.270    -63.479   -999.900   -999.900      0.208      0.000   -131.420   -131.440    -90.884    -78.842   -999.900   -999.900
   -110.000    -63.284    -63.478   -999.900   -999.900      0.194      0.000   -136.420   -136.440    -90.884    -78.842   -999.900   -999.900
   -115.000    -63.282    -63.466   -999.900   -999.900      0.184      0.000   -141.420   -141.440    -90.884    -78.842   -999.900   -999.900
   -120.000    -63.276    -63.489   -999.900   -999.900      0.214      0.000   -146.420   -146.440    -90.884    -78.842   -999.900   -999.900
