      0.000      6.031      6.534   -999.900   -999.900     -0.504      0.000    -24.460    -25.460      6.031      6.534   -999.900   -999.900
     -5.000      6.014      6.512   -999.900   -999.900     -0.498      0.000    -29.460    -30.460      6.014      6.512   -999.900   -999.900
    -10.000      5.707      6.243   -999.900   -999.900     -0.537      0.000    -34.460    -35.460      5.707      6.243   -999.900   -999.900
    -15.000      4.548      5.488   -999.900   -999.900     -0.940      0.000    -39.460    -40.460      4.548      5.488   -999.900   -999.900
    -20.000      1.483      4.013   -999.900   -999.900     -2.530      0.000    -44.460    -45.460      1.483      4.013   -999.900   -999.900
    -25.000     -3.276      0.482   -999.900   -999.900     -3.757      0.000    -49.460    -50.460     -3.276      0.482   -999.900   -999.900
    -30.000     -8.243     -4.431   -999.900   -999.900     -3.812      0.000    -54.460    -55.460     -8.243     -4.431   -999.900   -999.900
    -35.000    -13.242     -9.402   -999.900   -999.900     -3.840      0.000    -59.460    -60.460    -13.242     -9.402   -999.900   -999.900
    -40.000    -18.271    -14.428   -999.900   -999.900     -3.843      0.000    -64.460    -65.460    -18.271    -14.428   -999.900   -999.900
    -45.000    -23.301    -19.446   -999.900   -999.900     -3.855      0.000    -69.460    -70.460    -23.301    -19.446   -999.900   -999.900
    -50.000    -28.308    -24.463   -999.900   -999.900     -3.845      0.000    -74.460    -75.460    -28.309    -24.464   -999.900   -999.900
    -55.000    -33.357    -29.553   -999.900   -999.900     -3.805      0.000    -79.460    -80.460    -33.361    -29.556   -999.900   -999.900
    -60.000    -38.108    -34.546   -999.900   -999.900     -3.562      0.000    -84.460    -85.460    -38.118    -34.556   -999.900   -999.900
    -65.000    -42.972    -39.584   -999.900   -999.900     -3.388      0.000    -89.460    -90.460    -43.003    -39.617   -999.900   -999.900
    -70.000    -47.898    -44.622   -999.900   -999.900     -3.276      0.000    -94.460    -95.460    -47.994    -44.726   -999.900   -999.900
    -75.000    -52.705    -49.477   -999.900   -999.900     -3.228      0.000    -99.460   -100.460    -53.005    -49.804   -999.900   -999.900
    -80.000    -57.084    -53.815   -999.900   -999.900     -3.269      0.000   -104.460   -105.460    -57.962    -54.770   -999.900   -999.900
    -85.000    -60.662    -57.291   -999.900   -999.900     -3.371      0.000   -109.460   -110.460    -63.005    -59.802   -999.900   -999.900
    -90.000    -62.855    -59.404   -999.900   -999.900     -3.451      0.000   -114.460   -115.460    -67.952    -64.845   -999.900   -999.900
    -95.000    -63.874    -60.329   -999.900   -999.900     -3.545      0.000   -119.460   -120.460    -72.851    -69.678   -999.900   -999.900
   -100.000    -64.266    -60.687   -999.900   -999.900     -3.579      0.000   -124.460   -125.460    -77.831    -74.640   -999.900   -999.900
   -105.000    -64.455    -60.868   -999.900   -999.900     -3.587      0.000   -129.460   -130.460    -92.858    -74.640   -999.900   -999.900
   -110.000    -64.466    -60.865   -999.900   -999.900     -3.600      0.000   -134.460   -135.460    -92.858    -74.640   -999.900   -999.900
   -115.000    -64.462    -60.865   -999.900   -999.900     -3.597      0.000   -139.460   -140.460    -92.858    -74.640   -999.900   -999.900
   -120.000    -64.463    -60.864   -999.900   -999.900     -3.598      0.000   -144.460   -145.460    -92.858    -74.640   -999.900   -999.900
