      0.000      3.533      4.046   -999.900   -999.900     -0.513      0.000    -26.420    -26.440      3.533      4.046   -999.900   -999.900
     -5.000      3.530      3.978   -999.900   -999.900     -0.448      0.000    -31.420    -31.440      3.530      3.978   -999.900   -999.900
    -10.000      3.397      3.634   -999.900   -999.900     -0.237      0.000    -36.420    -36.440      3.397      3.634   -999.900   -999.900
    -15.000      2.756      2.603   -999.900   -999.900      0.153      0.000    -41.420    -41.440      2.756      2.603   -999.900   -999.900
    -20.000      0.741     -0.216   -999.900   -999.900      0.957      0.000    -46.420    -46.440      0.741     -0.216   -999.900   -999.900
    -25.000     -3.205     -4.454   -999.900   -999.900      1.249      0.000    -51.420    -51.440     -3.205     -4.454   -999.900   -999.900
    -30.000     -7.537     -8.932   -999.900   -999.900      1.395      0.000    -56.420    -56.440     -7.537     -8.932   -999.900   -999.900
    -35.000    -12.373    -13.863   -999.900   -999.900      1.490      0.000    -61.420    -61.440    -12.373    -13.863   -999.900   -999.900
    -40.000    -17.270    -18.803   -999.900   -999.900      1.533      0.000    -66.420    -66.440    -17.271    -18.803   -999.900   -999.900
    -45.000    -22.248    -23.802   -999.900   -999.900      1.555      0.000    -71.420    -71.440    -22.248    -23.803   -999.900   -999.900
    -50.000    -27.352    -28.905   -999.900   -999.900      1.553      0.000    -76.420    -76.440    -27.353    -28.906   -999.900   -999.900
    -55.000    -32.514    -34.016   -999.900   -999.900      1.503      0.000    -81.420    -81.440    -32.518    -34.020   -999.900   -999.900
    -60.000    -37.513    -39.150   -999.900   -999.900      1.637      0.000    -86.420    -86.440    -37.527    -39.163   -999.900   -999.900
    -65.000    -42.498    -44.537   -999.900   -999.900      2.039      0.000    -91.420    -91.440    -42.540    -44.581   -999.900   -999.900
    -70.000    -47.372    -49.749   -999.900   -999.900      2.376      0.000    -96.420    -96.440    -47.504    -49.895   -999.900   -999.900
    -75.000    -52.181    -54.574   -999.900   -999.900      2.393      0.000   -101.420   -101.440    -52.590    -55.035   -999.900   -999.900
    -80.000    -56.443    -58.737   -999.900   -999.900      2.294      0.000   -106.420   -106.440    -57.636    -60.063   -999.900   -999.900
    -85.000    -59.634    -61.778   -999.900   -999.900      2.144      0.000   -111.420   -111.440    -62.651    -65.056   -999.900   -999.900
    -90.000    -61.405    -63.438   -999.900   -999.900      2.033      0.000   -116.420   -116.440    -67.480    -69.949   -999.900   -999.900
    -95.000    -62.217    -64.189   -999.900   -999.900      1.972      0.000   -121.420   -121.440    -72.571    -75.339   -999.900   -999.900
   -100.000    -62.507    -64.402   -999.900   -999.900      1.894      0.000   -126.420   -126.440    -77.844    -79.573   -999.900   -999.900
   -105.000    -62.640    -64.539   -999.900   -999.900      1.898      0.000   -131.420   -131.440    -77.844    -79.573   -999.900   -999.900
   -110.000    -62.629    -64.529   -999.900   -999.900      1.900      0.000   -136.420   -136.440    -77.844    -79.573   -999.900   -999.900
   -115.000    -62.637    -64.527   -999.900   -999.900      1.890      0.000   -141.420   -141.440    -77.844    -79.573   -999.900   -999.900
   -120.000    -62.639    -64.548   -999.900   -999.900      1.909      0.000   -146.420   -146.440    -77.844    -79.573   -999.900   -999.900
