      0.000      3.496      4.072   -999.900   -999.900     -0.576      0.000    -26.420    -26.440      3.496      4.072   -999.900   -999.900
     -5.000      3.493      4.007   -999.900   -999.900     -0.514      0.000    -31.420    -31.440      3.493      4.007   -999.900   -999.900
    -10.000      3.355      3.790   -999.900   -999.900     -0.435      0.000    -36.420    -36.440      3.355      3.790   -999.900   -999.900
    -15.000      2.714      3.020   -999.900   -999.900     -0.306      0.000    -41.420    -41.440      2.714      3.020   -999.900   -999.900
    -20.000      0.698      1.018   -999.900   -999.900     -0.320      0.000    -46.420    -46.440      0.698      1.018   -999.900   -999.900
    -25.000     -3.228     -2.968   -999.900   -999.900     -0.259      0.000    -51.420    -51.440     -3.228     -2.968   -999.900   -999.900
    -30.000     -7.640     -7.434   -999.900   -999.900     -0.206      0.000    -56.420    -56.440     -7.640     -7.434   -999.900   -999.900
    -35.000    -12.434    -12.259   -999.900   -999.900     -0.175      0.000    -61.420    -61.440    -12.434    -12.259   -999.900   -999.900
    -40.000    -17.332    -17.173   -999.900   -999.900     -0.159      0.000    -66.420    -66.440    -17.332    -17.173   -999.900   -999.900
    -45.000    -22.320    -22.162   -999.900   -999.900     -0.157      0.000    -71.420    -71.440    -22.320    -22.163   -999.900   -999.900
    -50.000    -27.391    -27.216   -999.900   -999.900     -0.175      0.000    -76.420    -76.440    -27.393    -27.218   -999.900   -999.900
    -55.000    -32.539    -32.347   -999.900   -999.900     -0.192      0.000    -81.420    -81.440    -32.545    -32.352   -999.900   -999.900
    -60.000    -37.579    -37.436   -999.900   -999.900     -0.143      0.000    -86.420    -86.440    -37.598    -37.452   -999.900   -999.900
    -65.000    -42.506    -42.738   -999.900   -999.900      0.232      0.000    -91.420    -91.440    -42.566    -42.793   -999.900   -999.900
    -70.000    -47.361    -47.919   -999.900   -999.900      0.558      0.000    -96.420    -96.440    -47.550    -48.104   -999.900   -999.900
    -75.000    -52.029    -52.759   -999.900   -999.900      0.730      0.000   -101.420   -101.440    -52.606    -53.348   -999.900   -999.900
    -80.000    -55.988    -56.748   -999.900   -999.900      0.760      0.000   -106.420   -106.440    -57.597    -58.409   -999.900   -999.900
    -85.000    -58.781    -59.489   -999.900   -999.900      0.707      0.000   -111.420   -111.440    -62.647    -63.440   -999.900   -999.900
    -90.000    -60.179    -60.878   -999.900   -999.900      0.699      0.000   -116.420   -116.440    -67.464    -68.389   -999.900   -999.900
    -95.000    -60.770    -61.429   -999.900   -999.900      0.659      0.000   -121.420   -121.440    -72.420    -73.222   -999.900   -999.900
   -100.000    -60.974    -61.628   -999.900   -999.900      0.654      0.000   -126.420   -126.440    -77.249    -78.123   -999.900   -999.900
   -105.000    -61.067    -61.727   -999.900   -999.900      0.660      0.000   -131.420   -131.440    -86.979    -78.123   -999.900   -999.900
   -110.000    -61.083    -61.728   -999.900   -999.900      0.644      0.000   -136.420   -136.440    -86.979    -78.123   -999.900   -999.900
   -115.000    -61.083    -61.728   -999.900   -999.900      0.645      0.000   -141.420   -141.440    -86.979    -78.123   -999.900   -999.900
   -120.000    -61.078    -61.723   -999.900   -999.900      0.644      0.000   -146.420   -146.440    -86.979    -78.123   -999.900   -999.900
