      0.000      3.454      3.983   -999.900   -999.900     -0.529      0.000    -26.420    -26.440      3.454      3.983   -999.900   -999.900
     -5.000      3.430      3.976   -999.900   -999.900     -0.546      0.000    -31.420    -31.440      3.430      3.976   -999.900   -999.900
    -10.000      3.210      3.898   -999.900   -999.900     -0.688      0.000    -36.420    -36.440      3.210      3.898   -999.900   -999.900
    -15.000      2.320      3.550   -999.900   -999.900     -1.230      0.000    -41.420    -41.440      2.320      3.550   -999.900   -999.900
    -20.000     -0.359      2.555   -999.900   -999.900     -2.914      0.000    -46.420    -46.440     -0.359      2.555   -999.900   -999.900
    -25.000     -4.490     -0.178   -999.900   -999.900     -4.312      0.000    -51.420    -51.440     -4.490     -0.178   -999.900   -999.900
    -30.000     -9.030     -4.364   -999.900   -999.900     -4.666      0.000    -56.420    -56.440     -9.030     -4.364   -999.900   -999.900
    -35.000    -13.846     -8.988   -999.900   -999.900     -4.859      0.000    -61.420    -61.440    -13.846     -8.988   -999.900   -999.900
    -40.000    -18.787    -13.820   -999.900   -999.900     -4.967      0.000    -66.420    -66.440    -18.788    -13.821   -999.900   -999.900
    -45.000    -23.825    -18.756   -999.900   -999.900     -5.069      0.000    -71.420    -71.440    -23.826    -18.757   -999.900   -999.900
    -50.000    -28.942    -23.795   -999.900   -999.900     -5.147      0.000    -76.420    -76.440    -28.944    -23.796   -999.900   -999.900
    -55.000    -34.215    -28.908   -999.900   -999.900     -5.307      0.000    -81.420    -81.440    -34.220    -28.912   -999.900   -999.900
    -60.000    -39.300    -33.998   -999.900   -999.900     -5.303      0.000    -86.420    -86.440    -39.316    -34.009   -999.900   -999.900
    -65.000    -44.379    -39.047   -999.900   -999.900     -5.332      0.000    -91.420    -91.440    -44.431    -39.082   -999.900   -999.900
    -70.000    -49.646    -44.218   -999.900   -999.900     -5.428      0.000    -96.420    -96.440    -49.822    -44.333   -999.900   -999.900
    -75.000    -54.645    -49.199   -999.900   -999.900     -5.446      0.000   -101.420   -101.440    -55.229    -49.574   -999.900   -999.900
    -80.000    -58.703    -53.583   -999.900   -999.900     -5.120      0.000   -106.420   -106.440    -60.380    -54.702   -999.900   -999.900
    -85.000    -61.433    -56.853   -999.900   -999.900     -4.580      0.000   -111.420   -111.440    -65.419    -59.713   -999.900   -999.900
    -90.000    -62.817    -58.766   -999.900   -999.900     -4.050      0.000   -116.420   -116.440    -70.410    -64.778   -999.900   -999.900
    -95.000    -63.360    -59.588   -999.900   -999.900     -3.772      0.000   -121.420   -121.440    -75.304    -69.843   -999.900   -999.900
   -100.000    -63.551    -59.883   -999.900   -999.900     -3.667      0.000   -126.420   -126.440    -80.126    -75.017   -999.900   -999.900
   -105.000    -63.652    -60.023   -999.900   -999.900     -3.630      0.000   -131.420   -131.440    -80.126    -75.017   -999.900   -999.900
   -110.000    -63.647    -60.018   -999.900   -999.900     -3.629      0.000   -136.420   -136.440    -80.126    -75.017   -999.900   -999.900
   -115.000    -63.646    -60.024   -999.900   -999.900     -3.621      0.000   -141.420   -141.440    -80.126    -75.017   -999.900   -999.900
   -120.000    -63.644    -60.010   -999.900   -999.900     -3.634      0.000   -146.420   -146.440    -80.126    -75.017   -999.900   -999.900
