      0.000      5.690      6.311   -999.900   -999.900     -0.621      0.000    -29.460    -30.460      5.690      6.311   -999.900   -999.900
     -5.000      5.533      5.894   -999.900   -999.900     -0.361      0.000    -34.460    -35.460      5.533      5.894   -999.900   -999.900
    -10.000      4.815      4.833   -999.900   -999.900     -0.017      0.000    -39.460    -40.460      4.815      4.833   -999.900   -999.900
    -15.000      2.779      2.635   -999.900   -999.900      0.144      0.000    -44.460    -45.460      2.779      2.635   -999.900   -999.900
    -20.000     -1.755     -2.019   -999.900   -999.900      0.264      0.000    -49.460    -50.460     -1.755     -2.019   -999.900   -999.900
    -25.000     -6.662     -6.964   -999.900   -999.900      0.302      0.000    -54.460    -55.460     -6.663     -6.964   -999.900   -999.900
    -30.000    -11.600    -11.913   -999.900   -999.900      0.313      0.000    -59.460    -60.460    -11.600    -11.913   -999.900   -999.900
    -35.000    -16.604    -16.919   -999.900   -999.900      0.315      0.000    -64.460    -65.460    -16.605    -16.919   -999.900   -999.900
    -40.000    -21.609    -21.923   -999.900   -999.900      0.314      0.000    -69.460    -70.460    -21.609    -21.923   -999.900   -999.900
    -45.000    -26.630    -26.938   -999.900   -999.900      0.308      0.000    -74.460    -75.460    -26.631    -26.939   -999.900   -999.900
    -50.000    -31.682    -31.957   -999.900   -999.900      0.275      0.000    -79.460    -80.460    -31.685    -31.961   -999.900   -999.900
    -55.000    -36.774    -36.905   -999.900   -999.900      0.132      0.000    -84.460    -85.460    -36.785    -36.919   -999.900   -999.900
    -60.000    -41.525    -41.799   -999.900   -999.900      0.274      0.000    -89.460    -90.460    -41.559    -41.840   -999.900   -999.900
    -65.000    -46.479    -46.675   -999.900   -999.900      0.196      0.000    -94.460    -95.460    -46.586    -46.803   -999.900   -999.900
    -70.000    -51.237    -51.415   -999.900   -999.900      0.178      0.000    -99.460   -100.460    -51.568    -51.808   -999.900   -999.900
    -75.000    -55.593    -55.688   -999.900   -999.900      0.095      0.000   -104.460   -105.460    -56.563    -56.832   -999.900   -999.900
    -80.000    -59.023    -58.926   -999.900   -999.900     -0.097      0.000   -109.460   -110.460    -61.547    -61.832   -999.900   -999.900
    -85.000    -61.116    -60.810   -999.900   -999.900     -0.306      0.000   -114.460   -115.460    -66.549    -66.881   -999.900   -999.900
    -90.000    -62.080    -61.608   -999.900   -999.900     -0.472      0.000   -119.460   -120.460    -71.715    -71.818   -999.900   -999.900
    -95.000    -62.411    -61.891   -999.900   -999.900     -0.519      0.000   -124.460   -125.460    -76.576    -76.538   -999.900   -999.900
   -100.000    -62.523    -61.989   -999.900   -999.900     -0.534      0.000   -129.460   -130.460    -81.356    -81.090   -999.900   -999.900
   -105.000    -62.579    -62.037   -999.900   -999.900     -0.542      0.000   -134.460   -135.460    -97.240    -90.897   -999.900   -999.900
   -110.000    -62.585    -62.049   -999.900   -999.900     -0.536      0.000   -139.460   -140.460    -97.240    -90.897   -999.900   -999.900
   -115.000    -62.578    -62.038   -999.900   -999.900     -0.539      0.000   -144.460   -145.460    -97.240    -90.897   -999.900   -999.900
   -120.000    -62.580    -62.047   -999.900   -999.900     -0.533      0.000   -149.460   -150.460    -97.240    -90.897   -999.900   -999.900
