      0.000      5.998      6.407   -999.900   -999.900     -0.410      0.000    -26.420    -26.440      5.998      6.407   -999.900   -999.900
     -5.000      5.950      6.410   -999.900   -999.900     -0.459      0.000    -31.420    -31.440      5.950      6.410   -999.900   -999.900
    -10.000      5.604      6.208   -999.900   -999.900     -0.604      0.000    -36.420    -36.440      5.604      6.208   -999.900   -999.900
    -15.000      4.413      5.528   -999.900   -999.900     -1.115      0.000    -41.420    -41.440      4.413      5.528   -999.900   -999.900
    -20.000      1.212      4.128   -999.900   -999.900     -2.916      0.000    -46.420    -46.440      1.212      4.128   -999.900   -999.900
    -25.000     -3.582      0.796   -999.900   -999.900     -4.378      0.000    -51.420    -51.440     -3.583      0.796   -999.900   -999.900
    -30.000     -8.539     -4.092   -999.900   -999.900     -4.446      0.000    -56.420    -56.440     -8.539     -4.093   -999.900   -999.900
    -35.000    -13.548     -9.069   -999.900   -999.900     -4.479      0.000    -61.420    -61.440    -13.548     -9.069   -999.900   -999.900
    -40.000    -18.574    -14.086   -999.900   -999.900     -4.488      0.000    -66.420    -66.440    -18.574    -14.086   -999.900   -999.900
    -45.000    -23.626    -19.117   -999.900   -999.900     -4.509      0.000    -71.420    -71.440    -23.626    -19.118   -999.900   -999.900
    -50.000    -28.648    -24.142   -999.900   -999.900     -4.506      0.000    -76.420    -76.440    -28.650    -24.143   -999.900   -999.900
    -55.000    -33.705    -29.224   -999.900   -999.900     -4.481      0.000    -81.420    -81.440    -33.710    -29.228   -999.900   -999.900
    -60.000    -38.482    -34.209   -999.900   -999.900     -4.273      0.000    -86.420    -86.440    -38.497    -34.223   -999.900   -999.900
    -65.000    -43.416    -39.237   -999.900   -999.900     -4.179      0.000    -91.420    -91.440    -43.462    -39.280   -999.900   -999.900
    -70.000    -48.339    -44.236   -999.900   -999.900     -4.103      0.000    -96.420    -96.440    -48.484    -44.376   -999.900   -999.900
    -75.000    -53.075    -49.024   -999.900   -999.900     -4.051      0.000   -101.420   -101.440    -53.520    -49.459   -999.900   -999.900
    -80.000    -57.236    -53.189   -999.900   -999.900     -4.047      0.000   -106.420   -106.440    -58.507    -54.430   -999.900   -999.900
    -85.000    -60.331    -56.333   -999.900   -999.900     -3.998      0.000   -111.420   -111.440    -63.499    -59.456   -999.900   -999.900
    -90.000    -62.062    -58.090   -999.900   -999.900     -3.972      0.000   -116.420   -116.440    -68.471    -64.445   -999.900   -999.900
    -95.000    -62.808    -58.834   -999.900   -999.900     -3.974      0.000   -121.420   -121.440    -73.559    -69.391   -999.900   -999.900
   -100.000    -63.068    -59.103   -999.900   -999.900     -3.965      0.000   -126.420   -126.440    -78.636    -74.391   -999.900   -999.900
   -105.000    -63.184    -59.231   -999.900   -999.900     -3.953      0.000   -131.420   -131.440    -92.262    -92.044   -999.900   -999.900
   -110.000    -63.188    -59.240   -999.900   -999.900     -3.948      0.000   -136.420   -136.440    -96.492    -92.044   -999.900   -999.900
   -115.000    -63.186    -59.241   -999.900   -999.900     -3.945      0.000   -141.420   -141.440    -94.159    -92.044   -999.900   -999.900
   -120.000    -63.201    -59.222   -999.900   -999.900     -3.979      0.000   -146.420   -146.440    -94.159    -92.044   -999.900   -999.900
