      0.000      5.701      6.073   -999.900   -999.900     -0.372      0.000    -29.460    -33.160      5.701      6.073   -999.900   -999.900
     -5.000      5.544      5.496   -999.900   -999.900      0.048      0.000    -34.460    -38.160      5.544      5.496   -999.900   -999.900
    -10.000      4.830      4.227   -999.900   -999.900      0.603      0.000    -39.460    -43.160      4.830      4.227   -999.900   -999.900
    -15.000      2.641      1.070   -999.900   -999.900      1.571      0.000    -44.460    -48.160      2.641      1.070   -999.900   -999.900
    -20.000     -1.989     -3.838   -999.900   -999.900      1.849      0.000    -49.460    -53.160     -1.989     -3.838   -999.900   -999.900
    -25.000     -6.869     -8.761   -999.900   -999.900      1.892      0.000    -54.460    -58.160     -6.869     -8.761   -999.900   -999.900
    -30.000    -11.755    -13.671   -999.900   -999.900      1.916      0.000    -59.460    -63.160    -11.755    -13.671   -999.900   -999.900
    -35.000    -16.834    -18.758   -999.900   -999.900      1.924      0.000    -64.460    -68.160    -16.834    -18.758   -999.900   -999.900
    -40.000    -21.874    -23.796   -999.900   -999.900      1.922      0.000    -69.460    -73.160    -21.874    -23.797   -999.900   -999.900
    -45.000    -26.897    -28.834   -999.900   -999.900      1.937      0.000    -74.460    -78.160    -26.898    -28.836   -999.900   -999.900
    -50.000    -31.909    -33.820   -999.900   -999.900      1.911      0.000    -79.460    -83.160    -31.912    -33.826   -999.900   -999.900
    -55.000    -36.825    -38.910   -999.900   -999.900      2.085      0.000    -84.460    -88.160    -36.834    -38.931   -999.900   -999.900
    -60.000    -41.639    -43.936   -999.900   -999.900      2.297      0.000    -89.460    -93.160    -41.667    -44.003   -999.900   -999.900
    -65.000    -46.651    -48.969   -999.900   -999.900      2.318      0.000    -94.460    -98.160    -46.740    -49.185   -999.900   -999.900
    -70.000    -51.464    -53.474   -999.900   -999.900      2.010      0.000    -99.460   -103.160    -51.738    -54.113   -999.900   -999.900
    -75.000    -55.953    -57.339   -999.900   -999.900      1.386      0.000   -104.460   -108.160    -56.772    -59.100   -999.900   -999.900
    -80.000    -59.557    -59.951   -999.900   -999.900      0.394      0.000   -109.460   -113.160    -61.733    -64.020   -999.900   -999.900
    -85.000    -61.892    -61.297   -999.900   -999.900     -0.595      0.000   -114.460   -118.160    -66.769    -68.972   -999.900   -999.900
    -90.000    -62.973    -61.834   -999.900   -999.900     -1.139      0.000   -119.460   -123.160    -71.683    -73.932   -999.900   -999.900
    -95.000    -63.388    -62.020   -999.900   -999.900     -1.368      0.000   -124.460   -128.160    -76.593    -78.877   -999.900   -999.900
   -100.000    -63.516    -62.097   -999.900   -999.900     -1.419      0.000   -129.460   -133.160    -80.655    -87.179   -999.900   -999.900
   -105.000    -63.602    -62.110   -999.900   -999.900     -1.492      0.000   -134.460   -138.160    -80.655   -101.517   -999.900   -999.900
   -110.000    -63.598    -62.117   -999.900   -999.900     -1.481      0.000   -139.460   -143.160    -80.655   -101.517   -999.900   -999.900
   -115.000    -63.604    -62.110   -999.900   -999.900     -1.494      0.000   -144.460   -148.160    -80.655   -101.517   -999.900   -999.900
   -120.000    -63.599    -62.105   -999.900   -999.900     -1.494      0.000   -149.460   -153.160    -80.655   -101.517   -999.900   -999.900
