      0.000      5.936      6.310   -999.900   -999.900     -0.374      0.000    -29.460    -30.460      5.936      6.310   -999.900   -999.900
     -5.000      5.742      5.743   -999.900   -999.900     -0.002      0.000    -34.460    -35.460      5.742      5.743   -999.900   -999.900
    -10.000      4.907      4.528   -999.900   -999.900      0.379      0.000    -39.460    -40.460      4.907      4.528   -999.900   -999.900
    -15.000      2.810      1.964   -999.900   -999.900      0.846      0.000    -44.460    -45.460      2.810      1.964   -999.900   -999.900
    -20.000     -1.731     -2.822   -999.900   -999.900      1.091      0.000    -49.460    -50.460     -1.731     -2.822   -999.900   -999.900
    -25.000     -6.604     -7.728   -999.900   -999.900      1.124      0.000    -54.460    -55.460     -6.604     -7.728   -999.900   -999.900
    -30.000    -11.609    -12.767   -999.900   -999.900      1.158      0.000    -59.460    -60.460    -11.609    -12.767   -999.900   -999.900
    -35.000    -16.585    -17.773   -999.900   -999.900      1.187      0.000    -64.460    -65.460    -16.585    -17.773   -999.900   -999.900
    -40.000    -21.649    -22.850   -999.900   -999.900      1.201      0.000    -69.460    -70.460    -21.649    -22.850   -999.900   -999.900
    -45.000    -26.716    -27.992   -999.900   -999.900      1.276      0.000    -74.460    -75.460    -26.716    -27.993   -999.900   -999.900
    -50.000    -31.783    -33.129   -999.900   -999.900      1.345      0.000    -79.460    -80.460    -31.786    -33.132   -999.900   -999.900
    -55.000    -36.847    -38.380   -999.900   -999.900      1.532      0.000    -84.460    -85.460    -36.856    -38.391   -999.900   -999.900
    -60.000    -41.895    -43.536   -999.900   -999.900      1.641      0.000    -89.460    -90.460    -41.922    -43.574   -999.900   -999.900
    -65.000    -46.908    -48.575   -999.900   -999.900      1.667      0.000    -94.460    -95.460    -46.993    -48.698   -999.900   -999.900
    -70.000    -51.821    -53.326   -999.900   -999.900      1.505      0.000    -99.460   -100.460    -52.089    -53.704   -999.900   -999.900
    -75.000    -56.315    -57.591   -999.900   -999.900      1.277      0.000   -104.460   -105.460    -57.115    -58.687   -999.900   -999.900
    -80.000    -59.944    -60.878   -999.900   -999.900      0.934      0.000   -109.460   -110.460    -62.078    -63.679   -999.900   -999.900
    -85.000    -62.282    -62.801   -999.900   -999.900      0.520      0.000   -114.460   -115.460    -67.032    -68.653   -999.900   -999.900
    -90.000    -63.429    -63.670   -999.900   -999.900      0.241      0.000   -119.460   -120.460    -72.163    -73.844   -999.900   -999.900
    -95.000    -63.854    -63.965   -999.900   -999.900      0.112      0.000   -124.460   -125.460    -77.336    -78.858   -999.900   -999.900
   -100.000    -63.985    -64.072   -999.900   -999.900      0.087      0.000   -129.460   -130.460    -82.070    -84.825   -999.900   -999.900
   -105.000    -64.060    -64.107   -999.900   -999.900      0.047      0.000   -134.460   -135.460    -82.070    -99.901   -999.900   -999.900
   -110.000    -64.051    -64.109   -999.900   -999.900      0.059      0.000   -139.460   -140.460    -82.070    -99.901   -999.900   -999.900
   -115.000    -64.054    -64.110   -999.900   -999.900      0.056      0.000   -144.460   -145.460    -82.070    -99.901   -999.900   -999.900
   -120.000    -64.047    -64.107   -999.900   -999.900      0.059      0.000   -149.460   -150.460    -82.070    -99.901   -999.900   -999.900
