      0.000      3.423      4.032   -999.900   -999.900     -0.609      0.000    -26.420    -26.440      3.423      4.032   -999.900   -999.900
     -5.000      3.418      3.963   -999.900   -999.900     -0.545      0.000    -31.420    -31.440      3.418      3.963   -999.900   -999.900
    -10.000      3.276      3.731   -999.900   -999.900     -0.456      0.000    -36.420    -36.440      3.276      3.731   -999.900   -999.900
    -15.000      2.623      2.950   -999.900   -999.900     -0.327      0.000    -41.420    -41.440      2.623      2.950   -999.900   -999.900
    -20.000      0.587      0.928   -999.900   -999.900     -0.341      0.000    -46.420    -46.440      0.587      0.928   -999.900   -999.900
    -25.000     -3.336     -3.049   -999.900   -999.900     -0.287      0.000    -51.420    -51.440     -3.336     -3.049   -999.900   -999.900
    -30.000     -7.789     -7.551   -999.900   -999.900     -0.238      0.000    -56.420    -56.440     -7.789     -7.551   -999.900   -999.900
    -35.000    -12.572    -12.360   -999.900   -999.900     -0.212      0.000    -61.420    -61.440    -12.572    -12.360   -999.900   -999.900
    -40.000    -17.474    -17.276   -999.900   -999.900     -0.198      0.000    -66.420    -66.440    -17.474    -17.276   -999.900   -999.900
    -45.000    -22.468    -22.268   -999.900   -999.900     -0.201      0.000    -71.420    -71.440    -22.469    -22.268   -999.900   -999.900
    -50.000    -27.524    -27.304   -999.900   -999.900     -0.220      0.000    -76.420    -76.440    -27.525    -27.305   -999.900   -999.900
    -55.000    -32.672    -32.447   -999.900   -999.900     -0.224      0.000    -81.420    -81.440    -32.676    -32.451   -999.900   -999.900
    -60.000    -37.744    -37.556   -999.900   -999.900     -0.188      0.000    -86.420    -86.440    -37.758    -37.568   -999.900   -999.900
    -65.000    -42.659    -42.831   -999.900   -999.900      0.172      0.000    -91.420    -91.440    -42.702    -42.872   -999.900   -999.900
    -70.000    -47.573    -48.054   -999.900   -999.900      0.480      0.000    -96.420    -96.440    -47.709    -48.191   -999.900   -999.900
    -75.000    -52.354    -53.028   -999.900   -999.900      0.674      0.000   -101.420   -101.440    -52.776    -53.475   -999.900   -999.900
    -80.000    -56.564    -57.246   -999.900   -999.900      0.682      0.000   -106.420   -106.440    -57.780    -58.544   -999.900   -999.900
    -85.000    -59.724    -60.333   -999.900   -999.900      0.609      0.000   -111.420   -111.440    -62.782    -63.574   -999.900   -999.900
    -90.000    -61.510    -62.031   -999.900   -999.900      0.521      0.000   -116.420   -116.440    -67.751    -68.557   -999.900   -999.900
    -95.000    -62.280    -62.737   -999.900   -999.900      0.457      0.000   -121.420   -121.440    -72.758    -73.430   -999.900   -999.900
   -100.000    -62.554    -63.005   -999.900   -999.900      0.451      0.000   -126.420   -126.440    -77.736    -78.681   -999.900   -999.900
   -105.000    -62.685    -63.120   -999.900   -999.900      0.435      0.000   -131.420   -131.440    -94.732    -94.127   -999.900   -999.900
   -110.000    -62.695    -63.123   -999.900   -999.900      0.427      0.000   -136.420   -136.440    -94.732    -98.648   -999.900   -999.900
   -115.000    -62.683    -63.127   -999.900   -999.900      0.444      0.000   -141.420   -141.440    -94.732    -98.648   -999.900   -999.900
   -120.000    -62.687    -63.125   -999.900   -999.900      0.438      0.000   -146.420   -146.440    -94.732    -98.648   -999.900   -999.900
