      0.000      8.373   -999.900   -999.900   -999.900   1008.273      0.000    -16.350    -16.350      8.373   -999.900   -999.900   -999.900
     -5.000      8.372   -999.900   -999.900   -999.900   1008.272      0.000    -21.350    -21.350      8.372   -999.900   -999.900   -999.900
    -10.000      8.370   -999.900   -999.900   -999.900   1008.270      0.000    -26.350    -26.350      8.370   -999.900   -999.900   -999.900
    -15.000      8.362   -999.900   -999.900   -999.900   1008.262      0.000    -31.350    -31.350      8.362   -999.900   -999.900   -999.900
    -20.000      8.265   -999.900   -999.900   -999.900   1008.165      0.000    -36.350    -36.350      8.265   -999.900   -999.900   -999.900
    -25.000      7.688   -999.900   -999.900   -999.900   1007.588      0.000    -41.350    -41.350      7.688   -999.900   -999.900   -999.900
    -30.000      4.838   -999.900   -999.900   -999.900   1004.738      0.000    -46.350    -46.350      4.838   -999.900   -999.900   -999.900
    -35.000      0.116   -999.900   -999.900   -999.900   1000.016      0.000    -51.350    -51.350      0.116   -999.900   -999.900   -999.900
    -40.000     -4.813   -999.900   -999.900   -999.900    995.087      0.000    -56.350    -56.350     -4.813   -999.900   -999.900   -999.900
    -45.000     -9.796   -999.900   -999.900   -999.900    990.104      0.000    -61.350    -61.350     -9.797   -999.900   -999.900   -999.900
    -50.000    -14.785   -999.900   -999.900   -999.900    985.115      0.000    -66.350    -66.350    -14.787   -999.900   -999.900   -999.900
    -55.000    -19.842   -999.900   -999.900   -999.900    980.058      0.000    -71.350    -71.350    -19.849   -999.900   -999.900   -999.900
    -60.000    -24.824   -999.900   -999.900   -999.900    975.076      0.000    -76.350    -76.350    -24.847   -999.900   -999.900   -999.900
    -65.000    -29.893   -999.900   -999.900   -999.900    970.007      0.000    -81.350    -81.350    -29.966   -999.900   -999.900   -999.900
    -70.000    -34.825   -999.900   -999.900   -999.900    965.075      0.000    -86.350    -86.350    -35.057   -999.900   -999.900   -999.900
    -75.000    -39.389   -999.900   -999.900   -999.900    960.511      0.000    -91.350    -91.350    -40.089   -999.900   -999.900   -999.900
    -80.000    -43.139   -999.900   -999.900   -999.900    956.761      0.000    -96.350    -96.350    -45.030   -999.900   -999.900   -999.900
    -85.000    -45.683   -999.900   -999.900   -999.900    954.217      0.000   -101.350   -101.350    -50.050   -999.900   -999.900   -999.900
    -90.000    -46.926   -999.900   -999.900   -999.900    952.974      0.000   -106.350   -106.350    -55.002   -999.900   -999.900   -999.900
    -95.000    -47.415   -999.900   -999.900   -999.900    952.485      0.000   -111.350   -111.350    -60.013   -999.900   -999.900   -999.900
   -100.000    -47.572   -999.900   -999.900   -999.900    952.328      0.000   -116.350   -116.350    -64.485   -999.900   -999.900   -999.900
   -105.000    -47.677   -999.900   -999.900   -999.900    952.223      0.000   -121.350   -121.350    -64.485   -999.900   -999.900   -999.900
   -110.000    -47.647   -999.900   -999.900   -999.900    952.253      0.000   -126.350   -126.350    -64.485   -999.900   -999.900   -999.900
   -115.000    -47.654   -999.900   -999.900   -999.900    952.246      0.000   -131.350   -131.350    -64.485   -999.900   -999.900   -999.900
   -120.000    -47.666   -999.900   -999.900   -999.900    952.234      0.000   -136.350   -136.350    -64.485   -999.900   -999.900   -999.900
