    -20.000      2.025   -999.900   -999.900   -999.900   1001.925      0.000    -34.750    -34.750      2.025   -999.900   -999.900   -999.900
    -25.000      1.241   -999.900   -999.900   -999.900   1001.141      0.000    -39.750    -39.750      1.241   -999.900   -999.900   -999.900
    -30.000     -0.499   -999.900   -999.900   -999.900    999.401      0.000    -44.750    -44.750     -0.499   -999.900   -999.900   -999.900
    -35.000     -4.226   -999.900   -999.900   -999.900    995.674      0.000    -49.750    -49.750     -4.226   -999.900   -999.900   -999.900
    -40.000     -8.786   -999.900   -999.900   -999.900    991.114      0.000    -54.750    -54.750     -8.786   -999.900   -999.900   -999.900
    -45.000    -13.592   -999.900   -999.900   -999.900    986.308      0.000    -59.750    -59.750    -13.592   -999.900   -999.900   -999.900
    -50.000    -18.456   -999.900   -999.900   -999.900    981.444      0.000    -64.750    -64.750    -18.456   -999.900   -999.900   -999.900
    -55.000    -23.452   -999.900   -999.900   -999.900    976.448      0.000    -69.750    -69.750    -23.452   -999.900   -999.900   -999.900
    -60.000    -28.382   -999.900   -999.900   -999.900    971.518      0.000    -74.750    -74.750    -28.383   -999.900   -999.900   -999.900
    -65.000    -33.433   -999.900   -999.900   -999.900    966.467      0.000    -79.750    -79.750    -33.436   -999.900   -999.900   -999.900
    -70.000    -38.520   -999.900   -999.900   -999.900    961.380      0.000    -84.750    -84.750    -38.529   -999.900   -999.900   -999.900
    -75.000    -43.192   -999.900   -999.900   -999.900    956.708      0.000    -89.750    -89.750    -43.219   -999.900   -999.900   -999.900
    -80.000    -48.139   -999.900   -999.900   -999.900    951.761      0.000    -94.750    -94.750    -48.222   -999.900   -999.900   -999.900
    -85.000    -52.952   -999.900   -999.900   -999.900    946.948      0.000    -99.750    -99.750    -53.210   -999.900   -999.900   -999.900
    -90.000    -57.431   -999.900   -999.900   -999.900    942.469      0.000   -104.750   -104.750    -58.197   -999.900   -999.900   -999.900
    -95.000    -61.159   -999.900   -999.900   -999.900    938.741      0.000   -109.750   -109.750    -63.244   -999.900   -999.900   -999.900
   -100.000    -63.614   -999.900   -999.900   -999.900    936.286      0.000   -114.750   -114.750    -68.441   -999.900   -999.900   -999.900
   -105.000    -64.796   -999.900   -999.900   -999.900    935.104      0.000   -119.750   -119.750    -74.027   -999.900   -999.900   -999.900
   -110.000    -65.256   -999.900   -999.900   -999.900    934.644      0.000   -124.750   -124.750    -82.072   -999.900   -999.900   -999.900
   -115.000    -65.408   -999.900   -999.900   -999.900    934.492      0.000   -129.750   -129.750    -82.072   -999.900   -999.900   -999.900
   -120.000    -65.443   -999.900   -999.900   -999.900    934.457      0.000   -134.750   -134.750    -82.072   -999.900   -999.900   -999.900
   -125.000    -65.480   -999.900   -999.900   -999.900    934.420      0.000   -139.750   -139.750    -82.072   -999.900   -999.900   -999.900
   -130.000    -65.492   -999.900   -999.900   -999.900    934.408      0.000   -144.750   -144.750    -82.072   -999.900   -999.900   -999.900
   -135.000    -65.476   -999.900   -999.900   -999.900    934.424      0.000   -149.750   -149.750    -82.072   -999.900   -999.900   -999.900
   -140.000    -65.477   -999.900   -999.900   -999.900    934.423      0.000   -154.750   -154.750    -82.072   -999.900   -999.900   -999.900
