      0.000      8.840   -999.900   -999.900   -999.900   1008.740      0.000    -16.110    -16.110      8.840   -999.900   -999.900   -999.900
     -5.000      8.838   -999.900   -999.900   -999.900   1008.738      0.000    -21.110    -21.110      8.838   -999.900   -999.900   -999.900
    -10.000      8.838   -999.900   -999.900   -999.900   1008.738      0.000    -26.110    -26.110      8.838   -999.900   -999.900   -999.900
    -15.000      8.834   -999.900   -999.900   -999.900   1008.734      0.000    -31.110    -31.110      8.834   -999.900   -999.900   -999.900
    -20.000      8.793   -999.900   -999.900   -999.900   1008.693      0.000    -36.110    -36.110      8.793   -999.900   -999.900   -999.900
    -25.000      8.266   -999.900   -999.900   -999.900   1008.166      0.000    -41.110    -41.110      8.266   -999.900   -999.900   -999.900
    -30.000      5.644   -999.900   -999.900   -999.900   1005.544      0.000    -46.110    -46.110      5.644   -999.900   -999.900   -999.900
    -35.000      1.157   -999.900   -999.900   -999.900   1001.057      0.000    -51.110    -51.110      1.157   -999.900   -999.900   -999.900
    -40.000     -3.726   -999.900   -999.900   -999.900    996.174      0.000    -56.110    -56.110     -3.726   -999.900   -999.900   -999.900
    -45.000     -8.682   -999.900   -999.900   -999.900    991.218      0.000    -61.110    -61.110     -8.683   -999.900   -999.900   -999.900
    -50.000    -13.680   -999.900   -999.900   -999.900    986.220      0.000    -66.110    -66.110    -13.681   -999.900   -999.900   -999.900
    -55.000    -18.716   -999.900   -999.900   -999.900    981.184      0.000    -71.110    -71.110    -18.720   -999.900   -999.900   -999.900
    -60.000    -23.718   -999.900   -999.900   -999.900    976.182      0.000    -76.110    -76.110    -23.731   -999.900   -999.900   -999.900
    -65.000    -28.812   -999.900   -999.900   -999.900    971.088      0.000    -81.110    -81.110    -28.854   -999.900   -999.900   -999.900
    -70.000    -33.843   -999.900   -999.900   -999.900    966.057      0.000    -86.110    -86.110    -33.979   -999.900   -999.900   -999.900
    -75.000    -38.730   -999.900   -999.900   -999.900    961.170      0.000    -91.110    -91.110    -39.163   -999.900   -999.900   -999.900
    -80.000    -42.984   -999.900   -999.900   -999.900    956.916      0.000    -96.110    -96.110    -44.249   -999.900   -999.900   -999.900
    -85.000    -46.107   -999.900   -999.900   -999.900    953.793      0.000   -101.110   -101.110    -49.282   -999.900   -999.900   -999.900
    -90.000    -47.838   -999.900   -999.900   -999.900    952.062      0.000   -106.110   -106.110    -54.272   -999.900   -999.900   -999.900
    -95.000    -48.561   -999.900   -999.900   -999.900    951.339      0.000   -111.110   -111.110    -59.151   -999.900   -999.900   -999.900
   -100.000    -48.832   -999.900   -999.900   -999.900    951.068      0.000   -116.110   -116.110    -64.285   -999.900   -999.900   -999.900
   -105.000    -48.956   -999.900   -999.900   -999.900    950.944      0.000   -121.110   -121.110    -83.412   -999.900   -999.900   -999.900
   -110.000    -48.961   -999.900   -999.900   -999.900    950.939      0.000   -126.110   -126.110    -83.412   -999.900   -999.900   -999.900
   -115.000    -48.963   -999.900   -999.900   -999.900    950.937      0.000   -131.110   -131.110    -83.412   -999.900   -999.900   -999.900
   -120.000    -48.950   -999.900   -999.900   -999.900    950.950      0.000   -136.110   -136.110    -83.412   -999.900   -999.900   -999.900
