      0.000      3.764      3.774   -999.900   -999.900     -0.011      0.000    -26.420    -26.440      3.764      3.774   -999.900   -999.900
     -5.000      3.766      3.709   -999.900   -999.900      0.057      0.000    -31.420    -31.440      3.766      3.709   -999.900   -999.900
    -10.000      3.634      3.475   -999.900   -999.900      0.159      0.000    -36.420    -36.440      3.634      3.475   -999.900   -999.900
    -15.000      3.012      2.745   -999.900   -999.900      0.267      0.000    -41.420    -41.440      3.012      2.745   -999.900   -999.900
    -20.000      1.127      0.885   -999.900   -999.900      0.243      0.000    -46.420    -46.440      1.127      0.885   -999.900   -999.900
    -25.000     -2.778     -3.014   -999.900   -999.900      0.235      0.000    -51.420    -51.440     -2.778     -3.014   -999.900   -999.900
    -30.000     -7.246     -7.471   -999.900   -999.900      0.225      0.000    -56.420    -56.440     -7.246     -7.471   -999.900   -999.900
    -35.000    -12.000    -12.214   -999.900   -999.900      0.214      0.000    -61.420    -61.440    -12.000    -12.214   -999.900   -999.900
    -40.000    -16.906    -17.117   -999.900   -999.900      0.211      0.000    -66.420    -66.440    -16.907    -17.118   -999.900   -999.900
    -45.000    -21.906    -22.124   -999.900   -999.900      0.218      0.000    -71.420    -71.440    -21.906    -22.124   -999.900   -999.900
    -50.000    -27.003    -27.220   -999.900   -999.900      0.217      0.000    -76.420    -76.440    -27.004    -27.221   -999.900   -999.900
    -55.000    -32.180    -32.383   -999.900   -999.900      0.203      0.000    -81.420    -81.440    -32.186    -32.388   -999.900   -999.900
    -60.000    -37.306    -37.567   -999.900   -999.900      0.261      0.000    -86.420    -86.440    -37.326    -37.583   -999.900   -999.900
    -65.000    -42.272    -42.707   -999.900   -999.900      0.436      0.000    -91.420    -91.440    -42.333    -42.758   -999.900   -999.900
    -70.000    -47.231    -47.857   -999.900   -999.900      0.625      0.000    -96.420    -96.440    -47.426    -48.027   -999.900   -999.900
    -75.000    -51.958    -52.659   -999.900   -999.900      0.701      0.000   -101.420   -101.440    -52.565    -53.195   -999.900   -999.900
    -80.000    -55.906    -56.717   -999.900   -999.900      0.811      0.000   -106.420   -106.440    -57.603    -58.236   -999.900   -999.900
    -85.000    -58.613    -59.581   -999.900   -999.900      0.968      0.000   -111.420   -111.440    -62.628    -63.255   -999.900   -999.900
    -90.000    -59.968    -61.051   -999.900   -999.900      1.083      0.000   -116.420   -116.440    -67.517    -68.060   -999.900   -999.900
    -95.000    -60.521    -61.666   -999.900   -999.900      1.145      0.000   -121.420   -121.440    -72.457    -72.782   -999.900   -999.900
   -100.000    -60.709    -61.908   -999.900   -999.900      1.198      0.000   -126.420   -126.440    -77.181    -78.005   -999.900   -999.900
   -105.000    -60.802    -62.002   -999.900   -999.900      1.200      0.000   -131.420   -131.440    -88.994    -86.868   -999.900   -999.900
   -110.000    -60.820    -62.018   -999.900   -999.900      1.199      0.000   -136.420   -136.440    -88.994    -86.868   -999.900   -999.900
   -115.000    -60.808    -62.020   -999.900   -999.900      1.212      0.000   -141.420   -141.440    -88.994    -86.868   -999.900   -999.900
   -120.000    -60.804    -62.023   -999.900   -999.900      1.219      0.000   -146.420   -146.440    -88.994    -86.868   -999.900   -999.900
