      0.000      5.998      6.505   -999.900   -999.900     -0.507      0.000    -29.460    -30.460      5.998      6.505   -999.900   -999.900
     -5.000      5.989      6.493   -999.900   -999.900     -0.504      0.000    -34.460    -35.460      5.989      6.493   -999.900   -999.900
    -10.000      5.694      6.248   -999.900   -999.900     -0.554      0.000    -39.460    -40.460      5.694      6.248   -999.900   -999.900
    -15.000      4.549      5.522   -999.900   -999.900     -0.973      0.000    -44.460    -45.460      4.549      5.522   -999.900   -999.900
    -20.000      1.544      4.087   -999.900   -999.900     -2.543      0.000    -49.460    -50.460      1.544      4.087   -999.900   -999.900
    -25.000     -3.224      0.697   -999.900   -999.900     -3.921      0.000    -54.460    -55.460     -3.224      0.697   -999.900   -999.900
    -30.000     -8.178     -4.196   -999.900   -999.900     -3.982      0.000    -59.460    -60.460     -8.178     -4.196   -999.900   -999.900
    -35.000    -13.181     -9.170   -999.900   -999.900     -4.011      0.000    -64.460    -65.460    -13.181     -9.170   -999.900   -999.900
    -40.000    -18.202    -14.188   -999.900   -999.900     -4.015      0.000    -69.460    -70.460    -18.202    -14.188   -999.900   -999.900
    -45.000    -23.251    -19.219   -999.900   -999.900     -4.031      0.000    -74.460    -75.460    -23.251    -19.220   -999.900   -999.900
    -50.000    -28.268    -24.250   -999.900   -999.900     -4.017      0.000    -79.460    -80.460    -28.269    -24.251   -999.900   -999.900
    -55.000    -33.313    -29.338   -999.900   -999.900     -3.975      0.000    -84.460    -85.460    -33.316    -29.341   -999.900   -999.900
    -60.000    -38.054    -34.314   -999.900   -999.900     -3.740      0.000    -89.460    -90.460    -38.064    -34.324   -999.900   -999.900
    -65.000    -42.913    -39.355   -999.900   -999.900     -3.558      0.000    -94.460    -95.460    -42.943    -39.386   -999.900   -999.900
    -70.000    -47.822    -44.384   -999.900   -999.900     -3.437      0.000    -99.460   -100.460    -47.918    -44.485   -999.900   -999.900
    -75.000    -52.618    -49.238   -999.900   -999.900     -3.380      0.000   -104.460   -105.460    -52.915    -49.553   -999.900   -999.900
    -80.000    -56.987    -53.610   -999.900   -999.900     -3.377      0.000   -109.460   -110.460    -57.853    -54.535   -999.900   -999.900
    -85.000    -60.574    -57.106   -999.900   -999.900     -3.467      0.000   -114.460   -115.460    -62.888    -59.541   -999.900   -999.900
    -90.000    -62.772    -59.287   -999.900   -999.900     -3.485      0.000   -119.460   -120.460    -67.792    -64.649   -999.900   -999.900
    -95.000    -63.830    -60.252   -999.900   -999.900     -3.579      0.000   -124.460   -125.460    -72.835    -69.663   -999.900   -999.900
   -100.000    -64.219    -60.588   -999.900   -999.900     -3.631      0.000   -129.460   -130.460    -77.795    -74.236   -999.900   -999.900
   -105.000    -64.411    -60.775   -999.900   -999.900     -3.637      0.000   -134.460   -135.460    -96.728    -90.077   -999.900   -999.900
   -110.000    -64.418    -60.761   -999.900   -999.900     -3.657      0.000   -139.460   -140.460    -96.728    -84.331   -999.900   -999.900
   -115.000    -64.410    -60.794   -999.900   -999.900     -3.617      0.000   -144.460   -145.460    -96.728    -84.331   -999.900   -999.900
   -120.000    -64.416    -60.790   -999.900   -999.900     -3.626      0.000   -149.460   -150.460    -96.728    -84.331   -999.900   -999.900
