      0.000      3.503      4.093   -999.900   -999.900     -0.590      0.000    -26.420    -26.440      3.503      4.093   -999.900   -999.900
     -5.000      3.501      4.023   -999.900   -999.900     -0.522      0.000    -31.420    -31.440      3.501      4.023   -999.900   -999.900
    -10.000      3.366      3.801   -999.900   -999.900     -0.435      0.000    -36.420    -36.440      3.366      3.801   -999.900   -999.900
    -15.000      2.739      3.031   -999.900   -999.900     -0.292      0.000    -41.420    -41.440      2.739      3.031   -999.900   -999.900
    -20.000      0.767      1.044   -999.900   -999.900     -0.277      0.000    -46.420    -46.440      0.767      1.044   -999.900   -999.900
    -25.000     -3.147     -2.942   -999.900   -999.900     -0.205      0.000    -51.420    -51.440     -3.147     -2.942   -999.900   -999.900
    -30.000     -7.565     -7.418   -999.900   -999.900     -0.147      0.000    -56.420    -56.440     -7.565     -7.418   -999.900   -999.900
    -35.000    -12.339    -12.226   -999.900   -999.900     -0.114      0.000    -61.420    -61.440    -12.339    -12.226   -999.900   -999.900
    -40.000    -17.239    -17.144   -999.900   -999.900     -0.095      0.000    -66.420    -66.440    -17.239    -17.144   -999.900   -999.900
    -45.000    -22.229    -22.139   -999.900   -999.900     -0.090      0.000    -71.420    -71.440    -22.230    -22.139   -999.900   -999.900
    -50.000    -27.307    -27.202   -999.900   -999.900     -0.105      0.000    -76.420    -76.440    -27.309    -27.203   -999.900   -999.900
    -55.000    -32.463    -32.332   -999.900   -999.900     -0.131      0.000    -81.420    -81.440    -32.469    -32.337   -999.900   -999.900
    -60.000    -37.515    -37.436   -999.900   -999.900     -0.078      0.000    -86.420    -86.440    -37.534    -37.452   -999.900   -999.900
    -65.000    -42.430    -42.722   -999.900   -999.900      0.292      0.000    -91.420    -91.440    -42.490    -42.776   -999.900   -999.900
    -70.000    -47.284    -47.914   -999.900   -999.900      0.629      0.000    -96.420    -96.440    -47.472    -48.095   -999.900   -999.900
    -75.000    -51.965    -52.763   -999.900   -999.900      0.798      0.000   -101.420   -101.440    -52.542    -53.342   -999.900   -999.900
    -80.000    -55.942    -56.770   -999.900   -999.900      0.828      0.000   -106.420   -106.440    -57.558    -58.409   -999.900   -999.900
    -85.000    -58.710    -59.527   -999.900   -999.900      0.817      0.000   -111.420   -111.440    -62.559    -63.433   -999.900   -999.900
    -90.000    -60.146    -60.939   -999.900   -999.900      0.793      0.000   -116.420   -116.440    -67.549    -68.410   -999.900   -999.900
    -95.000    -60.717    -61.507   -999.900   -999.900      0.790      0.000   -121.420   -121.440    -72.459    -73.415   -999.900   -999.900
   -100.000    -60.922    -61.706   -999.900   -999.900      0.784      0.000   -126.420   -126.440    -77.526    -78.564   -999.900   -999.900
   -105.000    -61.020    -61.798   -999.900   -999.900      0.777      0.000   -131.420   -131.440    -77.526    -78.564   -999.900   -999.900
   -110.000    -61.009    -61.796   -999.900   -999.900      0.787      0.000   -136.420   -136.440    -77.526    -78.564   -999.900   -999.900
   -115.000    -61.022    -61.803   -999.900   -999.900      0.781      0.000   -141.420   -141.440    -77.526    -78.564   -999.900   -999.900
   -120.000    -61.020    -61.787   -999.900   -999.900      0.767      0.000   -146.420   -146.440    -77.526    -78.564   -999.900   -999.900
