      0.000      6.034      6.538   -999.900   -999.900     -0.504      0.000    -29.460    -30.460      6.034      6.538   -999.900   -999.900
     -5.000      6.015      6.514   -999.900   -999.900     -0.499      0.000    -34.460    -35.460      6.015      6.514   -999.900   -999.900
    -10.000      5.697      6.239   -999.900   -999.900     -0.542      0.000    -39.460    -40.460      5.697      6.239   -999.900   -999.900
    -15.000      4.517      5.475   -999.900   -999.900     -0.959      0.000    -44.460    -45.460      4.517      5.475   -999.900   -999.900
    -20.000      1.399      3.987   -999.900   -999.900     -2.587      0.000    -49.460    -50.460      1.399      3.987   -999.900   -999.900
    -25.000     -3.355      0.425   -999.900   -999.900     -3.780      0.000    -54.460    -55.460     -3.355      0.425   -999.900   -999.900
    -30.000     -8.331     -4.496   -999.900   -999.900     -3.835      0.000    -59.460    -60.460     -8.331     -4.496   -999.900   -999.900
    -35.000    -13.335     -9.471   -999.900   -999.900     -3.864      0.000    -64.460    -65.460    -13.335     -9.471   -999.900   -999.900
    -40.000    -18.359    -14.492   -999.900   -999.900     -3.867      0.000    -69.460    -70.460    -18.359    -14.492   -999.900   -999.900
    -45.000    -23.410    -19.533   -999.900   -999.900     -3.877      0.000    -74.460    -75.460    -23.411    -19.533   -999.900   -999.900
    -50.000    -28.411    -24.542   -999.900   -999.900     -3.869      0.000    -79.460    -80.460    -28.412    -24.543   -999.900   -999.900
    -55.000    -33.464    -29.637   -999.900   -999.900     -3.827      0.000    -84.460    -85.460    -33.467    -29.640   -999.900   -999.900
    -60.000    -38.199    -34.617   -999.900   -999.900     -3.582      0.000    -89.460    -90.460    -38.209    -34.627   -999.900   -999.900
    -65.000    -43.064    -39.659   -999.900   -999.900     -3.405      0.000    -94.460    -95.460    -43.095    -39.691   -999.900   -999.900
    -70.000    -47.984    -44.705   -999.900   -999.900     -3.279      0.000    -99.460   -100.460    -48.082    -44.810   -999.900   -999.900
    -75.000    -52.786    -49.553   -999.900   -999.900     -3.233      0.000   -104.460   -105.460    -53.090    -49.882   -999.900   -999.900
    -80.000    -57.135    -53.906   -999.900   -999.900     -3.229      0.000   -109.460   -110.460    -58.017    -54.869   -999.900   -999.900
    -85.000    -60.693    -57.360   -999.900   -999.900     -3.333      0.000   -114.460   -115.460    -63.037    -59.880   -999.900   -999.900
    -90.000    -62.897    -59.469   -999.900   -999.900     -3.428      0.000   -119.460   -120.460    -68.024    -64.930   -999.900   -999.900
    -95.000    -63.915    -60.431   -999.900   -999.900     -3.484      0.000   -124.460   -125.460    -72.979    -70.144   -999.900   -999.900
   -100.000    -64.295    -60.776   -999.900   -999.900     -3.520      0.000   -129.460   -130.460    -77.878    -75.586   -999.900   -999.900
   -105.000    -64.494    -60.931   -999.900   -999.900     -3.563      0.000   -134.460   -135.460    -77.878    -75.586   -999.900   -999.900
   -110.000    -64.495    -60.927   -999.900   -999.900     -3.568      0.000   -139.460   -140.460    -77.878    -75.586   -999.900   -999.900
   -115.000    -64.489    -60.916   -999.900   -999.900     -3.573      0.000   -144.460   -145.460    -77.878    -75.586   -999.900   -999.900
   -120.000    -64.482    -60.913   -999.900   -999.900     -3.570      0.000   -149.460   -150.460    -77.878    -75.586   -999.900   -999.900
