      0.000      5.884      6.319   -999.900   -999.900     -0.434      0.000    -29.460    -30.460      5.884      6.319   -999.900   -999.900
     -5.000      5.703      5.656   -999.900   -999.900      0.047      0.000    -34.460    -35.460      5.703      5.656   -999.900   -999.900
    -10.000      4.874      4.244   -999.900   -999.900      0.630      0.000    -39.460    -40.460      4.874      4.244   -999.900   -999.900
    -15.000      2.663      0.932   -999.900   -999.900      1.730      0.000    -44.460    -45.460      2.663      0.932   -999.900   -999.900
    -20.000     -1.944     -3.971   -999.900   -999.900      2.027      0.000    -49.460    -50.460     -1.944     -3.971   -999.900   -999.900
    -25.000     -6.783     -8.864   -999.900   -999.900      2.081      0.000    -54.460    -55.460     -6.783     -8.864   -999.900   -999.900
    -30.000    -11.782    -13.904   -999.900   -999.900      2.121      0.000    -59.460    -60.460    -11.782    -13.904   -999.900   -999.900
    -35.000    -16.820    -18.954   -999.900   -999.900      2.134      0.000    -64.460    -65.460    -16.820    -18.954   -999.900   -999.900
    -40.000    -21.877    -24.013   -999.900   -999.900      2.137      0.000    -69.460    -70.460    -21.877    -24.014   -999.900   -999.900
    -45.000    -26.930    -29.085   -999.900   -999.900      2.156      0.000    -74.460    -75.460    -26.931    -29.088   -999.900   -999.900
    -50.000    -31.941    -34.037   -999.900   -999.900      2.096      0.000    -79.460    -80.460    -31.944    -34.044   -999.900   -999.900
    -55.000    -36.860    -39.130   -999.900   -999.900      2.270      0.000    -84.460    -85.460    -36.870    -39.154   -999.900   -999.900
    -60.000    -41.616    -44.160   -999.900   -999.900      2.544      0.000    -89.460    -90.460    -41.644    -44.236   -999.900   -999.900
    -65.000    -46.558    -49.167   -999.900   -999.900      2.608      0.000    -94.460    -95.460    -46.648    -49.413   -999.900   -999.900
    -70.000    -51.366    -53.685   -999.900   -999.900      2.319      0.000    -99.460   -100.460    -51.643    -54.420   -999.900   -999.900
    -75.000    -55.822    -57.441   -999.900   -999.900      1.619      0.000   -104.460   -105.460    -56.644    -59.447   -999.900   -999.900
    -80.000    -59.414    -59.862   -999.900   -999.900      0.448      0.000   -109.460   -110.460    -61.591    -64.368   -999.900   -999.900
    -85.000    -61.743    -61.079   -999.900   -999.900     -0.664      0.000   -114.460   -115.460    -66.611    -69.456   -999.900   -999.900
    -90.000    -62.828    -61.545   -999.900   -999.900     -1.283      0.000   -119.460   -120.460    -71.533    -74.678   -999.900   -999.900
    -95.000    -63.247    -61.703   -999.900   -999.900     -1.543      0.000   -124.460   -125.460    -76.507    -80.465   -999.900   -999.900
   -100.000    -63.367    -61.715   -999.900   -999.900     -1.652      0.000   -129.460   -130.460    -80.270    -81.449   -999.900   -999.900
   -105.000    -63.461    -61.776   -999.900   -999.900     -1.684      0.000   -134.460   -135.460    -80.270    -81.449   -999.900   -999.900
   -110.000    -63.451    -61.754   -999.900   -999.900     -1.697      0.000   -139.460   -140.460    -80.270    -81.449   -999.900   -999.900
   -115.000    -63.465    -61.745   -999.900   -999.900     -1.720      0.000   -144.460   -145.460    -80.270    -81.449   -999.900   -999.900
   -120.000    -63.449    -61.770   -999.900   -999.900     -1.679      0.000   -149.460   -150.460    -80.270    -81.449   -999.900   -999.900
