      0.000      3.687      3.793   -999.900   -999.900     -0.106      0.000    -26.900    -26.210      3.687      3.793   -999.900   -999.900
     -5.000      3.612      3.855   -999.900   -999.900     -0.243      0.000    -31.900    -31.210      3.612      3.855   -999.900   -999.900
    -10.000      3.184      3.849   -999.900   -999.900     -0.665      0.000    -36.900    -36.210      3.184      3.849   -999.900   -999.900
    -15.000      1.780      3.662   -999.900   -999.900     -1.882      0.000    -41.900    -41.210      1.780      3.662   -999.900   -999.900
    -20.000     -1.781      2.865   -999.900   -999.900     -4.646      0.000    -46.900    -46.210     -1.781      2.865   -999.900   -999.900
    -25.000     -6.114      0.609   -999.900   -999.900     -6.724      0.000    -51.900    -51.210     -6.114      0.609   -999.900   -999.900
    -30.000    -10.772     -3.437   -999.900   -999.900     -7.335      0.000    -56.900    -56.210    -10.772     -3.437   -999.900   -999.900
    -35.000    -15.648     -8.033   -999.900   -999.900     -7.615      0.000    -61.900    -61.210    -15.648     -8.033   -999.900   -999.900
    -40.000    -20.592    -12.827   -999.900   -999.900     -7.766      0.000    -66.900    -66.210    -20.593    -12.827   -999.900   -999.900
    -45.000    -25.580    -17.733   -999.900   -999.900     -7.848      0.000    -71.900    -71.210    -25.581    -17.733   -999.900   -999.900
    -50.000    -30.607    -22.717   -999.900   -999.900     -7.890      0.000    -76.900    -76.210    -30.609    -22.718   -999.900   -999.900
    -55.000    -35.684    -27.814   -999.900   -999.900     -7.870      0.000    -81.900    -81.210    -35.691    -27.818   -999.900   -999.900
    -60.000    -40.445    -32.867   -999.900   -999.900     -7.578      0.000    -86.900    -86.210    -40.467    -32.881   -999.900   -999.900
    -65.000    -45.245    -37.965   -999.900   -999.900     -7.281      0.000    -91.900    -91.210    -45.313    -38.008   -999.900   -999.900
    -70.000    -50.101    -42.920   -999.900   -999.900     -7.181      0.000    -96.900    -96.210    -50.311    -43.058   -999.900   -999.900
    -75.000    -54.616    -47.496   -999.900   -999.900     -7.120      0.000   -101.900   -101.210    -55.240    -47.905   -999.900   -999.900
    -80.000    -58.425    -51.632   -999.900   -999.900     -6.793      0.000   -106.900   -106.210    -60.110    -52.785   -999.900   -999.900
    -85.000    -61.092    -54.851   -999.900   -999.900     -6.241      0.000   -111.900   -111.210    -65.009    -57.768   -999.900   -999.900
    -90.000    -62.512    -56.690   -999.900   -999.900     -5.822      0.000   -116.900   -116.210    -70.058    -62.658   -999.900   -999.900
    -95.000    -63.079    -57.545   -999.900   -999.900     -5.533      0.000   -121.900   -121.210    -75.228    -67.984   -999.900   -999.900
   -100.000    -63.209    -57.783   -999.900   -999.900     -5.426      0.000   -126.900   -126.210    -78.110    -71.852   -999.900   -999.900
   -105.000    -63.338    -57.949   -999.900   -999.900     -5.389      0.000   -131.900   -131.210    -88.257    -85.154   -999.900   -999.900
   -110.000    -63.332    -57.973   -999.900   -999.900     -5.359      0.000   -136.900   -136.210    -86.740    -85.154   -999.900   -999.900
   -115.000    -63.370    -57.966   -999.900   -999.900     -5.404      0.000   -141.900   -141.210    -86.740    -85.154   -999.900   -999.900
   -120.000    -63.368    -57.940   -999.900   -999.900     -5.429      0.000   -146.900   -146.210    -86.740    -85.154   -999.900   -999.900
