      0.000      3.779      3.904   -999.900   -999.900     -0.124      0.000    -26.900    -26.210      3.779      3.904   -999.900   -999.900
     -5.000      3.749      3.883   -999.900   -999.900     -0.134      0.000    -31.900    -31.210      3.749      3.883   -999.900   -999.900
    -10.000      3.511      3.686   -999.900   -999.900     -0.175      0.000    -36.900    -36.210      3.511      3.686   -999.900   -999.900
    -15.000      2.526      2.822   -999.900   -999.900     -0.296      0.000    -41.900    -41.210      2.526      2.822   -999.900   -999.900
    -20.000     -0.217      0.331   -999.900   -999.900     -0.548      0.000    -46.900    -46.210     -0.217      0.331   -999.900   -999.900
    -25.000     -4.351     -3.767   -999.900   -999.900     -0.584      0.000    -51.900    -51.210     -4.351     -3.767   -999.900   -999.900
    -30.000     -8.923     -8.346   -999.900   -999.900     -0.577      0.000    -56.900    -56.210     -8.923     -8.346   -999.900   -999.900
    -35.000    -13.777    -13.199   -999.900   -999.900     -0.578      0.000    -61.900    -61.210    -13.777    -13.199   -999.900   -999.900
    -40.000    -18.720    -18.146   -999.900   -999.900     -0.574      0.000    -66.900    -66.210    -18.720    -18.146   -999.900   -999.900
    -45.000    -23.741    -23.172   -999.900   -999.900     -0.569      0.000    -71.900    -71.210    -23.741    -23.172   -999.900   -999.900
    -50.000    -28.813    -28.250   -999.900   -999.900     -0.563      0.000    -76.900    -76.210    -28.815    -28.252   -999.900   -999.900
    -55.000    -33.971    -33.363   -999.900   -999.900     -0.608      0.000    -81.900    -81.210    -33.977    -33.368   -999.900   -999.900
    -60.000    -38.783    -38.406   -999.900   -999.900     -0.377      0.000    -86.900    -86.210    -38.799    -38.422   -999.900   -999.900
    -65.000    -43.750    -43.382   -999.900   -999.900     -0.367      0.000    -91.900    -91.210    -43.799    -43.433   -999.900   -999.900
    -70.000    -48.486    -48.138   -999.900   -999.900     -0.349      0.000    -96.900    -96.210    -48.636    -48.293   -999.900   -999.900
    -75.000    -52.980    -52.919   -999.900   -999.900     -0.061      0.000   -101.900   -101.210    -53.416    -53.402   -999.900   -999.900
    -80.000    -57.077    -57.057   -999.900   -999.900     -0.021      0.000   -106.900   -106.210    -58.301    -58.442   -999.900   -999.900
    -85.000    -60.209    -60.072   -999.900   -999.900     -0.137      0.000   -111.900   -111.210    -63.263    -63.510   -999.900   -999.900
    -90.000    -61.968    -61.663   -999.900   -999.900     -0.305      0.000   -116.900   -116.210    -68.116    -68.417   -999.900   -999.900
    -95.000    -62.747    -62.332   -999.900   -999.900     -0.415      0.000   -121.900   -121.210    -73.016    -73.309   -999.900   -999.900
   -100.000    -63.017    -62.581   -999.900   -999.900     -0.436      0.000   -126.900   -126.210    -77.460    -78.504   -999.900   -999.900
   -105.000    -63.162    -62.688   -999.900   -999.900     -0.473      0.000   -131.900   -131.210    -88.236    -92.493   -999.900   -999.900
   -110.000    -63.168    -62.694   -999.900   -999.900     -0.474      0.000   -136.900   -136.210    -90.615    -92.493   -999.900   -999.900
   -115.000    -63.178    -62.692   -999.900   -999.900     -0.486      0.000   -141.900   -141.210    -90.615    -92.493   -999.900   -999.900
   -120.000    -63.194    -62.698   -999.900   -999.900     -0.497      0.000   -146.900   -146.210    -90.615    -92.493   -999.900   -999.900
