      0.000      6.207      3.166   -999.900   -999.900      3.040      0.000    -29.400    -30.400      6.207      3.166   -999.900   -999.900
     -5.000      6.089      3.272   -999.900   -999.900      2.818      0.000    -34.400    -35.400      6.089      3.272   -999.900   -999.900
    -10.000      5.551      3.253   -999.900   -999.900      2.297      0.000    -39.400    -40.400      5.551      3.253   -999.900   -999.900
    -15.000      3.987      2.928   -999.900   -999.900      1.059      0.000    -44.400    -45.400      3.987      2.928   -999.900   -999.900
    -20.000      0.084      1.759   -999.900   -999.900     -1.674      0.000    -49.400    -50.400      0.084      1.759   -999.900   -999.900
    -25.000     -4.727     -1.048   -999.900   -999.900     -3.679      0.000    -54.400    -55.400     -4.727     -1.048   -999.900   -999.900
    -30.000     -9.675     -5.795   -999.900   -999.900     -3.880      0.000    -59.400    -60.400     -9.675     -5.795   -999.900   -999.900
    -35.000    -14.710    -10.755   -999.900   -999.900     -3.954      0.000    -64.400    -65.400    -14.710    -10.755   -999.900   -999.900
    -40.000    -19.755    -15.772   -999.900   -999.900     -3.983      0.000    -69.400    -70.400    -19.755    -15.772   -999.900   -999.900
    -45.000    -24.813    -20.835   -999.900   -999.900     -3.978      0.000    -74.400    -75.400    -24.814    -20.835   -999.900   -999.900
    -50.000    -29.849    -25.886   -999.900   -999.900     -3.964      0.000    -79.400    -80.400    -29.851    -25.887   -999.900   -999.900
    -55.000    -34.938    -31.033   -999.900   -999.900     -3.905      0.000    -84.400    -85.400    -34.942    -31.037   -999.900   -999.900
    -60.000    -39.922    -36.143   -999.900   -999.900     -3.780      0.000    -89.400    -90.400    -39.934    -36.153   -999.900   -999.900
    -65.000    -44.943    -41.307   -999.900   -999.900     -3.637      0.000    -94.400    -95.400    -44.981    -41.339   -999.900   -999.900
    -70.000    -49.857    -46.397   -999.900   -999.900     -3.461      0.000    -99.400   -100.400    -49.975    -46.503   -999.900   -999.900
    -75.000    -54.624    -51.268   -999.900   -999.900     -3.356      0.000   -104.400   -105.400    -54.987    -51.603   -999.900   -999.900
    -80.000    -58.902    -55.628   -999.900   -999.900     -3.273      0.000   -109.400   -110.400    -59.952    -56.613   -999.900   -999.900
    -85.000    -62.262    -59.066   -999.900   -999.900     -3.196      0.000   -114.400   -115.400    -64.984    -61.642   -999.900   -999.900
    -90.000    -64.235    -61.126   -999.900   -999.900     -3.108      0.000   -119.400   -120.400    -69.978    -66.641   -999.900   -999.900
    -95.000    -65.122    -62.040   -999.900   -999.900     -3.082      0.000   -124.400   -125.400    -75.110    -71.527   -999.900   -999.900
   -100.000    -65.442    -62.383   -999.900   -999.900     -3.059      0.000   -129.400   -130.400    -80.471    -76.407   -999.900   -999.900
   -105.000    -65.581    -62.562   -999.900   -999.900     -3.019      0.000   -134.400   -135.400    -80.471    -76.407   -999.900   -999.900
   -110.000    -65.577    -62.547   -999.900   -999.900     -3.031      0.000   -139.400   -140.400    -80.471    -76.407   -999.900   -999.900
   -115.000    -65.588    -62.557   -999.900   -999.900     -3.031      0.000   -144.400   -145.400    -80.471    -76.407   -999.900   -999.900
   -120.000    -65.576    -62.568   -999.900   -999.900     -3.009      0.000   -149.400   -150.400    -80.471    -76.407   -999.900   -999.900
