      0.000      3.564      3.750   -999.900   -999.900     -0.186      0.000    -26.900    -26.210      3.564      3.750   -999.900   -999.900
     -5.000      3.522      3.711   -999.900   -999.900     -0.189      0.000    -31.900    -31.210      3.522      3.711   -999.900   -999.900
    -10.000      3.234      3.440   -999.900   -999.900     -0.206      0.000    -36.900    -36.210      3.234      3.440   -999.900   -999.900
    -15.000      2.164      2.433   -999.900   -999.900     -0.269      0.000    -41.900    -41.210      2.164      2.433   -999.900   -999.900
    -20.000     -0.627     -0.281   -999.900   -999.900     -0.346      0.000    -46.900    -46.210     -0.627     -0.281   -999.900   -999.900
    -25.000     -4.808     -4.454   -999.900   -999.900     -0.354      0.000    -51.900    -51.210     -4.808     -4.454   -999.900   -999.900
    -30.000     -9.469     -9.125   -999.900   -999.900     -0.344      0.000    -56.900    -56.210     -9.469     -9.125   -999.900   -999.900
    -35.000    -14.269    -13.925   -999.900   -999.900     -0.344      0.000    -61.900    -61.210    -14.269    -13.925   -999.900   -999.900
    -40.000    -19.227    -18.888   -999.900   -999.900     -0.338      0.000    -66.900    -66.210    -19.227    -18.889   -999.900   -999.900
    -45.000    -24.266    -23.934   -999.900   -999.900     -0.332      0.000    -71.900    -71.210    -24.267    -23.935   -999.900   -999.900
    -50.000    -29.354    -29.029   -999.900   -999.900     -0.325      0.000    -76.900    -76.210    -29.356    -29.030   -999.900   -999.900
    -55.000    -34.512    -34.143   -999.900   -999.900     -0.369      0.000    -81.900    -81.210    -34.517    -34.149   -999.900   -999.900
    -60.000    -39.321    -39.243   -999.900   -999.900     -0.078      0.000    -86.900    -86.210    -39.337    -39.260   -999.900   -999.900
    -65.000    -44.254    -44.163   -999.900   -999.900     -0.091      0.000    -91.900    -91.210    -44.304    -44.217   -999.900   -999.900
    -70.000    -48.961    -48.889   -999.900   -999.900     -0.072      0.000    -96.900    -96.210    -49.111    -49.054   -999.900   -999.900
    -75.000    -53.477    -53.646   -999.900   -999.900      0.170      0.000   -101.900   -101.210    -53.916    -54.160   -999.900   -999.900
    -80.000    -57.594    -57.752   -999.900   -999.900      0.158      0.000   -106.900   -106.210    -58.833    -59.221   -999.900   -999.900
    -85.000    -60.724    -60.666   -999.900   -999.900     -0.059      0.000   -111.900   -111.210    -63.826    -64.244   -999.900   -999.900
    -90.000    -62.515    -62.225   -999.900   -999.900     -0.291      0.000   -116.900   -116.210    -68.916    -69.295   -999.900   -999.900
    -95.000    -63.261    -62.856   -999.900   -999.900     -0.405      0.000   -121.900   -121.210    -73.982    -74.368   -999.900   -999.900
   -100.000    -63.554    -63.092   -999.900   -999.900     -0.462      0.000   -126.900   -126.210    -80.369    -80.377   -999.900   -999.900
   -105.000    -63.629    -63.181   -999.900   -999.900     -0.448      0.000   -131.900   -131.210    -87.995    -80.377   -999.900   -999.900
   -110.000    -63.650    -63.174   -999.900   -999.900     -0.475      0.000   -136.900   -136.210    -87.995    -80.377   -999.900   -999.900
   -115.000    -63.640    -63.168   -999.900   -999.900     -0.473      0.000   -141.900   -141.210    -87.995    -80.377   -999.900   -999.900
   -120.000    -63.661    -63.172   -999.900   -999.900     -0.489      0.000   -146.900   -146.210    -87.995    -80.377   -999.900   -999.900
