      0.000      6.242      1.287   -999.900   -999.900      4.955      0.000    -29.400    -30.400      6.242      1.287   -999.900   -999.900
     -5.000      5.938     -2.112   -999.900   -999.900      8.050      0.000    -34.400    -35.400      5.938     -2.112   -999.900   -999.900
    -10.000      4.804     -6.938   -999.900   -999.900     11.742      0.000    -39.400    -40.400      4.804     -6.938   -999.900   -999.900
    -15.000      1.977    -11.886   -999.900   -999.900     13.863      0.000    -44.400    -45.400      1.977    -11.886   -999.900   -999.900
    -20.000     -2.782    -16.922   -999.900   -999.900     14.140      0.000    -49.400    -50.400     -2.782    -16.922   -999.900   -999.900
    -25.000     -7.648    -21.934   -999.900   -999.900     14.287      0.000    -54.400    -55.400     -7.648    -21.935   -999.900   -999.900
    -30.000    -12.660    -27.065   -999.900   -999.900     14.405      0.000    -59.400    -60.400    -12.660    -27.065   -999.900   -999.900
    -35.000    -17.670    -32.216   -999.900   -999.900     14.546      0.000    -64.400    -65.400    -17.670    -32.217   -999.900   -999.900
    -40.000    -22.734    -37.405   -999.900   -999.900     14.671      0.000    -69.400    -70.400    -22.734    -37.410   -999.900   -999.900
    -45.000    -27.796    -42.648   -999.900   -999.900     14.852      0.000    -74.400    -75.400    -27.797    -42.663   -999.900   -999.900
    -50.000    -32.850    -47.651   -999.900   -999.900     14.801      0.000    -79.400    -80.400    -32.853    -47.701   -999.900   -999.900
    -55.000    -37.914    -52.521   -999.900   -999.900     14.608      0.000    -84.400    -85.400    -37.923    -52.676   -999.900   -999.900
    -60.000    -42.862    -57.382   -999.900   -999.900     14.520      0.000    -89.400    -90.400    -42.891    -57.876   -999.900   -999.900
    -65.000    -47.820    -61.517   -999.900   -999.900     13.697      0.000    -94.400    -95.400    -47.913    -62.934   -999.900   -999.900
    -70.000    -52.648    -64.390   -999.900   -999.900     11.741      0.000    -99.400   -100.400    -52.936    -67.755   -999.900   -999.900
    -75.000    -57.096    -66.022   -999.900   -999.900      8.926      0.000   -104.400   -105.400    -57.951    -72.706   -999.900   -999.900
    -80.000    -60.658    -66.704   -999.900   -999.900      6.046      0.000   -109.400   -110.400    -62.919    -77.613   -999.900   -999.900
    -85.000    -62.928    -66.944   -999.900   -999.900      4.016      0.000   -114.400   -115.400    -67.937    -82.343   -999.900   -999.900
    -90.000    -63.992    -67.033   -999.900   -999.900      3.041      0.000   -119.400   -120.400    -72.997    -87.560   -999.900   -999.900
    -95.000    -64.385    -67.061   -999.900   -999.900      2.676      0.000   -124.400   -125.400    -78.066    -93.410   -999.900   -999.900
   -100.000    -64.523    -67.059   -999.900   -999.900      2.535      0.000   -129.400   -130.400    -83.775    -92.321   -999.900   -999.900
   -105.000    -64.568    -67.091   -999.900   -999.900      2.523      0.000   -134.400   -135.400    -92.485    -92.321   -999.900   -999.900
   -110.000    -64.577    -67.072   -999.900   -999.900      2.495      0.000   -139.400   -140.400    -92.485    -92.321   -999.900   -999.900
   -115.000    -64.565    -67.063   -999.900   -999.900      2.498      0.000   -144.400   -145.400    -92.485    -92.321   -999.900   -999.900
   -120.000    -64.591    -67.061   -999.900   -999.900      2.470      0.000   -149.400   -150.400    -92.485    -92.321   -999.900   -999.900
