      0.000      3.760      3.879   -999.900   -999.900     -0.119      0.000    -26.900    -26.210      3.760      3.879   -999.900   -999.900
     -5.000      3.732      3.871   -999.900   -999.900     -0.139      0.000    -31.900    -31.210      3.732      3.871   -999.900   -999.900
    -10.000      3.504      3.721   -999.900   -999.900     -0.217      0.000    -36.900    -36.210      3.504      3.721   -999.900   -999.900
    -15.000      2.504      2.955   -999.900   -999.900     -0.451      0.000    -41.900    -41.210      2.504      2.955   -999.900   -999.900
    -20.000     -0.325      0.702   -999.900   -999.900     -1.027      0.000    -46.900    -46.210     -0.325      0.702   -999.900   -999.900
    -25.000     -4.531     -3.397   -999.900   -999.900     -1.134      0.000    -51.900    -51.210     -4.531     -3.397   -999.900   -999.900
    -30.000     -8.909     -7.740   -999.900   -999.900     -1.168      0.000    -56.900    -56.210     -8.909     -7.740   -999.900   -999.900
    -35.000    -13.866    -12.700   -999.900   -999.900     -1.167      0.000    -61.900    -61.210    -13.867    -12.700   -999.900   -999.900
    -40.000    -18.769    -17.613   -999.900   -999.900     -1.155      0.000    -66.900    -66.210    -18.769    -17.613   -999.900   -999.900
    -45.000    -23.692    -22.562   -999.900   -999.900     -1.129      0.000    -71.900    -71.210    -23.692    -22.562   -999.900   -999.900
    -50.000    -28.703    -27.651   -999.900   -999.900     -1.051      0.000    -76.900    -76.210    -28.704    -27.653   -999.900   -999.900
    -55.000    -33.722    -32.793   -999.900   -999.900     -0.929      0.000    -81.900    -81.210    -33.728    -32.797   -999.900   -999.900
    -60.000    -38.485    -37.772   -999.900   -999.900     -0.712      0.000    -86.900    -86.210    -38.502    -37.786   -999.900   -999.900
    -65.000    -43.235    -43.195   -999.900   -999.900     -0.040      0.000    -91.900    -91.210    -43.286    -43.242   -999.900   -999.900
    -70.000    -47.946    -47.867   -999.900   -999.900     -0.079      0.000    -96.900    -96.210    -48.098    -48.007   -999.900   -999.900
    -75.000    -52.543    -52.623   -999.900   -999.900      0.080      0.000   -101.900   -101.210    -52.996    -53.054   -999.900   -999.900
    -80.000    -56.666    -56.874   -999.900   -999.900      0.208      0.000   -106.900   -106.210    -57.950    -58.132   -999.900   -999.900
    -85.000    -59.737    -59.983   -999.900   -999.900      0.245      0.000   -111.900   -111.210    -62.917    -63.122   -999.900   -999.900
    -90.000    -61.433    -61.688   -999.900   -999.900      0.255      0.000   -116.900   -116.210    -67.763    -67.927   -999.900   -999.900
    -95.000    -62.210    -62.476   -999.900   -999.900      0.266      0.000   -121.900   -121.210    -73.033    -73.119   -999.900   -999.900
   -100.000    -62.481    -62.728   -999.900   -999.900      0.247      0.000   -126.900   -126.210    -78.769    -77.743   -999.900   -999.900
   -105.000    -62.545    -62.857   -999.900   -999.900      0.312      0.000   -131.900   -131.210    -83.004    -89.109   -999.900   -999.900
   -110.000    -62.569    -62.872   -999.900   -999.900      0.303      0.000   -136.900   -136.210    -87.146    -89.109   -999.900   -999.900
   -115.000    -62.612    -62.873   -999.900   -999.900      0.262      0.000   -141.900   -141.210    -87.146    -89.109   -999.900   -999.900
   -120.000    -62.612    -62.867   -999.900   -999.900      0.255      0.000   -146.900   -146.210    -87.146    -89.109   -999.900   -999.900
