      0.000      6.193      3.181   -999.900   -999.900      3.013      0.000    -24.400    -25.400      6.193      3.181   -999.900   -999.900
     -5.000      6.072      3.279   -999.900   -999.900      2.793      0.000    -29.400    -30.400      6.072      3.279   -999.900   -999.900
    -10.000      5.524      3.245   -999.900   -999.900      2.279      0.000    -34.400    -35.400      5.524      3.245   -999.900   -999.900
    -15.000      3.951      2.886   -999.900   -999.900      1.065      0.000    -39.400    -40.400      3.951      2.886   -999.900   -999.900
    -20.000      0.007      1.658   -999.900   -999.900     -1.651      0.000    -44.400    -45.400      0.007      1.658   -999.900   -999.900
    -25.000     -4.784     -1.316   -999.900   -999.900     -3.469      0.000    -49.400    -50.400     -4.784     -1.316   -999.900   -999.900
    -30.000     -9.763     -6.116   -999.900   -999.900     -3.647      0.000    -54.400    -55.400     -9.763     -6.116   -999.900   -999.900
    -35.000    -14.785    -11.065   -999.900   -999.900     -3.719      0.000    -59.400    -60.400    -14.785    -11.066   -999.900   -999.900
    -40.000    -19.836    -16.088   -999.900   -999.900     -3.748      0.000    -64.400    -65.400    -19.836    -16.088   -999.900   -999.900
    -45.000    -24.901    -21.162   -999.900   -999.900     -3.739      0.000    -69.400    -70.400    -24.901    -21.162   -999.900   -999.900
    -50.000    -29.936    -26.212   -999.900   -999.900     -3.724      0.000    -74.400    -75.400    -29.938    -26.213   -999.900   -999.900
    -55.000    -35.043    -31.381   -999.900   -999.900     -3.663      0.000    -79.400    -80.400    -35.047    -31.384   -999.900   -999.900
    -60.000    -40.081    -36.543   -999.900   -999.900     -3.538      0.000    -84.400    -85.400    -40.093    -36.553   -999.900   -999.900
    -65.000    -45.116    -41.730   -999.900   -999.900     -3.386      0.000    -89.400    -90.400    -45.154    -41.764   -999.900   -999.900
    -70.000    -50.026    -46.819   -999.900   -999.900     -3.207      0.000    -94.400    -95.400    -50.145    -46.930   -999.900   -999.900
    -75.000    -54.771    -51.680   -999.900   -999.900     -3.091      0.000    -99.400   -100.400    -55.137    -52.029   -999.900   -999.900
    -80.000    -59.023    -56.008   -999.900   -999.900     -3.015      0.000   -104.400   -105.400    -60.077    -57.027   -999.900   -999.900
    -85.000    -62.369    -59.398   -999.900   -999.900     -2.971      0.000   -109.400   -110.400    -65.090    -62.049   -999.900   -999.900
    -90.000    -64.348    -61.422   -999.900   -999.900     -2.927      0.000   -114.400   -115.400    -70.103    -67.074   -999.900   -999.900
    -95.000    -65.202    -62.312   -999.900   -999.900     -2.891      0.000   -119.400   -120.400    -74.939    -72.037   -999.900   -999.900
   -100.000    -65.547    -62.619   -999.900   -999.900     -2.927      0.000   -124.400   -125.400    -80.424    -76.494   -999.900   -999.900
   -105.000    -65.672    -62.781   -999.900   -999.900     -2.891      0.000   -129.400   -130.400    -89.437    -86.073   -999.900   -999.900
   -110.000    -65.685    -62.803   -999.900   -999.900     -2.882      0.000   -134.400   -135.400    -94.732    -86.073   -999.900   -999.900
   -115.000    -65.702    -62.812   -999.900   -999.900     -2.890      0.000   -139.400   -140.400    -94.732    -86.073   -999.900   -999.900
   -120.000    -65.702    -62.808   -999.900   -999.900     -2.894      0.000   -144.400   -145.400    -94.732    -86.073   -999.900   -999.900
