      0.000      6.281      3.148   -999.900   -999.900      3.133      0.000    -29.400    -30.400      6.281      3.148   -999.900   -999.900
     -5.000      5.948      2.928   -999.900   -999.900      3.021      0.000    -34.400    -35.400      5.948      2.928   -999.900   -999.900
    -10.000      4.712      1.991   -999.900   -999.900      2.722      0.000    -39.400    -40.400      4.712      1.991   -999.900   -999.900
    -15.000      1.522     -0.430   -999.900   -999.900      1.952      0.000    -44.400    -45.400      1.522     -0.430   -999.900   -999.900
    -20.000     -3.299     -5.098   -999.900   -999.900      1.799      0.000    -49.400    -50.400     -3.299     -5.098   -999.900   -999.900
    -25.000     -8.156     -9.925   -999.900   -999.900      1.770      0.000    -54.400    -55.400     -8.156     -9.926   -999.900   -999.900
    -30.000    -13.117    -14.889   -999.900   -999.900      1.772      0.000    -59.400    -60.400    -13.117    -14.889   -999.900   -999.900
    -35.000    -18.230    -20.022   -999.900   -999.900      1.792      0.000    -64.400    -65.400    -18.230    -20.022   -999.900   -999.900
    -40.000    -23.302    -25.103   -999.900   -999.900      1.801      0.000    -69.400    -70.400    -23.302    -25.103   -999.900   -999.900
    -45.000    -28.381    -30.247   -999.900   -999.900      1.866      0.000    -74.400    -75.400    -28.382    -30.249   -999.900   -999.900
    -50.000    -33.415    -35.380   -999.900   -999.900      1.965      0.000    -79.400    -80.400    -33.418    -35.386   -999.900   -999.900
    -55.000    -38.495    -40.576   -999.900   -999.900      2.081      0.000    -84.400    -85.400    -38.505    -40.599   -999.900   -999.900
    -60.000    -43.413    -45.674   -999.900   -999.900      2.260      0.000    -89.400    -90.400    -43.446    -45.748   -999.900   -999.900
    -65.000    -48.442    -50.651   -999.900   -999.900      2.209      0.000    -94.400    -95.400    -48.548    -50.888   -999.900   -999.900
    -70.000    -53.227    -55.206   -999.900   -999.900      1.978      0.000    -99.400   -100.400    -53.555    -55.920   -999.900   -999.900
    -75.000    -57.611    -58.989   -999.900   -999.900      1.378      0.000   -104.400   -105.400    -58.576    -60.943   -999.900   -999.900
    -80.000    -61.028    -61.457   -999.900   -999.900      0.428      0.000   -109.400   -110.400    -63.529    -65.885   -999.900   -999.900
    -85.000    -63.147    -62.702   -999.900   -999.900     -0.445      0.000   -114.400   -115.400    -68.570    -70.988   -999.900   -999.900
    -90.000    -64.077    -63.182   -999.900   -999.900     -0.895      0.000   -119.400   -120.400    -73.402    -76.290   -999.900   -999.900
    -95.000    -64.446    -63.349   -999.900   -999.900     -1.097      0.000   -124.400   -125.400    -78.606    -82.717   -999.900   -999.900
   -100.000    -64.554    -63.347   -999.900   -999.900     -1.207      0.000   -129.400   -130.400    -83.048    -82.531   -999.900   -999.900
   -105.000    -64.622    -63.394   -999.900   -999.900     -1.227      0.000   -134.400   -135.400    -83.048    -92.627   -999.900   -999.900
   -110.000    -64.611    -63.399   -999.900   -999.900     -1.212      0.000   -139.400   -140.400    -83.048   -104.790   -999.900   -999.900
   -115.000    -64.621    -63.414   -999.900   -999.900     -1.207      0.000   -144.400   -145.400    -83.048   -104.790   -999.900   -999.900
   -120.000    -64.610    -63.390   -999.900   -999.900     -1.220      0.000   -149.400   -150.400    -83.048   -104.790   -999.900   -999.900
