      0.000      6.218      1.388   -999.900   -999.900      4.830      0.000    -29.400    -30.400      6.218      1.388   -999.900   -999.900
     -5.000      6.079     -1.996   -999.900   -999.900      8.075      0.000    -34.400    -35.400      6.079     -1.996   -999.900   -999.900
    -10.000      5.337     -6.850   -999.900   -999.900     12.187      0.000    -39.400    -40.400      5.337     -6.850   -999.900   -999.900
    -15.000      3.399    -11.804   -999.900   -999.900     15.203      0.000    -44.400    -45.400      3.399    -11.804   -999.900   -999.900
    -20.000     -0.974    -16.850   -999.900   -999.900     15.877      0.000    -49.400    -50.400     -0.974    -16.850   -999.900   -999.900
    -25.000     -5.799    -21.867   -999.900   -999.900     16.067      0.000    -54.400    -55.400     -5.799    -21.867   -999.900   -999.900
    -30.000    -10.795    -27.019   -999.900   -999.900     16.224      0.000    -59.400    -60.400    -10.795    -27.020   -999.900   -999.900
    -35.000    -15.788    -32.191   -999.900   -999.900     16.403      0.000    -64.400    -65.400    -15.788    -32.192   -999.900   -999.900
    -40.000    -20.839    -37.439   -999.900   -999.900     16.600      0.000    -69.400    -70.400    -20.839    -37.444   -999.900   -999.900
    -45.000    -25.896    -42.738   -999.900   -999.900     16.842      0.000    -74.400    -75.400    -25.896    -42.754   -999.900   -999.900
    -50.000    -30.933    -47.894   -999.900   -999.900     16.961      0.000    -79.400    -80.400    -30.934    -47.946   -999.900   -999.900
    -55.000    -36.005    -52.932   -999.900   -999.900     16.927      0.000    -84.400    -85.400    -36.010    -53.100   -999.900   -999.900
    -60.000    -40.994    -57.487   -999.900   -999.900     16.493      0.000    -89.400    -90.400    -41.008    -57.984   -999.900   -999.900
    -65.000    -45.989    -61.547   -999.900   -999.900     15.558      0.000    -94.400    -95.400    -46.034    -62.947   -999.900   -999.900
    -70.000    -50.913    -64.600   -999.900   -999.900     13.687      0.000    -99.400   -100.400    -51.054    -68.131   -999.900   -999.900
    -75.000    -55.635    -66.188   -999.900   -999.900     10.553      0.000   -104.400   -105.400    -56.066    -73.226   -999.900   -999.900
    -80.000    -59.804    -66.818   -999.900   -999.900      7.014      0.000   -109.400   -110.400    -61.036    -78.208   -999.900   -999.900
    -85.000    -62.943    -67.056   -999.900   -999.900      4.113      0.000   -114.400   -115.400    -66.029    -83.941   -999.900   -999.900
    -90.000    -64.726    -67.114   -999.900   -999.900      2.387      0.000   -119.400   -120.400    -71.053    -88.509   -999.900   -999.900
    -95.000    -65.461    -67.150   -999.900   -999.900      1.689      0.000   -124.400   -125.400    -75.844    -88.509   -999.900   -999.900
   -100.000    -65.717    -67.152   -999.900   -999.900      1.435      0.000   -129.400   -130.400    -80.108    -88.509   -999.900   -999.900
   -105.000    -65.874    -67.147   -999.900   -999.900      1.273      0.000   -134.400   -135.400    -96.013    -88.509   -999.900   -999.900
   -110.000    -65.875    -67.144   -999.900   -999.900      1.268      0.000   -139.400   -140.400    -97.498    -88.509   -999.900   -999.900
   -115.000    -65.876    -67.144   -999.900   -999.900      1.269      0.000   -144.400   -145.400    -97.880    -88.509   -999.900   -999.900
   -120.000    -65.888    -67.147   -999.900   -999.900      1.258      0.000   -149.400   -150.400    -97.880    -88.509   -999.900   -999.900
