      0.000      3.868      3.969   -999.900   -999.900     -0.101      0.000    -26.900    -26.210      3.868      3.969   -999.900   -999.900
     -5.000      3.846      3.957   -999.900   -999.900     -0.111      0.000    -31.900    -31.210      3.846      3.957   -999.900   -999.900
    -10.000      3.637      3.792   -999.900   -999.900     -0.155      0.000    -36.900    -36.210      3.637      3.792   -999.900   -999.900
    -15.000      2.725      3.018   -999.900   -999.900     -0.293      0.000    -41.900    -41.210      2.725      3.018   -999.900   -999.900
    -20.000      0.137      0.749   -999.900   -999.900     -0.611      0.000    -46.900    -46.210      0.137      0.749   -999.900   -999.900
    -25.000     -3.968     -3.304   -999.900   -999.900     -0.664      0.000    -51.900    -51.210     -3.968     -3.304   -999.900   -999.900
    -30.000     -8.489     -7.834   -999.900   -999.900     -0.655      0.000    -56.900    -56.210     -8.489     -7.834   -999.900   -999.900
    -35.000    -13.337    -12.682   -999.900   -999.900     -0.655      0.000    -61.900    -61.210    -13.337    -12.682   -999.900   -999.900
    -40.000    -18.273    -17.618   -999.900   -999.900     -0.655      0.000    -66.900    -66.210    -18.273    -17.618   -999.900   -999.900
    -45.000    -23.278    -22.629   -999.900   -999.900     -0.648      0.000    -71.900    -71.210    -23.278    -22.630   -999.900   -999.900
    -50.000    -28.362    -27.717   -999.900   -999.900     -0.645      0.000    -76.900    -76.210    -28.364    -27.719   -999.900   -999.900
    -55.000    -33.507    -32.834   -999.900   -999.900     -0.673      0.000    -81.900    -81.210    -33.514    -32.840   -999.900   -999.900
    -60.000    -38.340    -37.870   -999.900   -999.900     -0.470      0.000    -86.900    -86.210    -38.361    -37.891   -999.900   -999.900
    -65.000    -43.278    -42.892   -999.900   -999.900     -0.386      0.000    -91.900    -91.210    -43.342    -42.957   -999.900   -999.900
    -70.000    -48.030    -47.594   -999.900   -999.900     -0.436      0.000    -96.900    -96.210    -48.226    -47.790   -999.900   -999.900
    -75.000    -52.505    -52.255   -999.900   -999.900     -0.250      0.000   -101.900   -101.210    -53.079    -52.857   -999.900   -999.900
    -80.000    -56.408    -56.211   -999.900   -999.900     -0.197      0.000   -106.900   -106.210    -57.981    -57.898   -999.900   -999.900
    -85.000    -59.208    -58.933   -999.900   -999.900     -0.275      0.000   -111.900   -111.210    -62.965    -62.940   -999.900   -999.900
    -90.000    -60.648    -60.290   -999.900   -999.900     -0.358      0.000   -116.900   -116.210    -67.786    -67.821   -999.900   -999.900
    -95.000    -61.243    -60.846   -999.900   -999.900     -0.397      0.000   -121.900   -121.210    -72.504    -72.787   -999.900   -999.900
   -100.000    -61.480    -61.040   -999.900   -999.900     -0.440      0.000   -126.900   -126.210    -77.887    -77.768   -999.900   -999.900
   -105.000    -61.595    -61.131   -999.900   -999.900     -0.464      0.000   -131.900   -131.210    -77.887    -93.527   -999.900   -999.900
   -110.000    -61.576    -61.136   -999.900   -999.900     -0.440      0.000   -136.900   -136.210    -77.887    -93.527   -999.900   -999.900
   -115.000    -61.573    -61.135   -999.900   -999.900     -0.438      0.000   -141.900   -141.210    -77.887    -93.527   -999.900   -999.900
   -120.000    -61.580    -61.132   -999.900   -999.900     -0.448      0.000   -146.900   -146.210    -77.887    -93.527   -999.900   -999.900
