      0.000      3.940      4.024   -999.900   -999.900     -0.085      0.000    -26.900    -26.210      3.940      4.024   -999.900   -999.900
     -5.000      3.913      4.006   -999.900   -999.900     -0.094      0.000    -31.900    -31.210      3.913      4.006   -999.900   -999.900
    -10.000      3.692      3.826   -999.900   -999.900     -0.134      0.000    -36.900    -36.210      3.692      3.826   -999.900   -999.900
    -15.000      2.734      2.984   -999.900   -999.900     -0.250      0.000    -41.900    -41.210      2.734      2.984   -999.900   -999.900
    -20.000     -0.003      0.506   -999.900   -999.900     -0.508      0.000    -46.900    -46.210     -0.003      0.506   -999.900   -999.900
    -25.000     -4.146     -3.614   -999.900   -999.900     -0.532      0.000    -51.900    -51.210     -4.146     -3.614   -999.900   -999.900
    -30.000     -8.630     -8.117   -999.900   -999.900     -0.513      0.000    -56.900    -56.210     -8.630     -8.117   -999.900   -999.900
    -35.000    -13.532    -13.023   -999.900   -999.900     -0.508      0.000    -61.900    -61.210    -13.532    -13.023   -999.900   -999.900
    -40.000    -18.468    -17.964   -999.900   -999.900     -0.504      0.000    -66.900    -66.210    -18.468    -17.964   -999.900   -999.900
    -45.000    -23.470    -22.973   -999.900   -999.900     -0.497      0.000    -71.900    -71.210    -23.471    -22.974   -999.900   -999.900
    -50.000    -28.561    -28.066   -999.900   -999.900     -0.495      0.000    -76.900    -76.210    -28.563    -28.068   -999.900   -999.900
    -55.000    -33.706    -33.188   -999.900   -999.900     -0.519      0.000    -81.900    -81.210    -33.713    -33.195   -999.900   -999.900
    -60.000    -38.475    -38.192   -999.900   -999.900     -0.283      0.000    -86.900    -86.210    -38.496    -38.214   -999.900   -999.900
    -65.000    -43.452    -43.245   -999.900   -999.900     -0.206      0.000    -91.900    -91.210    -43.518    -43.315   -999.900   -999.900
    -70.000    -48.185    -47.937   -999.900   -999.900     -0.248      0.000    -96.900    -96.210    -48.385    -48.146   -999.900   -999.900
    -75.000    -52.650    -52.580   -999.900   -999.900     -0.070      0.000   -101.900   -101.210    -53.234    -53.218   -999.900   -999.900
    -80.000    -56.548    -56.481   -999.900   -999.900     -0.066      0.000   -106.900   -106.210    -58.151    -58.256   -999.900   -999.900
    -85.000    -59.329    -59.129   -999.900   -999.900     -0.201      0.000   -111.900   -111.210    -63.157    -63.298   -999.900   -999.900
    -90.000    -60.757    -60.415   -999.900   -999.900     -0.343      0.000   -116.900   -116.210    -68.058    -68.103   -999.900   -999.900
    -95.000    -61.356    -60.952   -999.900   -999.900     -0.404      0.000   -121.900   -121.210    -73.167    -73.094   -999.900   -999.900
   -100.000    -61.579    -61.139   -999.900   -999.900     -0.441      0.000   -126.900   -126.210    -79.386    -78.193   -999.900   -999.900
   -105.000    -61.653    -61.226   -999.900   -999.900     -0.428      0.000   -131.900   -131.210    -79.386    -78.193   -999.900   -999.900
   -110.000    -61.644    -61.217   -999.900   -999.900     -0.426      0.000   -136.900   -136.210    -79.386    -78.193   -999.900   -999.900
   -115.000    -61.647    -61.228   -999.900   -999.900     -0.419      0.000   -141.900   -141.210    -79.386    -78.193   -999.900   -999.900
   -120.000    -61.665    -61.230   -999.900   -999.900     -0.435      0.000   -146.900   -146.210    -79.386    -78.193   -999.900   -999.900
