      0.000      6.222      1.252   -999.900   -999.900      4.970      0.000    -29.400    -30.400      6.222      1.252   -999.900   -999.900
     -5.000      5.928     -2.242   -999.900   -999.900      8.170      0.000    -34.400    -35.400      5.928     -2.242   -999.900   -999.900
    -10.000      4.789     -7.085   -999.900   -999.900     11.874      0.000    -39.400    -40.400      4.789     -7.085   -999.900   -999.900
    -15.000      1.942    -12.045   -999.900   -999.900     13.986      0.000    -44.400    -45.400      1.942    -12.045   -999.900   -999.900
    -20.000     -2.823    -17.089   -999.900   -999.900     14.267      0.000    -49.400    -50.400     -2.823    -17.089   -999.900   -999.900
    -25.000     -7.686    -22.103   -999.900   -999.900     14.417      0.000    -54.400    -55.400     -7.686    -22.103   -999.900   -999.900
    -30.000    -12.699    -27.238   -999.900   -999.900     14.539      0.000    -59.400    -60.400    -12.699    -27.239   -999.900   -999.900
    -35.000    -17.707    -32.401   -999.900   -999.900     14.694      0.000    -64.400    -65.400    -17.707    -32.401   -999.900   -999.900
    -40.000    -22.770    -37.590   -999.900   -999.900     14.821      0.000    -69.400    -70.400    -22.770    -37.592   -999.900   -999.900
    -45.000    -27.835    -42.854   -999.900   -999.900     15.019      0.000    -74.400    -75.400    -27.836    -42.859   -999.900   -999.900
    -50.000    -32.892    -47.880   -999.900   -999.900     14.988      0.000    -79.400    -80.400    -32.895    -47.895   -999.900   -999.900
    -55.000    -37.962    -52.767   -999.900   -999.900     14.805      0.000    -84.400    -85.400    -37.971    -52.812   -999.900   -999.900
    -60.000    -42.911    -57.583   -999.900   -999.900     14.672      0.000    -89.400    -90.400    -42.941    -57.722   -999.900   -999.900
    -65.000    -47.864    -61.716   -999.900   -999.900     13.852      0.000    -94.400    -95.400    -47.958    -62.087   -999.900   -999.900
    -70.000    -52.669    -64.585   -999.900   -999.900     11.916      0.000    -99.400   -100.400    -52.960    -65.334   -999.900   -999.900
    -75.000    -57.683    -66.297   -999.900   -999.900      8.614      0.000   -104.400   -105.400    -58.680    -67.460   -999.900   -999.900
    -80.000    -60.810    -72.617   -999.900   -999.900     11.806      0.000   -109.400   -110.400    -63.188    -67.460   -999.900   -999.900
    -85.000    -63.007    -72.634   -999.900   -999.900      9.627      0.000   -114.400   -115.400    -68.224    -67.460   -999.900   -999.900
    -90.000    -64.018    -72.607   -999.900   -999.900      8.590      0.000   -119.400   -120.400    -73.310    -67.460   -999.900   -999.900
    -95.000    -64.397    -72.597   -999.900   -999.900      8.200      0.000   -124.400   -125.400    -78.692    -67.460   -999.900   -999.900
   -100.000    -64.505    -72.610   -999.900   -999.900      8.104      0.000   -129.400   -130.400    -83.384    -67.460   -999.900   -999.900
   -105.000    -64.565    -72.560   -999.900   -999.900      7.995      0.000   -134.400   -135.400    -83.384    -67.460   -999.900   -999.900
   -110.000    -64.561    -72.593   -999.900   -999.900      8.032      0.000   -139.400   -140.400    -83.384    -67.460   -999.900   -999.900
   -115.000    -64.560    -72.602   -999.900   -999.900      8.042      0.000   -144.400   -145.400    -83.384    -67.460   -999.900   -999.900
   -120.000    -64.561    -72.599   -999.900   -999.900      8.037      0.000   -149.400   -150.400    -83.384    -67.460   -999.900   -999.900
