      0.000      6.196      1.313   -999.900   -999.900      4.883      0.000    -29.400    -30.400      6.196      1.313   -999.900   -999.900
     -5.000      5.770     -2.063   -999.900   -999.900      7.833      0.000    -34.400    -35.400      5.770     -2.063   -999.900   -999.900
    -10.000      4.374     -6.900   -999.900   -999.900     11.274      0.000    -39.400    -40.400      4.374     -6.900   -999.900   -999.900
    -15.000      0.901    -11.849   -999.900   -999.900     12.750      0.000    -44.400    -45.400      0.901    -11.849   -999.900   -999.900
    -20.000     -3.933    -16.886   -999.900   -999.900     12.953      0.000    -49.400    -50.400     -3.933    -16.886   -999.900   -999.900
    -25.000     -8.803    -21.894   -999.900   -999.900     13.091      0.000    -54.400    -55.400     -8.803    -21.894   -999.900   -999.900
    -30.000    -13.832    -27.027   -999.900   -999.900     13.196      0.000    -59.400    -60.400    -13.832    -27.028   -999.900   -999.900
    -35.000    -18.839    -32.174   -999.900   -999.900     13.334      0.000    -64.400    -65.400    -18.840    -32.175   -999.900   -999.900
    -40.000    -23.909    -37.375   -999.900   -999.900     13.466      0.000    -69.400    -70.400    -23.909    -37.380   -999.900   -999.900
    -45.000    -28.975    -42.647   -999.900   -999.900     13.672      0.000    -74.400    -75.400    -28.976    -42.663   -999.900   -999.900
    -50.000    -34.023    -47.684   -999.900   -999.900     13.661      0.000    -79.400    -80.400    -34.025    -47.733   -999.900   -999.900
    -55.000    -39.114    -52.499   -999.900   -999.900     13.385      0.000    -84.400    -85.400    -39.120    -52.650   -999.900   -999.900
    -60.000    -44.055    -57.449   -999.900   -999.900     13.394      0.000    -89.400    -90.400    -44.073    -57.939   -999.900   -999.900
    -65.000    -49.020    -61.503   -999.900   -999.900     12.482      0.000    -94.400    -95.400    -49.078    -62.878   -999.900   -999.900
    -70.000    -53.919    -64.358   -999.900   -999.900     10.440      0.000    -99.400   -100.400    -54.101    -67.581   -999.900   -999.900
    -75.000    -58.589    -66.015   -999.900   -999.900      7.427      0.000   -104.400   -105.400    -59.147    -72.346   -999.900   -999.900
    -80.000    -62.549    -66.769   -999.900   -999.900      4.221      0.000   -109.400   -110.400    -64.098    -77.358   -999.900   -999.900
    -85.000    -65.401    -67.032   -999.900   -999.900      1.631      0.000   -114.400   -115.400    -69.156    -82.221   -999.900   -999.900
    -90.000    -66.894    -67.114   -999.900   -999.900      0.221      0.000   -119.400   -120.400    -74.246    -86.381   -999.900   -999.900
    -95.000    -67.484    -67.129   -999.900   -999.900     -0.354      0.000   -124.400   -125.400    -79.339    -87.896   -999.900   -999.900
   -100.000    -67.681    -67.165   -999.900   -999.900     -0.516      0.000   -129.400   -130.400    -84.281   -103.203   -999.900   -999.900
   -105.000    -67.787    -67.152   -999.900   -999.900     -0.635      0.000   -134.400   -135.400    -84.281    -92.148   -999.900   -999.900
   -110.000    -67.778    -67.166   -999.900   -999.900     -0.612      0.000   -139.400   -140.400    -84.281   -109.377   -999.900   -999.900
   -115.000    -67.771    -67.188   -999.900   -999.900     -0.583      0.000   -144.400   -145.400    -84.281   -109.377   -999.900   -999.900
   -120.000    -67.770    -67.158   -999.900   -999.900     -0.612      0.000   -149.400   -150.400    -84.281   -109.377   -999.900   -999.900
