      0.000      8.469   -999.900   -999.900   -999.900   1008.369      0.000    -16.220    -16.220      8.469   -999.900   -999.900   -999.900
     -5.000      8.467   -999.900   -999.900   -999.900   1008.367      0.000    -21.220    -21.220      8.467   -999.900   -999.900   -999.900
    -10.000      8.466   -999.900   -999.900   -999.900   1008.366      0.000    -26.220    -26.220      8.466   -999.900   -999.900   -999.900
    -15.000      8.466   -999.900   -999.900   -999.900   1008.366      0.000    -31.220    -31.220      8.466   -999.900   -999.900   -999.900
    -20.000      8.411   -999.900   -999.900   -999.900   1008.311      0.000    -36.220    -36.220      8.411   -999.900   -999.900   -999.900
    -25.000      7.931   -999.900   -999.900   -999.900   1007.831      0.000    -41.220    -41.220      7.931   -999.900   -999.900   -999.900
    -30.000      5.247   -999.900   -999.900   -999.900   1005.147      0.000    -46.220    -46.220      5.247   -999.900   -999.900   -999.900
    -35.000      0.578   -999.900   -999.900   -999.900   1000.478      0.000    -51.220    -51.220      0.578   -999.900   -999.900   -999.900
    -40.000     -4.352   -999.900   -999.900   -999.900    995.548      0.000    -56.220    -56.220     -4.352   -999.900   -999.900   -999.900
    -45.000     -9.329   -999.900   -999.900   -999.900    990.571      0.000    -61.220    -61.220     -9.329   -999.900   -999.900   -999.900
    -50.000    -14.316   -999.900   -999.900   -999.900    985.584      0.000    -66.220    -66.220    -14.317   -999.900   -999.900   -999.900
    -55.000    -19.364   -999.900   -999.900   -999.900    980.536      0.000    -71.220    -71.220    -19.367   -999.900   -999.900   -999.900
    -60.000    -24.364   -999.900   -999.900   -999.900    975.536      0.000    -76.220    -76.220    -24.375   -999.900   -999.900   -999.900
    -65.000    -29.416   -999.900   -999.900   -999.900    970.484      0.000    -81.220    -81.220    -29.452   -999.900   -999.900   -999.900
    -70.000    -34.470   -999.900   -999.900   -999.900    965.430      0.000    -86.220    -86.220    -34.584   -999.900   -999.900   -999.900
    -75.000    -39.397   -999.900   -999.900   -999.900    960.503      0.000    -91.220    -91.220    -39.764   -999.900   -999.900   -999.900
    -80.000    -43.727   -999.900   -999.900   -999.900    956.173      0.000    -96.220    -96.220    -44.804   -999.900   -999.900   -999.900
    -85.000    -47.081   -999.900   -999.900   -999.900    952.819      0.000   -101.220   -101.220    -49.882   -999.900   -999.900   -999.900
    -90.000    -49.000   -999.900   -999.900   -999.900    950.900      0.000   -106.220   -106.220    -54.842   -999.900   -999.900   -999.900
    -95.000    -49.846   -999.900   -999.900   -999.900    950.054      0.000   -111.220   -111.220    -59.789   -999.900   -999.900   -999.900
   -100.000    -50.176   -999.900   -999.900   -999.900    949.724      0.000   -116.220   -116.220    -65.332   -999.900   -999.900   -999.900
   -105.000    -50.312   -999.900   -999.900   -999.900    949.588      0.000   -121.220   -121.220    -65.332   -999.900   -999.900   -999.900
   -110.000    -50.316   -999.900   -999.900   -999.900    949.584      0.000   -126.220   -126.220    -65.332   -999.900   -999.900   -999.900
   -115.000    -50.307   -999.900   -999.900   -999.900    949.593      0.000   -131.220   -131.220    -65.332   -999.900   -999.900   -999.900
   -120.000    -50.306   -999.900   -999.900   -999.900    949.594      0.000   -136.220   -136.220    -65.332   -999.900   -999.900   -999.900
