      0.000      6.006      6.422   -999.900   -999.900     -0.417      0.000    -26.420    -26.440      6.006      6.422   -999.900   -999.900
     -5.000      5.956      6.423   -999.900   -999.900     -0.467      0.000    -31.420    -31.440      5.956      6.423   -999.900   -999.900
    -10.000      5.604      6.217   -999.900   -999.900     -0.614      0.000    -36.420    -36.440      5.604      6.217   -999.900   -999.900
    -15.000      4.406      5.536   -999.900   -999.900     -1.130      0.000    -41.420    -41.440      4.406      5.536   -999.900   -999.900
    -20.000      1.209      4.135   -999.900   -999.900     -2.926      0.000    -46.420    -46.440      1.209      4.135   -999.900   -999.900
    -25.000     -3.583      0.817   -999.900   -999.900     -4.400      0.000    -51.420    -51.440     -3.583      0.817   -999.900   -999.900
    -30.000     -8.549     -4.079   -999.900   -999.900     -4.470      0.000    -56.420    -56.440     -8.549     -4.079   -999.900   -999.900
    -35.000    -13.547     -9.043   -999.900   -999.900     -4.504      0.000    -61.420    -61.440    -13.547     -9.043   -999.900   -999.900
    -40.000    -18.573    -14.061   -999.900   -999.900     -4.512      0.000    -66.420    -66.440    -18.573    -14.061   -999.900   -999.900
    -45.000    -23.627    -19.093   -999.900   -999.900     -4.534      0.000    -71.420    -71.440    -23.628    -19.093   -999.900   -999.900
    -50.000    -28.651    -24.119   -999.900   -999.900     -4.532      0.000    -76.420    -76.440    -28.653    -24.121   -999.900   -999.900
    -55.000    -33.707    -29.199   -999.900   -999.900     -4.508      0.000    -81.420    -81.440    -33.713    -29.205   -999.900   -999.900
    -60.000    -38.480    -34.181   -999.900   -999.900     -4.299      0.000    -86.420    -86.440    -38.499    -34.198   -999.900   -999.900
    -65.000    -43.393    -39.186   -999.900   -999.900     -4.207      0.000    -91.420    -91.440    -43.452    -39.242   -999.900   -999.900
    -70.000    -48.298    -44.149   -999.900   -999.900     -4.149      0.000    -96.420    -96.440    -48.484    -44.329   -999.900   -999.900
    -75.000    -52.949    -48.858   -999.900   -999.900     -4.090      0.000   -101.420   -101.440    -53.515    -49.411   -999.900   -999.900
    -80.000    -56.909    -52.847   -999.900   -999.900     -4.061      0.000   -106.420   -106.440    -58.484    -54.394   -999.900   -999.900
    -85.000    -59.700    -55.684   -999.900   -999.900     -4.016      0.000   -111.420   -111.440    -63.450    -59.407   -999.900   -999.900
    -90.000    -61.191    -57.180   -999.900   -999.900     -4.011      0.000   -116.420   -116.440    -68.523    -64.444   -999.900   -999.900
    -95.000    -61.784    -57.779   -999.900   -999.900     -4.005      0.000   -121.420   -121.440    -73.619    -69.486   -999.900   -999.900
   -100.000    -61.981    -57.997   -999.900   -999.900     -3.984      0.000   -126.420   -126.440    -78.527    -75.065   -999.900   -999.900
   -105.000    -62.081    -58.087   -999.900   -999.900     -3.994      0.000   -131.420   -131.440    -78.527    -75.065   -999.900   -999.900
   -110.000    -62.083    -58.076   -999.900   -999.900     -4.007      0.000   -136.420   -136.440    -78.527    -75.065   -999.900   -999.900
   -115.000    -62.066    -58.084   -999.900   -999.900     -3.981      0.000   -141.420   -141.440    -78.527    -75.065   -999.900   -999.900
   -120.000    -62.083    -58.083   -999.900   -999.900     -4.000      0.000   -146.420   -146.440    -78.527    -75.065   -999.900   -999.900
