      0.000      3.401      4.027   -999.900   -999.900     -0.627      0.000    -26.420    -26.440      3.400      4.027   -999.900   -999.900
     -5.000      3.394      3.954   -999.900   -999.900     -0.559      0.000    -31.420    -31.440      3.394      3.954   -999.900   -999.900
    -10.000      3.250      3.714   -999.900   -999.900     -0.464      0.000    -36.420    -36.440      3.250      3.714   -999.900   -999.900
    -15.000      2.594      2.927   -999.900   -999.900     -0.333      0.000    -41.420    -41.440      2.594      2.927   -999.900   -999.900
    -20.000      0.560      0.905   -999.900   -999.900     -0.344      0.000    -46.420    -46.440      0.560      0.905   -999.900   -999.900
    -25.000     -3.366     -3.071   -999.900   -999.900     -0.295      0.000    -51.420    -51.440     -3.366     -3.071   -999.900   -999.900
    -30.000     -7.832     -7.586   -999.900   -999.900     -0.246      0.000    -56.420    -56.440     -7.832     -7.586   -999.900   -999.900
    -35.000    -12.607    -12.384   -999.900   -999.900     -0.222      0.000    -61.420    -61.440    -12.607    -12.384   -999.900   -999.900
    -40.000    -17.508    -17.299   -999.900   -999.900     -0.209      0.000    -66.420    -66.440    -17.508    -17.299   -999.900   -999.900
    -45.000    -22.505    -22.294   -999.900   -999.900     -0.211      0.000    -71.420    -71.440    -22.505    -22.294   -999.900   -999.900
    -50.000    -27.562    -27.330   -999.900   -999.900     -0.232      0.000    -76.420    -76.440    -27.563    -27.331   -999.900   -999.900
    -55.000    -32.711    -32.475   -999.900   -999.900     -0.236      0.000    -81.420    -81.440    -32.715    -32.478   -999.900   -999.900
    -60.000    -37.793    -37.596   -999.900   -999.900     -0.197      0.000    -86.420    -86.440    -37.803    -37.605   -999.900   -999.900
    -65.000    -42.711    -42.868   -999.900   -999.900      0.158      0.000    -91.420    -91.440    -42.744    -42.899   -999.900   -999.900
    -70.000    -47.650    -48.129   -999.900   -999.900      0.479      0.000    -96.420    -96.440    -47.754    -48.233   -999.900   -999.900
    -75.000    -52.503    -53.180   -999.900   -999.900      0.677      0.000   -101.420   -101.440    -52.828    -53.524   -999.900   -999.900
    -80.000    -56.862    -57.580   -999.900   -999.900      0.718      0.000   -106.420   -106.440    -57.816    -58.601   -999.900   -999.900
    -85.000    -60.334    -60.989   -999.900   -999.900      0.655      0.000   -111.420   -111.440    -62.843    -63.659   -999.900   -999.900
    -90.000    -62.422    -62.981   -999.900   -999.900      0.559      0.000   -116.420   -116.440    -67.794    -68.614   -999.900   -999.900
    -95.000    -63.381    -63.887   -999.900   -999.900      0.506      0.000   -121.420   -121.440    -72.782    -73.686   -999.900   -999.900
   -100.000    -63.735    -64.217   -999.900   -999.900      0.482      0.000   -126.420   -126.440    -77.747    -78.876   -999.900   -999.900
   -105.000    -63.899    -64.377   -999.900   -999.900      0.478      0.000   -131.420   -131.440    -89.509    -78.876   -999.900   -999.900
   -110.000    -63.910    -64.331   -999.900   -999.900      0.421      0.000   -136.420   -136.440   -100.582    -78.876   -999.900   -999.900
   -115.000    -63.911    -64.373   -999.900   -999.900      0.462      0.000   -141.420   -141.440   -112.042    -78.876   -999.900   -999.900
   -120.000    -63.924    -64.391   -999.900   -999.900      0.467      0.000   -146.420   -146.440   -112.042    -78.876   -999.900   -999.900
