      0.000      5.690      6.316   -999.900   -999.900     -0.625      0.000    -29.460    -30.460      5.690      6.316   -999.900   -999.900
     -5.000      5.532      5.895   -999.900   -999.900     -0.363      0.000    -34.460    -35.460      5.532      5.895   -999.900   -999.900
    -10.000      4.813      4.832   -999.900   -999.900     -0.019      0.000    -39.460    -40.460      4.813      4.832   -999.900   -999.900
    -15.000      2.789      2.646   -999.900   -999.900      0.143      0.000    -44.460    -45.460      2.789      2.646   -999.900   -999.900
    -20.000     -1.735     -1.999   -999.900   -999.900      0.264      0.000    -49.460    -50.460     -1.735     -1.999   -999.900   -999.900
    -25.000     -6.642     -6.944   -999.900   -999.900      0.302      0.000    -54.460    -55.460     -6.642     -6.944   -999.900   -999.900
    -30.000    -11.591    -11.904   -999.900   -999.900      0.314      0.000    -59.460    -60.460    -11.591    -11.904   -999.900   -999.900
    -35.000    -16.586    -16.902   -999.900   -999.900      0.316      0.000    -64.460    -65.460    -16.586    -16.902   -999.900   -999.900
    -40.000    -21.591    -21.906   -999.900   -999.900      0.314      0.000    -69.460    -70.460    -21.592    -21.906   -999.900   -999.900
    -45.000    -26.615    -26.922   -999.900   -999.900      0.308      0.000    -74.460    -75.460    -26.616    -26.924   -999.900   -999.900
    -50.000    -31.665    -31.940   -999.900   -999.900      0.274      0.000    -79.460    -80.460    -31.670    -31.945   -999.900   -999.900
    -55.000    -36.753    -36.887   -999.900   -999.900      0.134      0.000    -84.460    -85.460    -36.768    -36.904   -999.900   -999.900
    -60.000    -41.504    -41.780   -999.900   -999.900      0.276      0.000    -89.460    -90.460    -41.549    -41.834   -999.900   -999.900
    -65.000    -46.428    -46.618   -999.900   -999.900      0.190      0.000    -94.460    -95.460    -46.568    -46.783   -999.900   -999.900
    -70.000    -51.134    -51.294   -999.900   -999.900      0.160      0.000    -99.460   -100.460    -51.559    -51.798   -999.900   -999.900
    -75.000    -55.332    -55.396   -999.900   -999.900      0.064      0.000   -104.460   -105.460    -56.552    -56.831   -999.900   -999.900
    -80.000    -58.480    -58.342   -999.900   -999.900     -0.137      0.000   -109.460   -110.460    -61.542    -61.854   -999.900   -999.900
    -85.000    -60.266    -59.928   -999.900   -999.900     -0.338      0.000   -114.460   -115.460    -66.523    -66.893   -999.900   -999.900
    -90.000    -61.043    -60.579   -999.900   -999.900     -0.464      0.000   -119.460   -120.460    -71.637    -72.011   -999.900   -999.900
    -95.000    -61.306    -60.803   -999.900   -999.900     -0.503      0.000   -124.460   -125.460    -76.521    -77.261   -999.900   -999.900
   -100.000    -61.408    -60.868   -999.900   -999.900     -0.540      0.000   -129.460   -130.460    -82.925    -81.912   -999.900   -999.900
   -105.000    -61.450    -60.910   -999.900   -999.900     -0.540      0.000   -134.460   -135.460    -82.925    -81.912   -999.900   -999.900
   -110.000    -61.439    -60.898   -999.900   -999.900     -0.540      0.000   -139.460   -140.460    -82.925    -81.912   -999.900   -999.900
   -115.000    -61.430    -60.908   -999.900   -999.900     -0.521      0.000   -144.460   -145.460    -82.925    -81.912   -999.900   -999.900
   -120.000    -61.437    -60.894   -999.900   -999.900     -0.543      0.000   -149.460   -150.460    -82.925    -81.912   -999.900   -999.900
