      0.000      5.807      6.194   -999.900   -999.900     -0.387      0.000    -29.460    -33.160      5.807      6.194   -999.900   -999.900
     -5.000      5.639      5.601   -999.900   -999.900      0.038      0.000    -34.460    -38.160      5.639      5.601   -999.900   -999.900
    -10.000      4.888      4.315   -999.900   -999.900      0.573      0.000    -39.460    -43.160      4.888      4.315   -999.900   -999.900
    -15.000      2.746      1.276   -999.900   -999.900      1.470      0.000    -44.460    -48.160      2.746      1.276   -999.900   -999.900
    -20.000     -1.860     -3.620   -999.900   -999.900      1.760      0.000    -49.460    -53.160     -1.860     -3.620   -999.900   -999.900
    -25.000     -6.736     -8.545   -999.900   -999.900      1.809      0.000    -54.460    -58.160     -6.736     -8.545   -999.900   -999.900
    -30.000    -11.687    -13.522   -999.900   -999.900      1.835      0.000    -59.460    -63.160    -11.687    -13.522   -999.900   -999.900
    -35.000    -16.725    -18.568   -999.900   -999.900      1.843      0.000    -64.460    -68.160    -16.726    -18.569   -999.900   -999.900
    -40.000    -21.767    -23.605   -999.900   -999.900      1.838      0.000    -69.460    -73.160    -21.769    -23.609   -999.900   -999.900
    -45.000    -26.800    -28.650   -999.900   -999.900      1.850      0.000    -74.460    -78.160    -26.806    -28.663   -999.900   -999.900
    -50.000    -31.799    -33.600   -999.900   -999.900      1.801      0.000    -79.460    -83.160    -31.817    -33.639   -999.900   -999.900
    -55.000    -36.687    -38.608   -999.900   -999.900      1.921      0.000    -84.460    -88.160    -36.743    -38.734   -999.900   -999.900
    -60.000    -41.409    -43.421   -999.900   -999.900      2.012      0.000    -89.460    -93.160    -41.576    -43.813   -999.900   -999.900
    -65.000    -46.094    -47.800   -999.900   -999.900      1.706      0.000    -94.460    -98.160    -46.605    -48.972   -999.900   -999.900
    -70.000    -50.166    -50.978   -999.900   -999.900      0.812      0.000    -99.460   -103.160    -51.615    -53.918   -999.900   -999.900
    -75.000    -53.092    -52.822   -999.900   -999.900     -0.270      0.000   -104.460   -108.160    -56.624    -58.876   -999.900   -999.900
    -80.000    -54.649    -53.634   -999.900   -999.900     -1.015      0.000   -109.460   -113.160    -61.564    -63.927   -999.900   -999.900
    -85.000    -55.310    -53.920   -999.900   -999.900     -1.390      0.000   -114.460   -118.160    -66.705    -68.899   -999.900   -999.900
    -90.000    -55.519    -54.019   -999.900   -999.900     -1.500      0.000   -119.460   -123.160    -71.237    -74.265   -999.900   -999.900
    -95.000    -55.597    -54.037   -999.900   -999.900     -1.560      0.000   -124.460   -128.160    -75.974    -76.765   -999.900   -999.900
   -100.000    -55.621    -54.058   -999.900   -999.900     -1.563      0.000   -129.460   -133.160    -79.966    -86.942   -999.900   -999.900
   -105.000    -55.641    -54.043   -999.900   -999.900     -1.598      0.000   -134.460   -138.160    -79.966    -78.065   -999.900   -999.900
   -110.000    -55.634    -54.061   -999.900   -999.900     -1.573      0.000   -139.460   -143.160    -79.966    -78.065   -999.900   -999.900
   -115.000    -55.636    -54.064   -999.900   -999.900     -1.572      0.000   -144.460   -148.160    -79.966    -78.065   -999.900   -999.900
   -120.000    -55.637    -54.073   -999.900   -999.900     -1.564      0.000   -149.460   -153.160    -79.966    -78.065   -999.900   -999.900
