      0.000      5.722      6.394   -999.900   -999.900     -0.672      0.000    -29.460    -30.460      5.722      6.394   -999.900   -999.900
     -5.000      5.603      6.035   -999.900   -999.900     -0.431      0.000    -34.460    -35.460      5.603      6.035   -999.900   -999.900
    -10.000      5.007      5.058   -999.900   -999.900     -0.051      0.000    -39.460    -40.460      5.007      5.058   -999.900   -999.900
    -15.000      3.287      3.131   -999.900   -999.900      0.156      0.000    -44.460    -45.460      3.287      3.131   -999.900   -999.900
    -20.000     -0.970     -1.281   -999.900   -999.900      0.311      0.000    -49.460    -50.460     -0.970     -1.281   -999.900   -999.900
    -25.000     -5.865     -6.226   -999.900   -999.900      0.361      0.000    -54.460    -55.460     -5.865     -6.226   -999.900   -999.900
    -30.000    -10.801    -11.177   -999.900   -999.900      0.376      0.000    -59.460    -60.460    -10.801    -11.177   -999.900   -999.900
    -35.000    -15.797    -16.200   -999.900   -999.900      0.403      0.000    -64.460    -65.460    -15.798    -16.200   -999.900   -999.900
    -40.000    -20.840    -21.260   -999.900   -999.900      0.419      0.000    -69.460    -70.460    -20.842    -21.262   -999.900   -999.900
    -45.000    -25.883    -26.352   -999.900   -999.900      0.468      0.000    -74.460    -75.460    -25.889    -26.358   -999.900   -999.900
    -50.000    -30.939    -31.477   -999.900   -999.900      0.537      0.000    -79.460    -80.460    -30.956    -31.496   -999.900   -999.900
    -55.000    -35.949    -36.654   -999.900   -999.900      0.705      0.000    -84.460    -85.460    -36.002    -36.719   -999.900   -999.900
    -60.000    -40.860    -41.624   -999.900   -999.900      0.764      0.000    -89.460    -90.460    -41.025    -41.831   -999.900   -999.900
    -65.000    -45.615    -46.391   -999.900   -999.900      0.776      0.000    -94.460    -95.460    -46.129    -47.044   -999.900   -999.900
    -70.000    -49.728    -50.286   -999.900   -999.900      0.558      0.000    -99.460   -100.460    -51.202    -52.107   -999.900   -999.900
    -75.000    -52.646    -52.900   -999.900   -999.900      0.255      0.000   -104.460   -105.460    -56.245    -57.161   -999.900   -999.900
    -80.000    -54.184    -54.200   -999.900   -999.900      0.016      0.000   -109.460   -110.460    -61.237    -62.244   -999.900   -999.900
    -85.000    -54.812    -54.705   -999.900   -999.900     -0.107      0.000   -114.460   -115.460    -66.223    -67.457   -999.900   -999.900
    -90.000    -55.039    -54.871   -999.900   -999.900     -0.168      0.000   -119.460   -120.460    -71.565    -72.822   -999.900   -999.900
    -95.000    -55.084    -54.920   -999.900   -999.900     -0.165      0.000   -124.460   -125.460    -74.262    -77.991   -999.900   -999.900
   -100.000    -55.126    -54.953   -999.900   -999.900     -0.173      0.000   -129.460   -130.460    -81.105    -77.991   -999.900   -999.900
   -105.000    -55.134    -54.943   -999.900   -999.900     -0.191      0.000   -134.460   -135.460    -85.990    -77.991   -999.900   -999.900
   -110.000    -55.140    -54.955   -999.900   -999.900     -0.186      0.000   -139.460   -140.460    -85.990    -77.991   -999.900   -999.900
   -115.000    -55.141    -54.938   -999.900   -999.900     -0.203      0.000   -144.460   -145.460    -85.990    -77.991   -999.900   -999.900
   -120.000    -55.134    -54.930   -999.900   -999.900     -0.204      0.000   -149.460   -150.460    -85.990    -77.991   -999.900   -999.900
