      0.000      5.725      6.105   -999.900   -999.900     -0.380      0.000    -29.460    -33.160      5.725      6.105   -999.900   -999.900
     -5.000      5.564      5.526   -999.900   -999.900      0.038      0.000    -34.460    -38.160      5.564      5.526   -999.900   -999.900
    -10.000      4.842      4.256   -999.900   -999.900      0.586      0.000    -39.460    -43.160      4.842      4.256   -999.900   -999.900
    -15.000      2.681      1.160   -999.900   -999.900      1.521      0.000    -44.460    -48.160      2.681      1.160   -999.900   -999.900
    -20.000     -1.936     -3.744   -999.900   -999.900      1.808      0.000    -49.460    -53.160     -1.936     -3.744   -999.900   -999.900
    -25.000     -6.816     -8.669   -999.900   -999.900      1.853      0.000    -54.460    -58.160     -6.816     -8.669   -999.900   -999.900
    -30.000    -11.728    -13.607   -999.900   -999.900      1.879      0.000    -59.460    -63.160    -11.728    -13.607   -999.900   -999.900
    -35.000    -16.793    -18.677   -999.900   -999.900      1.884      0.000    -64.460    -68.160    -16.793    -18.677   -999.900   -999.900
    -40.000    -21.833    -23.714   -999.900   -999.900      1.881      0.000    -69.460    -73.160    -21.833    -23.715   -999.900   -999.900
    -45.000    -26.860    -28.757   -999.900   -999.900      1.897      0.000    -74.460    -78.160    -26.861    -28.760   -999.900   -999.900
    -50.000    -31.868    -33.733   -999.900   -999.900      1.865      0.000    -79.460    -83.160    -31.872    -33.741   -999.900   -999.900
    -55.000    -36.784    -38.820   -999.900   -999.900      2.036      0.000    -84.460    -88.160    -36.796    -38.847   -999.900   -999.900
    -60.000    -41.595    -43.850   -999.900   -999.900      2.255      0.000    -89.460    -93.160    -41.631    -43.935   -999.900   -999.900
    -65.000    -46.577    -48.824   -999.900   -999.900      2.247      0.000    -94.460    -98.160    -46.690    -49.098   -999.900   -999.900
    -70.000    -51.350    -53.241   -999.900   -999.900      1.891      0.000    -99.460   -103.160    -51.699    -54.046   -999.900   -999.900
    -75.000    -55.697    -56.878   -999.900   -999.900      1.181      0.000   -104.460   -108.160    -56.722    -59.031   -999.900   -999.900
    -80.000    -59.058    -59.206   -999.900   -999.900      0.148      0.000   -109.460   -113.160    -61.701    -63.995   -999.900   -999.900
    -85.000    -61.091    -60.330   -999.900   -999.900     -0.761      0.000   -114.460   -118.160    -66.746    -69.037   -999.900   -999.900
    -90.000    -61.985    -60.764   -999.900   -999.900     -1.221      0.000   -119.460   -123.160    -71.750    -74.355   -999.900   -999.900
    -95.000    -62.310    -60.906   -999.900   -999.900     -1.404      0.000   -124.460   -128.160    -76.740    -80.130   -999.900   -999.900
   -100.000    -62.421    -60.957   -999.900   -999.900     -1.464      0.000   -129.460   -133.160    -81.966    -96.420   -999.900   -999.900
   -105.000    -62.463    -60.976   -999.900   -999.900     -1.487      0.000   -134.460   -138.160    -90.718    -96.420   -999.900   -999.900
   -110.000    -62.474    -60.945   -999.900   -999.900     -1.529      0.000   -139.460   -143.160    -90.718    -96.420   -999.900   -999.900
   -115.000    -62.464    -60.952   -999.900   -999.900     -1.512      0.000   -144.460   -148.160    -90.718    -96.420   -999.900   -999.900
   -120.000    -62.477    -60.960   -999.900   -999.900     -1.517      0.000   -149.460   -153.160    -90.718    -96.420   -999.900   -999.900
