      0.000      5.701      6.387   -999.900   -999.900     -0.685      0.000    -29.460    -30.460      5.701      6.387   -999.900   -999.900
     -5.000      5.571      6.017   -999.900   -999.900     -0.447      0.000    -34.460    -35.460      5.571      6.017   -999.900   -999.900
    -10.000      4.934      5.023   -999.900   -999.900     -0.089      0.000    -39.460    -40.460      4.934      5.023   -999.900   -999.900
    -15.000      3.126      3.058   -999.900   -999.900      0.068      0.000    -44.460    -45.460      3.126      3.058   -999.900   -999.900
    -20.000     -1.227     -1.394   -999.900   -999.900      0.167      0.000    -49.460    -50.460     -1.227     -1.394   -999.900   -999.900
    -25.000     -6.140     -6.342   -999.900   -999.900      0.202      0.000    -54.460    -55.460     -6.140     -6.342   -999.900   -999.900
    -30.000    -11.061    -11.291   -999.900   -999.900      0.231      0.000    -59.460    -60.460    -11.061    -11.291   -999.900   -999.900
    -35.000    -16.076    -16.323   -999.900   -999.900      0.247      0.000    -64.460    -65.460    -16.076    -16.323   -999.900   -999.900
    -40.000    -21.127    -21.376   -999.900   -999.900      0.250      0.000    -69.460    -70.460    -21.127    -21.377   -999.900   -999.900
    -45.000    -26.182    -26.474   -999.900   -999.900      0.291      0.000    -74.460    -75.460    -26.183    -26.475   -999.900   -999.900
    -50.000    -31.180    -31.615   -999.900   -999.900      0.435      0.000    -79.460    -80.460    -31.183    -31.619   -999.900   -999.900
    -55.000    -36.236    -36.837   -999.900   -999.900      0.601      0.000    -84.460    -85.460    -36.247    -36.850   -999.900   -999.900
    -60.000    -41.314    -41.984   -999.900   -999.900      0.670      0.000    -89.460    -90.460    -41.350    -42.028   -999.900   -999.900
    -65.000    -46.395    -47.094   -999.900   -999.900      0.699      0.000    -94.460    -95.460    -46.513    -47.241   -999.900   -999.900
    -70.000    -51.077    -51.784   -999.900   -999.900      0.708      0.000    -99.460   -100.460    -51.433    -52.230   -999.900   -999.900
    -75.000    -56.247    -56.965   -999.900   -999.900      0.718      0.000   -104.460   -105.460    -57.547    -58.651   -999.900   -999.900
    -80.000    -59.275    -59.746   -999.900   -999.900      0.471      0.000   -109.460   -110.460    -62.457    -63.840   -999.900   -999.900
    -85.000    -60.773    -60.801   -999.900   -999.900      0.027      0.000   -114.460   -115.460    -66.514    -67.340   -999.900   -999.900
    -90.000    -61.654    -61.528   -999.900   -999.900     -0.126      0.000   -119.460   -120.460    -71.574    -72.499   -999.900   -999.900
    -95.000    -61.934    -61.776   -999.900   -999.900     -0.158      0.000   -124.460   -125.460    -75.700    -77.645   -999.900   -999.900
   -100.000    -62.068    -61.840   -999.900   -999.900     -0.227      0.000   -129.460   -130.460    -81.253    -81.272   -999.900   -999.900
   -105.000    -62.118    -61.886   -999.900   -999.900     -0.232      0.000   -134.460   -135.460    -95.002    -91.772   -999.900   -999.900
   -110.000    -62.112    -61.892   -999.900   -999.900     -0.220      0.000   -139.460   -140.460    -89.440    -91.772   -999.900   -999.900
   -115.000    -62.128    -61.889   -999.900   -999.900     -0.239      0.000   -144.460   -145.460    -89.440    -91.772   -999.900   -999.900
   -120.000    -62.123    -61.894   -999.900   -999.900     -0.229      0.000   -149.460   -150.460    -89.440    -91.772   -999.900   -999.900
