      0.000      2.339   -999.900   -999.900   -999.900   1002.239      0.000    -14.750    -14.750      2.339   -999.900   -999.900   -999.900
     -5.000      2.323   -999.900   -999.900   -999.900   1002.223      0.000    -19.750    -19.750      2.323   -999.900   -999.900   -999.900
    -10.000      2.320   -999.900   -999.900   -999.900   1002.220      0.000    -24.750    -24.750      2.320   -999.900   -999.900   -999.900
    -15.000      2.256   -999.900   -999.900   -999.900   1002.156      0.000    -29.750    -29.750      2.256   -999.900   -999.900   -999.900
    -20.000      2.020   -999.900   -999.900   -999.900   1001.920      0.000    -34.750    -34.750      2.020   -999.900   -999.900   -999.900
    -25.000      1.261   -999.900   -999.900   -999.900   1001.161      0.000    -39.750    -39.750      1.261   -999.900   -999.900   -999.900
    -30.000     -0.462   -999.900   -999.900   -999.900    999.438      0.000    -44.750    -44.750     -0.462   -999.900   -999.900   -999.900
    -35.000     -4.157   -999.900   -999.900   -999.900    995.743      0.000    -49.750    -49.750     -4.157   -999.900   -999.900   -999.900
    -40.000     -8.713   -999.900   -999.900   -999.900    991.187      0.000    -54.750    -54.750     -8.713   -999.900   -999.900   -999.900
    -45.000    -13.514   -999.900   -999.900   -999.900    986.386      0.000    -59.750    -59.750    -13.514   -999.900   -999.900   -999.900
    -50.000    -18.380   -999.900   -999.900   -999.900    981.520      0.000    -64.750    -64.750    -18.380   -999.900   -999.900   -999.900
    -55.000    -23.378   -999.900   -999.900   -999.900    976.522      0.000    -69.750    -69.750    -23.378   -999.900   -999.900   -999.900
    -60.000    -28.310   -999.900   -999.900   -999.900    971.590      0.000    -74.750    -74.750    -28.312   -999.900   -999.900   -999.900
    -65.000    -33.354   -999.900   -999.900   -999.900    966.546      0.000    -79.750    -79.750    -33.360   -999.900   -999.900   -999.900
    -70.000    -38.442   -999.900   -999.900   -999.900    961.458      0.000    -84.750    -84.750    -38.459   -999.900   -999.900   -999.900
    -75.000    -43.097   -999.900   -999.900   -999.900    956.803      0.000    -89.750    -89.750    -43.148   -999.900   -999.900   -999.900
    -80.000    -47.994   -999.900   -999.900   -999.900    951.906      0.000    -94.750    -94.750    -48.154   -999.900   -999.900   -999.900
    -85.000    -52.683   -999.900   -999.900   -999.900    947.217      0.000    -99.750    -99.750    -53.171   -999.900   -999.900   -999.900
    -90.000    -56.759   -999.900   -999.900   -999.900    943.141      0.000   -104.750   -104.750    -58.133   -999.900   -999.900   -999.900
    -95.000    -59.753   -999.900   -999.900   -999.900    940.147      0.000   -109.750   -109.750    -63.131   -999.900   -999.900   -999.900
   -100.000    -61.377   -999.900   -999.900   -999.900    938.523      0.000   -114.750   -114.750    -68.065   -999.900   -999.900   -999.900
   -105.000    -62.429   -999.900   -999.900   -999.900    937.471      0.000   -119.750   -119.750    -68.065   -999.900   -999.900   -999.900
   -110.000    -62.406   -999.900   -999.900   -999.900    937.494      0.000   -124.750   -124.750    -68.065   -999.900   -999.900   -999.900
   -115.000    -62.434   -999.900   -999.900   -999.900    937.466      0.000   -129.750   -129.750    -68.065   -999.900   -999.900   -999.900
   -120.000    -62.430   -999.900   -999.900   -999.900    937.470      0.000   -134.750   -134.750    -68.065   -999.900   -999.900   -999.900
