      0.000      3.600      3.470   -999.900   -999.900      0.130      0.000    -27.380    -27.440      3.600      3.470   -999.900   -999.900
     -5.000      3.601      3.475   -999.900   -999.900      0.126      0.000    -32.380    -32.440      3.601      3.475   -999.900   -999.900
    -10.000      3.464      3.349   -999.900   -999.900      0.115      0.000    -37.380    -37.440      3.464      3.349   -999.900   -999.900
    -15.000      2.825      2.736   -999.900   -999.900      0.088      0.000    -42.380    -42.440      2.825      2.736   -999.900   -999.900
    -20.000      1.013      0.951   -999.900   -999.900      0.063      0.000    -47.380    -47.440      1.013      0.951   -999.900   -999.900
    -25.000     -2.780     -2.834   -999.900   -999.900      0.054      0.000    -52.380    -52.440     -2.780     -2.834   -999.900   -999.900
    -30.000     -7.330     -7.382   -999.900   -999.900      0.053      0.000    -57.380    -57.440     -7.330     -7.383   -999.900   -999.900
    -35.000    -12.035    -12.086   -999.900   -999.900      0.052      0.000    -62.380    -62.440    -12.035    -12.087   -999.900   -999.900
    -40.000    -16.961    -17.003   -999.900   -999.900      0.043      0.000    -67.380    -67.440    -16.961    -17.004   -999.900   -999.900
    -45.000    -21.977    -22.033   -999.900   -999.900      0.056      0.000    -72.380    -72.440    -21.978    -22.034   -999.900   -999.900
    -50.000    -26.997    -27.079   -999.900   -999.900      0.083      0.000    -77.380    -77.440    -27.001    -27.084   -999.900   -999.900
    -55.000    -32.066    -32.198   -999.900   -999.900      0.131      0.000    -82.380    -82.440    -32.081    -32.213   -999.900   -999.900
    -60.000    -36.945    -37.256   -999.900   -999.900      0.311      0.000    -87.380    -87.440    -36.989    -37.304   -999.900   -999.900
    -65.000    -41.789    -42.167   -999.900   -999.900      0.378      0.000    -92.380    -92.440    -41.925    -42.320   -999.900   -999.900
    -70.000    -46.510    -46.767   -999.900   -999.900      0.258      0.000    -97.380    -97.440    -46.926    -47.223   -999.900   -999.900
    -75.000    -50.733    -50.987   -999.900   -999.900      0.254      0.000   -102.380   -102.440    -51.934    -52.315   -999.900   -999.900
    -80.000    -53.905    -54.036   -999.900   -999.900      0.131      0.000   -107.380   -107.440    -56.928    -57.328   -999.900   -999.900
    -85.000    -55.719    -55.717   -999.900   -999.900     -0.002      0.000   -112.380   -112.440    -61.939    -62.342   -999.900   -999.900
    -90.000    -56.472    -56.430   -999.900   -999.900     -0.043      0.000   -117.380   -117.440    -66.720    -67.513   -999.900   -999.900
    -95.000    -56.754    -56.684   -999.900   -999.900     -0.070      0.000   -122.380   -122.440    -71.465    -73.177   -999.900   -999.900
   -100.000    -56.852    -56.761   -999.900   -999.900     -0.091      0.000   -127.380   -127.440    -76.117    -79.820   -999.900   -999.900
   -105.000    -56.900    -56.778   -999.900   -999.900     -0.122      0.000   -132.380   -132.440    -88.423    -87.065   -999.900   -999.900
   -110.000    -56.909    -56.786   -999.900   -999.900     -0.123      0.000   -137.380   -137.440    -88.423    -87.065   -999.900   -999.900
   -115.000    -56.906    -56.788   -999.900   -999.900     -0.117      0.000   -142.380   -142.440    -88.423    -87.065   -999.900   -999.900
   -120.000    -56.898    -56.776   -999.900   -999.900     -0.122      0.000   -147.380   -147.440    -88.423    -87.065   -999.900   -999.900
