      0.000      0.922      1.183   -999.900   -999.900     -0.261      0.000    -27.380    -27.440      0.922      1.183   -999.900   -999.900
     -5.000      0.935      1.199   -999.900   -999.900     -0.264      0.000    -32.380    -32.440      0.935      1.199   -999.900   -999.900
    -10.000      0.836      1.111   -999.900   -999.900     -0.274      0.000    -37.380    -37.440      0.836      1.111   -999.900   -999.900
    -15.000      0.339      0.646   -999.900   -999.900     -0.306      0.000    -42.380    -42.440      0.339      0.646   -999.900   -999.900
    -20.000     -1.153     -0.813   -999.900   -999.900     -0.340      0.000    -47.380    -47.440     -1.153     -0.813   -999.900   -999.900
    -25.000     -4.642     -4.283   -999.900   -999.900     -0.359      0.000    -52.380    -52.440     -4.642     -4.283   -999.900   -999.900
    -30.000     -8.962     -8.623   -999.900   -999.900     -0.340      0.000    -57.380    -57.440     -8.962     -8.623   -999.900   -999.900
    -35.000    -13.576    -13.249   -999.900   -999.900     -0.326      0.000    -62.380    -62.440    -13.576    -13.249   -999.900   -999.900
    -40.000    -18.401    -18.080   -999.900   -999.900     -0.321      0.000    -67.380    -67.440    -18.401    -18.080   -999.900   -999.900
    -45.000    -23.343    -23.030   -999.900   -999.900     -0.313      0.000    -72.380    -72.440    -23.344    -23.032   -999.900   -999.900
    -50.000    -28.323    -27.993   -999.900   -999.900     -0.330      0.000    -77.380    -77.440    -28.327    -27.997   -999.900   -999.900
    -55.000    -33.405    -33.109   -999.900   -999.900     -0.296      0.000    -82.380    -82.440    -33.417    -33.122   -999.900   -999.900
    -60.000    -38.383    -38.333   -999.900   -999.900     -0.050      0.000    -87.380    -87.440    -38.421    -38.375   -999.900   -999.900
    -65.000    -43.337    -43.180   -999.900   -999.900     -0.157      0.000    -92.380    -92.440    -43.455    -43.309   -999.900   -999.900
    -70.000    -48.143    -48.007   -999.900   -999.900     -0.136      0.000    -97.380    -97.440    -48.509    -48.412   -999.900   -999.900
    -75.000    -52.501    -52.350   -999.900   -999.900     -0.151      0.000   -102.380   -102.440    -53.582    -53.552   -999.900   -999.900
    -80.000    -55.797    -55.546   -999.900   -999.900     -0.251      0.000   -107.380   -107.440    -58.559    -58.599   -999.900   -999.900
    -85.000    -57.755    -57.370   -999.900   -999.900     -0.385      0.000   -112.380   -112.440    -63.584    -63.722   -999.900   -999.900
    -90.000    -58.615    -58.105   -999.900   -999.900     -0.510      0.000   -117.380   -117.440    -68.637    -68.568   -999.900   -999.900
    -95.000    -58.912    -58.386   -999.900   -999.900     -0.526      0.000   -122.380   -122.440    -73.365    -73.731   -999.900   -999.900
   -100.000    -59.027    -58.478   -999.900   -999.900     -0.549      0.000   -127.380   -127.440    -79.045    -79.235   -999.900   -999.900
   -105.000    -59.065    -58.515   -999.900   -999.900     -0.550      0.000   -132.380   -132.440    -88.279    -79.235   -999.900   -999.900
   -110.000    -59.072    -58.519   -999.900   -999.900     -0.553      0.000   -137.380   -137.440    -88.279    -79.235   -999.900   -999.900
   -115.000    -59.072    -58.515   -999.900   -999.900     -0.557      0.000   -142.380   -142.440    -88.279    -79.235   -999.900   -999.900
   -120.000    -59.072    -58.509   -999.900   -999.900     -0.563      0.000   -147.380   -147.440    -88.279    -79.235   -999.900   -999.900
