      0.000      3.619      4.008   -999.900   -999.900     -0.389      0.000    -27.380    -27.440      3.619      4.008   -999.900   -999.900
     -5.000      3.640      4.031   -999.900   -999.900     -0.391      0.000    -32.380    -32.440      3.640      4.031   -999.900   -999.900
    -10.000      3.546      3.954   -999.900   -999.900     -0.408      0.000    -37.380    -37.440      3.546      3.954   -999.900   -999.900
    -15.000      3.044      3.512   -999.900   -999.900     -0.468      0.000    -42.380    -42.440      3.044      3.512   -999.900   -999.900
    -20.000      1.447      1.964   -999.900   -999.900     -0.517      0.000    -47.380    -47.440      1.447      1.964   -999.900   -999.900
    -25.000     -2.226     -1.705   -999.900   -999.900     -0.521      0.000    -52.380    -52.440     -2.226     -1.705   -999.900   -999.900
    -30.000     -6.553     -6.064   -999.900   -999.900     -0.489      0.000    -57.380    -57.440     -6.553     -6.064   -999.900   -999.900
    -35.000    -11.350    -10.881   -999.900   -999.900     -0.469      0.000    -62.380    -62.440    -11.350    -10.881   -999.900   -999.900
    -40.000    -16.239    -15.774   -999.900   -999.900     -0.465      0.000    -67.380    -67.440    -16.239    -15.774   -999.900   -999.900
    -45.000    -21.211    -20.734   -999.900   -999.900     -0.478      0.000    -72.380    -72.440    -21.212    -20.735   -999.900   -999.900
    -50.000    -26.204    -25.691   -999.900   -999.900     -0.513      0.000    -77.380    -77.440    -26.207    -25.694   -999.900   -999.900
    -55.000    -31.343    -30.746   -999.900   -999.900     -0.597      0.000    -82.380    -82.440    -31.352    -30.757   -999.900   -999.900
    -60.000    -36.376    -35.595   -999.900   -999.900     -0.781      0.000    -87.380    -87.440    -36.406    -35.628   -999.900   -999.900
    -65.000    -41.737    -40.514   -999.900   -999.900     -1.223      0.000    -92.380    -92.440    -41.841    -40.619   -999.900   -999.900
    -70.000    -46.789    -45.402   -999.900   -999.900     -1.387      0.000    -97.380    -97.440    -47.131    -45.733   -999.900   -999.900
    -75.000    -51.238    -49.910   -999.900   -999.900     -1.328      0.000   -102.380   -102.440    -52.265    -50.921   -999.900   -999.900
    -80.000    -54.577    -53.306   -999.900   -999.900     -1.271      0.000   -107.380   -107.440    -57.207    -55.931   -999.900   -999.900
    -85.000    -56.607    -55.353   -999.900   -999.900     -1.254      0.000   -112.380   -112.440    -62.213    -60.990   -999.900   -999.900
    -90.000    -57.482    -56.239   -999.900   -999.900     -1.243      0.000   -117.380   -117.440    -66.943    -65.881   -999.900   -999.900
    -95.000    -57.842    -56.581   -999.900   -999.900     -1.261      0.000   -122.380   -122.440    -72.218    -71.080   -999.900   -999.900
   -100.000    -57.952    -56.685   -999.900   -999.900     -1.267      0.000   -127.380   -127.440    -77.239    -75.811   -999.900   -999.900
   -105.000    -57.987    -56.735   -999.900   -999.900     -1.251      0.000   -132.380   -132.440    -82.168    -89.027   -999.900   -999.900
   -110.000    -58.001    -56.729   -999.900   -999.900     -1.272      0.000   -137.380   -137.440    -90.200    -83.353   -999.900   -999.900
   -115.000    -58.010    -56.741   -999.900   -999.900     -1.269      0.000   -142.380   -142.440    -90.200    -83.353   -999.900   -999.900
   -120.000    -58.016    -56.747   -999.900   -999.900     -1.269      0.000   -147.380   -147.440    -90.200    -83.353   -999.900   -999.900
