      0.000      3.393      3.241   -999.900   -999.900      0.152      0.000    -27.380    -27.440      3.393      3.241   -999.900   -999.900
     -5.000      3.370      3.218   -999.900   -999.900      0.151      0.000    -32.380    -32.440      3.370      3.218   -999.900   -999.900
    -10.000      3.235      3.090   -999.900   -999.900      0.145      0.000    -37.380    -37.440      3.235      3.090   -999.900   -999.900
    -15.000      2.624      2.496   -999.900   -999.900      0.128      0.000    -42.380    -42.440      2.624      2.496   -999.900   -999.900
    -20.000      0.894      0.782   -999.900   -999.900      0.113      0.000    -47.380    -47.440      0.894      0.782   -999.900   -999.900
    -25.000     -2.869     -2.985   -999.900   -999.900      0.116      0.000    -52.380    -52.440     -2.869     -2.985   -999.900   -999.900
    -30.000     -7.395     -7.557   -999.900   -999.900      0.162      0.000    -57.380    -57.440     -7.395     -7.557   -999.900   -999.900
    -35.000    -12.074    -12.176   -999.900   -999.900      0.102      0.000    -62.380    -62.440    -12.074    -12.176   -999.900   -999.900
    -40.000    -16.908    -16.969   -999.900   -999.900      0.061      0.000    -67.380    -67.440    -16.908    -16.969   -999.900   -999.900
    -45.000    -21.741    -21.836   -999.900   -999.900      0.096      0.000    -72.380    -72.440    -21.741    -21.837   -999.900   -999.900
    -50.000    -26.590    -26.555   -999.900   -999.900     -0.035      0.000    -77.380    -77.440    -26.592    -26.558   -999.900   -999.900
    -55.000    -31.917    -31.643   -999.900   -999.900     -0.274      0.000    -82.380    -82.440    -31.925    -31.653   -999.900   -999.900
    -60.000    -37.120    -37.002   -999.900   -999.900     -0.118      0.000    -87.380    -87.440    -37.144    -37.034   -999.900   -999.900
    -65.000    -42.162    -41.549   -999.900   -999.900     -0.613      0.000    -92.380    -92.440    -42.242    -41.639   -999.900   -999.900
    -70.000    -47.801    -46.980   -999.900   -999.900     -0.820      0.000    -97.380    -97.440    -48.101    -47.304   -999.900   -999.900
    -75.000    -52.280    -51.525   -999.900   -999.900     -0.755      0.000   -102.380   -102.440    -53.180    -52.519   -999.900   -999.900
    -80.000    -55.812    -54.942   -999.900   -999.900     -0.869      0.000   -107.380   -107.440    -58.194    -57.537   -999.900   -999.900
    -85.000    -57.952    -56.980   -999.900   -999.900     -0.972      0.000   -112.380   -112.440    -63.053    -62.493   -999.900   -999.900
    -90.000    -58.967    -57.902   -999.900   -999.900     -1.064      0.000   -117.380   -117.440    -67.931    -67.455   -999.900   -999.900
    -95.000    -59.295    -58.254   -999.900   -999.900     -1.041      0.000   -122.380   -122.440    -71.623    -72.700   -999.900   -999.900
   -100.000    -59.423    -58.350   -999.900   -999.900     -1.073      0.000   -127.380   -127.440    -74.615    -76.765   -999.900   -999.900
   -105.000    -59.528    -58.396   -999.900   -999.900     -1.131      0.000   -132.380   -132.440    -81.343    -82.624   -999.900   -999.900
   -110.000    -59.521    -58.415   -999.900   -999.900     -1.106      0.000   -137.380   -137.440    -80.488    -82.624   -999.900   -999.900
   -115.000    -59.599    -58.431   -999.900   -999.900     -1.168      0.000   -142.380   -142.440    -80.488    -82.624   -999.900   -999.900
   -120.000    -59.577    -58.408   -999.900   -999.900     -1.169      0.000   -147.380   -147.440    -80.488    -82.624   -999.900   -999.900
