      0.000      3.299      3.735   -999.900   -999.900     -0.436      0.000    -27.380    -27.440      3.299      3.735   -999.900   -999.900
     -5.000      3.313      3.752   -999.900   -999.900     -0.439      0.000    -32.380    -32.440      3.313      3.752   -999.900   -999.900
    -10.000      3.203      3.658   -999.900   -999.900     -0.455      0.000    -37.380    -37.440      3.203      3.658   -999.900   -999.900
    -15.000      2.662      3.176   -999.900   -999.900     -0.514      0.000    -42.380    -42.440      2.662      3.176   -999.900   -999.900
    -20.000      1.056      1.594   -999.900   -999.900     -0.537      0.000    -47.380    -47.440      1.056      1.594   -999.900   -999.900
    -25.000     -2.608     -2.065   -999.900   -999.900     -0.543      0.000    -52.380    -52.440     -2.608     -2.065   -999.900   -999.900
    -30.000     -7.052     -6.512   -999.900   -999.900     -0.540      0.000    -57.380    -57.440     -7.052     -6.512   -999.900   -999.900
    -35.000    -11.763    -11.250   -999.900   -999.900     -0.513      0.000    -62.380    -62.440    -11.763    -11.250   -999.900   -999.900
    -40.000    -16.616    -16.092   -999.900   -999.900     -0.524      0.000    -67.380    -67.440    -16.617    -16.092   -999.900   -999.900
    -45.000    -21.520    -20.988   -999.900   -999.900     -0.532      0.000    -72.380    -72.440    -21.521    -20.989   -999.900   -999.900
    -50.000    -26.392    -25.838   -999.900   -999.900     -0.554      0.000    -77.380    -77.440    -26.395    -25.841   -999.900   -999.900
    -55.000    -31.307    -30.732   -999.900   -999.900     -0.575      0.000    -82.380    -82.440    -31.316    -30.741   -999.900   -999.900
    -60.000    -36.054    -35.590   -999.900   -999.900     -0.464      0.000    -87.380    -87.440    -36.081    -35.617   -999.900   -999.900
    -65.000    -41.221    -40.892   -999.900   -999.900     -0.329      0.000    -92.380    -92.440    -41.310    -40.981   -999.900   -999.900
    -70.000    -46.328    -46.069   -999.900   -999.900     -0.258      0.000    -97.380    -97.440    -46.621    -46.371   -999.900   -999.900
    -75.000    -50.966    -50.696   -999.900   -999.900     -0.269      0.000   -102.380   -102.440    -51.882    -51.637   -999.900   -999.900
    -80.000    -54.525    -54.185   -999.900   -999.900     -0.340      0.000   -107.380   -107.440    -56.982    -56.666   -999.900   -999.900
    -85.000    -56.674    -56.315   -999.900   -999.900     -0.359      0.000   -112.380   -112.440    -62.027    -61.697   -999.900   -999.900
    -90.000    -57.638    -57.251   -999.900   -999.900     -0.387      0.000   -117.380   -117.440    -67.017    -66.510   -999.900   -999.900
    -95.000    -57.994    -57.616   -999.900   -999.900     -0.378      0.000   -122.380   -122.440    -71.999    -71.449   -999.900   -999.900
   -100.000    -58.149    -57.729   -999.900   -999.900     -0.421      0.000   -127.380   -127.440    -81.272    -75.630   -999.900   -999.900
   -105.000    -58.174    -57.819   -999.900   -999.900     -0.355      0.000   -132.380   -132.440    -81.272    -75.630   -999.900   -999.900
   -110.000    -58.169    -57.784   -999.900   -999.900     -0.385      0.000   -137.380   -137.440    -81.272    -75.630   -999.900   -999.900
   -115.000    -58.169    -57.774   -999.900   -999.900     -0.395      0.000   -142.380   -142.440    -81.272    -75.630   -999.900   -999.900
   -120.000    -58.171    -57.822   -999.900   -999.900     -0.350      0.000   -147.380   -147.440    -81.272    -75.630   -999.900   -999.900
