      0.000      3.360      3.813   -999.900   -999.900     -0.453      0.000    -27.380    -27.440      3.360      3.813   -999.900   -999.900
     -5.000      3.351      3.809   -999.900   -999.900     -0.458      0.000    -32.380    -32.440      3.351      3.809   -999.900   -999.900
    -10.000      3.195      3.670   -999.900   -999.900     -0.475      0.000    -37.380    -37.440      3.195      3.670   -999.900   -999.900
    -15.000      2.471      2.994   -999.900   -999.900     -0.523      0.000    -42.380    -42.440      2.471      2.994   -999.900   -999.900
    -20.000      0.415      0.907   -999.900   -999.900     -0.492      0.000    -47.380    -47.440      0.415      0.907   -999.900   -999.900
    -25.000     -3.482     -3.013   -999.900   -999.900     -0.469      0.000    -52.380    -52.440     -3.482     -3.013   -999.900   -999.900
    -30.000     -8.047     -7.602   -999.900   -999.900     -0.445      0.000    -57.380    -57.440     -8.047     -7.602   -999.900   -999.900
    -35.000    -12.793    -12.357   -999.900   -999.900     -0.436      0.000    -62.380    -62.440    -12.793    -12.357   -999.900   -999.900
    -40.000    -17.715    -17.269   -999.900   -999.900     -0.446      0.000    -67.380    -67.440    -17.715    -17.270   -999.900   -999.900
    -45.000    -22.711    -22.246   -999.900   -999.900     -0.465      0.000    -72.380    -72.440    -22.712    -22.247   -999.900   -999.900
    -50.000    -27.668    -27.178   -999.900   -999.900     -0.490      0.000    -77.380    -77.440    -27.671    -27.182   -999.900   -999.900
    -55.000    -32.795    -32.161   -999.900   -999.900     -0.635      0.000    -82.380    -82.440    -32.806    -32.174   -999.900   -999.900
    -60.000    -37.813    -37.017   -999.900   -999.900     -0.795      0.000    -87.380    -87.440    -37.846    -37.058   -999.900   -999.900
    -65.000    -43.082    -42.015   -999.900   -999.900     -1.068      0.000    -92.380    -92.440    -43.195    -42.144   -999.900   -999.900
    -70.000    -48.235    -46.896   -999.900   -999.900     -1.340      0.000    -97.380    -97.440    -48.615    -47.307   -999.900   -999.900
    -75.000    -52.714    -51.198   -999.900   -999.900     -1.516      0.000   -102.380   -102.440    -53.876    -52.409   -999.900   -999.900
    -80.000    -55.931    -54.352   -999.900   -999.900     -1.579      0.000   -107.380   -107.440    -58.878    -57.388   -999.900   -999.900
    -85.000    -57.788    -56.160   -999.900   -999.900     -1.627      0.000   -112.380   -112.440    -63.903    -62.407   -999.900   -999.900
    -90.000    -58.612    -56.928   -999.900   -999.900     -1.683      0.000   -117.380   -117.440    -69.229    -67.398   -999.900   -999.900
    -95.000    -58.871    -57.204   -999.900   -999.900     -1.667      0.000   -122.380   -122.440    -74.012    -72.424   -999.900   -999.900
   -100.000    -58.977    -57.273   -999.900   -999.900     -1.704      0.000   -127.380   -127.440    -80.794    -75.652   -999.900   -999.900
   -105.000    -59.023    -57.339   -999.900   -999.900     -1.684      0.000   -132.380   -132.440    -80.794    -75.652   -999.900   -999.900
   -110.000    -58.996    -57.331   -999.900   -999.900     -1.664      0.000   -137.380   -137.440    -80.794    -75.652   -999.900   -999.900
   -115.000    -59.010    -57.345   -999.900   -999.900     -1.665      0.000   -142.380   -142.440    -80.794    -75.652   -999.900   -999.900
   -120.000    -58.994    -57.331   -999.900   -999.900     -1.663      0.000   -147.380   -147.440    -80.794    -75.652   -999.900   -999.900
