      0.000      5.713      6.295   -999.900   -999.900     -0.582      0.000    -27.380    -27.440      5.713      6.295   -999.900   -999.900
     -5.000      5.753      6.335   -999.900   -999.900     -0.582      0.000    -32.380    -32.440      5.753      6.335   -999.900   -999.900
    -10.000      5.574      6.170   -999.900   -999.900     -0.596      0.000    -37.380    -37.440      5.574      6.170   -999.900   -999.900
    -15.000      4.807      5.453   -999.900   -999.900     -0.646      0.000    -42.380    -42.440      4.807      5.453   -999.900   -999.900
    -20.000      2.796      3.328   -999.900   -999.900     -0.532      0.000    -47.380    -47.440      2.796      3.328   -999.900   -999.900
    -25.000     -1.700     -1.240   -999.900   -999.900     -0.460      0.000    -52.380    -52.440     -1.700     -1.240   -999.900   -999.900
    -30.000     -6.610     -6.147   -999.900   -999.900     -0.463      0.000    -57.380    -57.440     -6.610     -6.147   -999.900   -999.900
    -35.000    -11.580    -11.119   -999.900   -999.900     -0.461      0.000    -62.380    -62.440    -11.580    -11.119   -999.900   -999.900
    -40.000    -16.579    -16.122   -999.900   -999.900     -0.457      0.000    -67.380    -67.440    -16.579    -16.122   -999.900   -999.900
    -45.000    -21.568    -21.123   -999.900   -999.900     -0.445      0.000    -72.380    -72.440    -21.569    -21.125   -999.900   -999.900
    -50.000    -26.566    -26.131   -999.900   -999.900     -0.435      0.000    -77.380    -77.440    -26.570    -26.135   -999.900   -999.900
    -55.000    -31.609    -31.176   -999.900   -999.900     -0.434      0.000    -82.380    -82.440    -31.621    -31.190   -999.900   -999.900
    -60.000    -36.601    -36.079   -999.900   -999.900     -0.522      0.000    -87.380    -87.440    -36.639    -36.124   -999.900   -999.900
    -65.000    -41.380    -40.857   -999.900   -999.900     -0.522      0.000    -92.380    -92.440    -41.494    -40.993   -999.900   -999.900
    -70.000    -46.151    -45.494   -999.900   -999.900     -0.657      0.000    -97.380    -97.440    -46.505    -45.903   -999.900   -999.900
    -75.000    -50.485    -49.714   -999.900   -999.900     -0.771      0.000   -102.380   -102.440    -51.519    -50.889   -999.900   -999.900
    -80.000    -53.833    -52.896   -999.900   -999.900     -0.936      0.000   -107.380   -107.440    -56.492    -55.848   -999.900   -999.900
    -85.000    -55.842    -54.744   -999.900   -999.900     -1.098      0.000   -112.380   -112.440    -61.486    -60.849   -999.900   -999.900
    -90.000    -56.743    -55.543   -999.900   -999.900     -1.201      0.000   -117.380   -117.440    -66.539    -65.863   -999.900   -999.900
    -95.000    -57.077    -55.839   -999.900   -999.900     -1.238      0.000   -122.380   -122.440    -71.853    -71.237   -999.900   -999.900
   -100.000    -57.174    -55.925   -999.900   -999.900     -1.249      0.000   -127.380   -127.440    -76.543    -76.215   -999.900   -999.900
   -105.000    -57.226    -55.967   -999.900   -999.900     -1.258      0.000   -132.380   -132.440    -76.543    -76.215   -999.900   -999.900
   -110.000    -57.232    -55.957   -999.900   -999.900     -1.274      0.000   -137.380   -137.440    -76.543    -76.215   -999.900   -999.900
   -115.000    -57.219    -55.968   -999.900   -999.900     -1.251      0.000   -142.380   -142.440    -76.543    -76.215   -999.900   -999.900
   -120.000    -57.221    -55.971   -999.900   -999.900     -1.249      0.000   -147.380   -147.440    -76.543    -76.215   -999.900   -999.900
