      0.000      3.655      3.499   -999.900   -999.900      0.156      0.000    -27.380    -27.440      3.655      3.499   -999.900   -999.900
     -5.000      3.674      3.521   -999.900   -999.900      0.154      0.000    -32.380    -32.440      3.674      3.521   -999.900   -999.900
    -10.000      3.585      3.441   -999.900   -999.900      0.144      0.000    -37.380    -37.440      3.585      3.441   -999.900   -999.900
    -15.000      3.101      2.986   -999.900   -999.900      0.115      0.000    -42.380    -42.440      3.101      2.986   -999.900   -999.900
    -20.000      1.569      1.508   -999.900   -999.900      0.061      0.000    -47.380    -47.440      1.569      1.508   -999.900   -999.900
    -25.000     -2.090     -2.128   -999.900   -999.900      0.038      0.000    -52.380    -52.440     -2.090     -2.128   -999.900   -999.900
    -30.000     -6.450     -6.492   -999.900   -999.900      0.042      0.000    -57.380    -57.440     -6.450     -6.492   -999.900   -999.900
    -35.000    -11.224    -11.246   -999.900   -999.900      0.022      0.000    -62.380    -62.440    -11.224    -11.246   -999.900   -999.900
    -40.000    -16.046    -16.063   -999.900   -999.900      0.018      0.000    -67.380    -67.440    -16.046    -16.064   -999.900   -999.900
    -45.000    -20.907    -20.904   -999.900   -999.900     -0.003      0.000    -72.380    -72.440    -20.908    -20.905   -999.900   -999.900
    -50.000    -25.729    -25.762   -999.900   -999.900      0.033      0.000    -77.380    -77.440    -25.732    -25.766   -999.900   -999.900
    -55.000    -30.816    -30.754   -999.900   -999.900     -0.063      0.000    -82.380    -82.440    -30.826    -30.765   -999.900   -999.900
    -60.000    -36.050    -35.998   -999.900   -999.900     -0.052      0.000    -87.380    -87.440    -36.082    -36.037   -999.900   -999.900
    -65.000    -41.198    -40.419   -999.900   -999.900     -0.779      0.000    -92.380    -92.440    -41.304    -40.526   -999.900   -999.900
    -70.000    -46.278    -45.626   -999.900   -999.900     -0.652      0.000    -97.380    -97.440    -46.628    -45.992   -999.900   -999.900
    -75.000    -50.758    -50.233   -999.900   -999.900     -0.525      0.000   -102.380   -102.440    -51.824    -51.386   -999.900   -999.900
    -80.000    -54.133    -53.475   -999.900   -999.900     -0.658      0.000   -107.380   -107.440    -56.919    -56.417   -999.900   -999.900
    -85.000    -56.086    -55.347   -999.900   -999.900     -0.740      0.000   -112.380   -112.440    -61.976    -61.497   -999.900   -999.900
    -90.000    -56.903    -56.135   -999.900   -999.900     -0.769      0.000   -117.380   -117.440    -66.735    -66.498   -999.900   -999.900
    -95.000    -57.239    -56.390   -999.900   -999.900     -0.849      0.000   -122.380   -122.440    -72.209    -70.712   -999.900   -999.900
   -100.000    -57.340    -56.511   -999.900   -999.900     -0.829      0.000   -127.380   -127.440    -77.726    -76.569   -999.900   -999.900
   -105.000    -57.373    -56.548   -999.900   -999.900     -0.825      0.000   -132.380   -132.440    -85.314    -85.038   -999.900   -999.900
   -110.000    -57.390    -56.552   -999.900   -999.900     -0.839      0.000   -137.380   -137.440    -85.314    -89.691   -999.900   -999.900
   -115.000    -57.369    -56.556   -999.900   -999.900     -0.813      0.000   -142.380   -142.440    -85.314    -89.691   -999.900   -999.900
   -120.000    -57.387    -56.559   -999.900   -999.900     -0.828      0.000   -147.380   -147.440    -85.314    -89.691   -999.900   -999.900
