      0.000      3.440      3.872   -999.900   -999.900     -0.432      0.000    -27.380    -27.440      3.440      3.872   -999.900   -999.900
     -5.000      3.436      3.873   -999.900   -999.900     -0.437      0.000    -32.380    -32.440      3.436      3.873   -999.900   -999.900
    -10.000      3.289      3.744   -999.900   -999.900     -0.455      0.000    -37.380    -37.440      3.289      3.744   -999.900   -999.900
    -15.000      2.584      3.095   -999.900   -999.900     -0.511      0.000    -42.380    -42.440      2.584      3.095   -999.900   -999.900
    -20.000      0.538      1.048   -999.900   -999.900     -0.510      0.000    -47.380    -47.440      0.538      1.048   -999.900   -999.900
    -25.000     -3.352     -2.861   -999.900   -999.900     -0.491      0.000    -52.380    -52.440     -3.352     -2.861   -999.900   -999.900
    -30.000     -7.875     -7.410   -999.900   -999.900     -0.465      0.000    -57.380    -57.440     -7.875     -7.410   -999.900   -999.900
    -35.000    -12.645    -12.188   -999.900   -999.900     -0.456      0.000    -62.380    -62.440    -12.645    -12.189   -999.900   -999.900
    -40.000    -17.563    -17.096   -999.900   -999.900     -0.467      0.000    -67.380    -67.440    -17.563    -17.096   -999.900   -999.900
    -45.000    -22.556    -22.072   -999.900   -999.900     -0.484      0.000    -72.380    -72.440    -22.557    -22.073   -999.900   -999.900
    -50.000    -27.517    -27.007   -999.900   -999.900     -0.510      0.000    -77.380    -77.440    -27.520    -27.011   -999.900   -999.900
    -55.000    -32.650    -31.997   -999.900   -999.900     -0.654      0.000    -82.380    -82.440    -32.661    -32.010   -999.900   -999.900
    -60.000    -37.650    -36.837   -999.900   -999.900     -0.813      0.000    -87.380    -87.440    -37.684    -36.878   -999.900   -999.900
    -65.000    -42.948    -41.834   -999.900   -999.900     -1.114      0.000    -92.380    -92.440    -43.062    -41.963   -999.900   -999.900
    -70.000    -48.085    -46.719   -999.900   -999.900     -1.366      0.000    -97.380    -97.440    -48.469    -47.129   -999.900   -999.900
    -75.000    -52.532    -51.032   -999.900   -999.900     -1.500      0.000   -102.380   -102.440    -53.701    -52.242   -999.900   -999.900
    -80.000    -55.738    -54.184   -999.900   -999.900     -1.554      0.000   -107.380   -107.440    -58.694    -57.217   -999.900   -999.900
    -85.000    -57.609    -56.005   -999.900   -999.900     -1.604      0.000   -112.380   -112.440    -63.798    -62.288   -999.900   -999.900
    -90.000    -58.372    -56.755   -999.900   -999.900     -1.618      0.000   -117.380   -117.440    -68.617    -67.147   -999.900   -999.900
    -95.000    -58.703    -57.032   -999.900   -999.900     -1.671      0.000   -122.380   -122.440    -75.109    -72.053   -999.900   -999.900
   -100.000    -58.758    -57.119   -999.900   -999.900     -1.639      0.000   -127.380   -127.440    -78.524    -76.340   -999.900   -999.900
   -105.000    -58.781    -57.177   -999.900   -999.900     -1.604      0.000   -132.380   -132.440    -81.678    -76.340   -999.900   -999.900
   -110.000    -58.800    -57.176   -999.900   -999.900     -1.624      0.000   -137.380   -137.440    -89.415    -76.340   -999.900   -999.900
   -115.000    -58.823    -57.170   -999.900   -999.900     -1.653      0.000   -142.380   -142.440    -89.415    -76.340   -999.900   -999.900
   -120.000    -58.811    -57.160   -999.900   -999.900     -1.650      0.000   -147.380   -147.440    -89.415    -76.340   -999.900   -999.900
