      0.000      5.752      6.329   -999.900   -999.900     -0.577      0.000    -27.380    -27.440      5.752      6.329   -999.900   -999.900
     -5.000      5.790      6.367   -999.900   -999.900     -0.577      0.000    -32.380    -32.440      5.790      6.367   -999.900   -999.900
    -10.000      5.610      6.198   -999.900   -999.900     -0.588      0.000    -37.380    -37.440      5.610      6.198   -999.900   -999.900
    -15.000      4.845      5.474   -999.900   -999.900     -0.629      0.000    -42.380    -42.440      4.845      5.474   -999.900   -999.900
    -20.000      2.853      3.347   -999.900   -999.900     -0.493      0.000    -47.380    -47.440      2.853      3.347   -999.900   -999.900
    -25.000     -1.624     -1.218   -999.900   -999.900     -0.406      0.000    -52.380    -52.440     -1.624     -1.218   -999.900   -999.900
    -30.000     -6.558     -6.151   -999.900   -999.900     -0.407      0.000    -57.380    -57.440     -6.558     -6.151   -999.900   -999.900
    -35.000    -11.508    -11.104   -999.900   -999.900     -0.404      0.000    -62.380    -62.440    -11.508    -11.104   -999.900   -999.900
    -40.000    -16.508    -16.108   -999.900   -999.900     -0.400      0.000    -67.380    -67.440    -16.509    -16.109   -999.900   -999.900
    -45.000    -21.501    -21.113   -999.900   -999.900     -0.388      0.000    -72.380    -72.440    -21.502    -21.115   -999.900   -999.900
    -50.000    -26.496    -26.118   -999.900   -999.900     -0.378      0.000    -77.380    -77.440    -26.501    -26.124   -999.900   -999.900
    -55.000    -31.537    -31.160   -999.900   -999.900     -0.377      0.000    -82.380    -82.440    -31.552    -31.179   -999.900   -999.900
    -60.000    -36.537    -36.067   -999.900   -999.900     -0.470      0.000    -87.380    -87.440    -36.585    -36.124   -999.900   -999.900
    -65.000    -41.278    -40.802   -999.900   -999.900     -0.477      0.000    -92.380    -92.440    -41.423    -40.974   -999.900   -999.900
    -70.000    -45.987    -45.373   -999.900   -999.900     -0.614      0.000    -97.380    -97.440    -46.429    -45.885   -999.900   -999.900
    -75.000    -50.172    -49.420   -999.900   -999.900     -0.752      0.000   -102.380   -102.440    -51.444    -50.861   -999.900   -999.900
    -80.000    -53.255    -52.343   -999.900   -999.900     -0.912      0.000   -107.380   -107.440    -56.411    -55.845   -999.900   -999.900
    -85.000    -54.993    -53.918   -999.900   -999.900     -1.074      0.000   -112.380   -112.440    -61.389    -60.815   -999.900   -999.900
    -90.000    -55.754    -54.579   -999.900   -999.900     -1.175      0.000   -117.380   -117.440    -66.635    -65.906   -999.900   -999.900
    -95.000    -56.015    -54.817   -999.900   -999.900     -1.198      0.000   -122.380   -122.440    -72.059    -71.491   -999.900   -999.900
   -100.000    -56.088    -54.881   -999.900   -999.900     -1.208      0.000   -127.380   -127.440    -76.935    -76.404   -999.900   -999.900
   -105.000    -56.118    -54.917   -999.900   -999.900     -1.201      0.000   -132.380   -132.440    -84.563    -76.404   -999.900   -999.900
   -110.000    -56.129    -54.906   -999.900   -999.900     -1.224      0.000   -137.380   -137.440    -84.563    -76.404   -999.900   -999.900
   -115.000    -56.124    -54.916   -999.900   -999.900     -1.208      0.000   -142.380   -142.440    -84.563    -76.404   -999.900   -999.900
   -120.000    -56.125    -54.906   -999.900   -999.900     -1.219      0.000   -147.380   -147.440    -84.563    -76.404   -999.900   -999.900
