      0.000      6.193      3.120   -999.900   -999.900      3.073      0.000    -29.400    -30.400      6.193      3.120   -999.900   -999.900
     -5.000      5.932      3.039   -999.900   -999.900      2.893      0.000    -34.400    -35.400      5.932      3.038   -999.900   -999.900
    -10.000      4.890      2.576   -999.900   -999.900      2.314      0.000    -39.400    -40.400      4.890      2.576   -999.900   -999.900
    -15.000      2.188      1.097   -999.900   -999.900      1.091      0.000    -44.400    -45.400      2.188      1.097   -999.900   -999.900
    -20.000     -2.592     -2.707   -999.900   -999.900      0.115      0.000    -49.400    -50.400     -2.592     -2.707   -999.900   -999.900
    -25.000     -7.526     -7.552   -999.900   -999.900      0.026      0.000    -54.400    -55.400     -7.526     -7.552   -999.900   -999.900
    -30.000    -12.487    -12.483   -999.900   -999.900     -0.004      0.000    -59.400    -60.400    -12.487    -12.483   -999.900   -999.900
    -35.000    -17.506    -17.492   -999.900   -999.900     -0.014      0.000    -64.400    -65.400    -17.506    -17.492   -999.900   -999.900
    -40.000    -22.516    -22.514   -999.900   -999.900     -0.003      0.000    -69.400    -70.400    -22.517    -22.514   -999.900   -999.900
    -45.000    -27.532    -27.550   -999.900   -999.900      0.018      0.000    -74.400    -75.400    -27.533    -27.551   -999.900   -999.900
    -50.000    -32.534    -32.588   -999.900   -999.900      0.054      0.000    -79.400    -80.400    -32.539    -32.593   -999.900   -999.900
    -55.000    -37.570    -37.676   -999.900   -999.900      0.106      0.000    -84.400    -85.400    -37.585    -37.691   -999.900   -999.900
    -60.000    -42.538    -42.724   -999.900   -999.900      0.186      0.000    -89.400    -90.400    -42.585    -42.774   -999.900   -999.900
    -65.000    -47.369    -47.454   -999.900   -999.900      0.085      0.000    -94.400    -95.400    -47.513    -47.605   -999.900   -999.900
    -70.000    -52.056    -52.053   -999.900   -999.900     -0.003      0.000    -99.400   -100.400    -52.492    -52.502   -999.900   -999.900
    -75.000    -56.249    -56.189   -999.900   -999.900     -0.060      0.000   -104.400   -105.400    -57.504    -57.466   -999.900   -999.900
    -80.000    -59.373    -59.282   -999.900   -999.900     -0.091      0.000   -109.400   -110.400    -62.517    -62.464   -999.900   -999.900
    -85.000    -61.122    -61.009   -999.900   -999.900     -0.113      0.000   -114.400   -115.400    -67.521    -67.450   -999.900   -999.900
    -90.000    -61.873    -61.733   -999.900   -999.900     -0.140      0.000   -119.400   -120.400    -72.636    -72.348   -999.900   -999.900
    -95.000    -62.140    -61.994   -999.900   -999.900     -0.146      0.000   -124.400   -125.400    -78.036    -77.197   -999.900   -999.900
   -100.000    -62.204    -62.093   -999.900   -999.900     -0.111      0.000   -129.400   -130.400    -81.672    -83.127   -999.900   -999.900
   -105.000    -62.258    -62.122   -999.900   -999.900     -0.136      0.000   -134.400   -135.400    -81.672    -91.075   -999.900   -999.900
   -110.000    -62.246    -62.130   -999.900   -999.900     -0.116      0.000   -139.400   -140.400    -81.672    -91.075   -999.900   -999.900
   -115.000    -62.259    -62.123   -999.900   -999.900     -0.136      0.000   -144.400   -145.400    -81.672    -91.075   -999.900   -999.900
   -120.000    -62.249    -62.133   -999.900   -999.900     -0.115      0.000   -149.400   -150.400    -81.672    -91.075   -999.900   -999.900
