    -45.000    -19.559    -21.862   -999.900   -999.900      2.303      0.000    -50.500    -51.300
    -50.000    -24.259    -26.740   -999.900   -999.900      2.481      0.000    -55.500    -56.300
    -55.000    -29.234    -31.767   -999.900   -999.900      2.532      0.000    -60.500    -61.300
    -60.000    -34.159    -36.699   -999.900   -999.900      2.540      0.000    -65.500    -66.300
    -65.000    -39.176    -41.683   -999.900   -999.900      2.507      0.000    -70.500    -71.300
    -70.000    -44.190    -46.657   -999.900   -999.900      2.466      0.000    -75.500    -76.300
    -75.000    -49.352    -51.737   -999.900   -999.900      2.384      0.000    -80.500    -81.300
    -80.000    -54.355    -56.609   -999.900   -999.900      2.254      0.000    -85.500    -86.300
    -85.000    -59.473    -61.426   -999.900   -999.900      1.953      0.000    -90.500    -91.300
    -90.000    -64.244    -65.925   -999.900   -999.900      1.681      0.000    -95.500    -96.300
    -95.000    -68.731    -70.102   -999.900   -999.900      1.370      0.000   -100.500   -101.300
   -100.000    -71.698    -73.141   -999.900   -999.900      1.443      0.000   -105.500   -106.300
   -105.000    -73.263    -75.385   -999.900   -999.900      2.122      0.000   -110.500   -111.300
   -110.000    -73.550    -76.449   -999.900   -999.900      2.898      0.000   -115.500   -116.300
   -115.000    -73.494    -77.734   -999.900   -999.900      4.239      0.000   -120.500   -121.300
   -120.000    -73.486    -77.728   -999.900   -999.900      4.243      0.000   -125.500   -126.300
   -125.000    -73.474    -77.730   -999.900   -999.900      4.255      0.000   -130.500   -131.300
   -130.000    -73.470    -77.723   -999.900   -999.900      4.253      0.000   -135.500   -136.300
   -135.000    -73.469    -77.714   -999.900   -999.900      4.245      0.000   -140.500   -141.300
