    -45.000    -19.478    -21.803   -999.900   -999.900      2.325      0.000    -50.500    -51.300
    -50.000    -24.211    -26.717   -999.900   -999.900      2.506      0.000    -55.500    -56.300
    -55.000    -29.146    -31.718   -999.900   -999.900      2.572      0.000    -60.500    -61.300
    -60.000    -34.100    -36.695   -999.900   -999.900      2.595      0.000    -65.500    -66.300
    -65.000    -39.096    -41.691   -999.900   -999.900      2.595      0.000    -70.500    -71.300
    -70.000    -44.056    -46.663   -999.900   -999.900      2.606      0.000    -75.500    -76.300
    -75.000    -49.212    -51.829   -999.900   -999.900      2.617      0.000    -80.500    -81.300
    -80.000    -54.146    -56.782   -999.900   -999.900      2.637      0.000    -85.500    -86.300
    -85.000    -59.032    -61.700   -999.900   -999.900      2.668      0.000    -90.500    -91.300
    -90.000    -63.665    -66.464   -999.900   -999.900      2.799      0.000    -95.500    -96.300
    -95.000    -67.800    -70.853   -999.900   -999.900      3.053      0.000   -100.500   -101.300
   -100.000    -70.811    -74.301   -999.900   -999.900      3.490      0.000   -105.500   -106.300
   -105.000    -72.565    -76.516   -999.900   -999.900      3.951      0.000   -110.500   -111.300
   -110.000    -73.271    -77.458   -999.900   -999.900      4.188      0.000   -115.500   -116.300
   -115.000    -73.536    -77.824   -999.900   -999.900      4.288      0.000   -120.500   -121.300
   -120.000    -73.624    -77.951   -999.900   -999.900      4.327      0.000   -125.500   -126.300
   -125.000    -73.668    -77.981   -999.900   -999.900      4.312      0.000   -130.500   -131.300
   -130.000    -73.670    -77.982   -999.900   -999.900      4.312      0.000   -135.500   -136.300
   -135.000    -73.668    -77.982   -999.900   -999.900      4.314      0.000   -140.500   -141.300
   -140.000    -73.665    -77.984   -999.900   -999.900      4.319      0.000   -145.500   -146.300
   -145.000    -73.673    -77.984   -999.900   -999.900      4.311      0.000   -150.500   -151.300
