      0.000      8.354   -999.900   -999.900   -999.900   1008.254      0.000    -15.910    -15.910      8.354   -999.900   -999.900   -999.900
     -5.000      8.352   -999.900   -999.900   -999.900   1008.252      0.000    -20.910    -20.910      8.352   -999.900   -999.900   -999.900
    -10.000      8.351   -999.900   -999.900   -999.900   1008.251      0.000    -25.910    -25.910      8.351   -999.900   -999.900   -999.900
    -15.000      8.346   -999.900   -999.900   -999.900   1008.246      0.000    -30.910    -30.910      8.346   -999.900   -999.900   -999.900
    -20.000      8.291   -999.900   -999.900   -999.900   1008.191      0.000    -35.910    -35.910      8.291   -999.900   -999.900   -999.900
    -25.000      7.821   -999.900   -999.900   -999.900   1007.721      0.000    -40.910    -40.910      7.821   -999.900   -999.900   -999.900
    -30.000      5.970   -999.900   -999.900   -999.900   1005.870      0.000    -45.910    -45.910      5.970   -999.900   -999.900   -999.900
    -35.000      1.616   -999.900   -999.900   -999.900   1001.516      0.000    -50.910    -50.910      1.616   -999.900   -999.900   -999.900
    -40.000     -3.265   -999.900   -999.900   -999.900    996.635      0.000    -55.910    -55.910     -3.265   -999.900   -999.900   -999.900
    -45.000     -8.220   -999.900   -999.900   -999.900    991.680      0.000    -60.910    -60.910     -8.220   -999.900   -999.900   -999.900
    -50.000    -13.202   -999.900   -999.900   -999.900    986.698      0.000    -65.910    -65.910    -13.203   -999.900   -999.900   -999.900
    -55.000    -18.233   -999.900   -999.900   -999.900    981.667      0.000    -70.910    -70.910    -18.236   -999.900   -999.900   -999.900
    -60.000    -23.201   -999.900   -999.900   -999.900    976.699      0.000    -75.910    -75.910    -23.210   -999.900   -999.900   -999.900
    -65.000    -28.226   -999.900   -999.900   -999.900    971.674      0.000    -80.910    -80.910    -28.253   -999.900   -999.900   -999.900
    -70.000    -33.220   -999.900   -999.900   -999.900    966.680      0.000    -85.910    -85.910    -33.307   -999.900   -999.900   -999.900
    -75.000    -38.117   -999.900   -999.900   -999.900    961.783      0.000    -90.910    -90.910    -38.391   -999.900   -999.900   -999.900
    -80.000    -42.549   -999.900   -999.900   -999.900    957.351      0.000    -95.910    -95.910    -43.356   -999.900   -999.900   -999.900
    -85.000    -46.214   -999.900   -999.900   -999.900    953.686      0.000   -100.910   -100.910    -48.394   -999.900   -999.900   -999.900
    -90.000    -48.515   -999.900   -999.900   -999.900    951.385      0.000   -105.910   -105.910    -53.333   -999.900   -999.900   -999.900
    -95.000    -49.624   -999.900   -999.900   -999.900    950.276      0.000   -110.910   -110.910    -58.329   -999.900   -999.900   -999.900
   -100.000    -50.046   -999.900   -999.900   -999.900    949.854      0.000   -115.910   -115.910    -63.386   -999.900   -999.900   -999.900
   -105.000    -50.252   -999.900   -999.900   -999.900    949.648      0.000   -120.910   -120.910    -63.386   -999.900   -999.900   -999.900
   -110.000    -50.239   -999.900   -999.900   -999.900    949.661      0.000   -125.910   -125.910    -63.386   -999.900   -999.900   -999.900
   -115.000    -50.264   -999.900   -999.900   -999.900    949.636      0.000   -130.910   -130.910    -63.386   -999.900   -999.900   -999.900
   -120.000    -50.254   -999.900   -999.900   -999.900    949.646      0.000   -135.910   -135.910    -63.386   -999.900   -999.900   -999.900
