      0.000      9.067   -999.900   -999.900   -999.900   1008.967      0.000    -16.110    -16.110      9.067   -999.900   -999.900   -999.900
     -5.000      9.067   -999.900   -999.900   -999.900   1008.967      0.000    -21.110    -21.110      9.067   -999.900   -999.900   -999.900
    -10.000      9.066   -999.900   -999.900   -999.900   1008.966      0.000    -26.110    -26.110      9.066   -999.900   -999.900   -999.900
    -15.000      9.062   -999.900   -999.900   -999.900   1008.962      0.000    -31.110    -31.110      9.062   -999.900   -999.900   -999.900
    -20.000      9.005   -999.900   -999.900   -999.900   1008.905      0.000    -36.110    -36.110      9.005   -999.900   -999.900   -999.900
    -25.000      8.567   -999.900   -999.900   -999.900   1008.467      0.000    -41.110    -41.110      8.567   -999.900   -999.900   -999.900
    -30.000      5.938   -999.900   -999.900   -999.900   1005.838      0.000    -46.110    -46.110      5.938   -999.900   -999.900   -999.900
    -35.000      1.408   -999.900   -999.900   -999.900   1001.308      0.000    -51.110    -51.110      1.408   -999.900   -999.900   -999.900
    -40.000     -3.490   -999.900   -999.900   -999.900    996.410      0.000    -56.110    -56.110     -3.490   -999.900   -999.900   -999.900
    -45.000     -8.454   -999.900   -999.900   -999.900    991.446      0.000    -61.110    -61.110     -8.455   -999.900   -999.900   -999.900
    -50.000    -13.432   -999.900   -999.900   -999.900    986.468      0.000    -66.110    -66.110    -13.433   -999.900   -999.900   -999.900
    -55.000    -18.479   -999.900   -999.900   -999.900    981.421      0.000    -71.110    -71.110    -18.483   -999.900   -999.900   -999.900
    -60.000    -23.465   -999.900   -999.900   -999.900    976.435      0.000    -76.110    -76.110    -23.477   -999.900   -999.900   -999.900
    -65.000    -28.549   -999.900   -999.900   -999.900    971.351      0.000    -81.110    -81.110    -28.590   -999.900   -999.900   -999.900
    -70.000    -33.545   -999.900   -999.900   -999.900    966.355      0.000    -86.110    -86.110    -33.676   -999.900   -999.900   -999.900
    -75.000    -38.398   -999.900   -999.900   -999.900    961.502      0.000    -91.110    -91.110    -38.812   -999.900   -999.900   -999.900
    -80.000    -42.639   -999.900   -999.900   -999.900    957.261      0.000    -96.110    -96.110    -43.839   -999.900   -999.900   -999.900
    -85.000    -45.839   -999.900   -999.900   -999.900    954.061      0.000   -101.110   -101.110    -48.889   -999.900   -999.900   -999.900
    -90.000    -47.636   -999.900   -999.900   -999.900    952.264      0.000   -106.110   -106.110    -53.888   -999.900   -999.900   -999.900
    -95.000    -48.402   -999.900   -999.900   -999.900    951.498      0.000   -111.110   -111.110    -58.879   -999.900   -999.900   -999.900
   -100.000    -48.680   -999.900   -999.900   -999.900    951.220      0.000   -116.110   -116.110    -63.971   -999.900   -999.900   -999.900
   -105.000    -48.804   -999.900   -999.900   -999.900    951.096      0.000   -121.110   -121.110    -76.983   -999.900   -999.900   -999.900
   -110.000    -48.813   -999.900   -999.900   -999.900    951.087      0.000   -126.110   -126.110    -76.983   -999.900   -999.900   -999.900
   -115.000    -48.810   -999.900   -999.900   -999.900    951.090      0.000   -131.110   -131.110    -76.983   -999.900   -999.900   -999.900
   -120.000    -48.815   -999.900   -999.900   -999.900    951.085      0.000   -136.110   -136.110    -76.983   -999.900   -999.900   -999.900
