      0.000      6.197      3.123   -999.900   -999.900      3.074      0.000    -29.400    -30.400      6.197      3.123   -999.900   -999.900
     -5.000      5.936      3.042   -999.900   -999.900      2.894      0.000    -34.400    -35.400      5.936      3.042   -999.900   -999.900
    -10.000      4.893      2.577   -999.900   -999.900      2.316      0.000    -39.400    -40.400      4.893      2.577   -999.900   -999.900
    -15.000      2.206      1.099   -999.900   -999.900      1.107      0.000    -44.400    -45.400      2.206      1.098   -999.900   -999.900
    -20.000     -2.570     -2.695   -999.900   -999.900      0.125      0.000    -49.400    -50.400     -2.570     -2.695   -999.900   -999.900
    -25.000     -7.503     -7.539   -999.900   -999.900      0.036      0.000    -54.400    -55.400     -7.503     -7.539   -999.900   -999.900
    -30.000    -12.473    -12.479   -999.900   -999.900      0.006      0.000    -59.400    -60.400    -12.473    -12.479   -999.900   -999.900
    -35.000    -17.484    -17.479   -999.900   -999.900     -0.005      0.000    -64.400    -65.400    -17.484    -17.479   -999.900   -999.900
    -40.000    -22.497    -22.502   -999.900   -999.900      0.005      0.000    -69.400    -70.400    -22.497    -22.502   -999.900   -999.900
    -45.000    -27.512    -27.537   -999.900   -999.900      0.025      0.000    -74.400    -75.400    -27.515    -27.540   -999.900   -999.900
    -50.000    -32.513    -32.574   -999.900   -999.900      0.061      0.000    -79.400    -80.400    -32.521    -32.582   -999.900   -999.900
    -55.000    -37.544    -37.653   -999.900   -999.900      0.109      0.000    -84.400    -85.400    -37.569    -37.680   -999.900   -999.900
    -60.000    -42.504    -42.674   -999.900   -999.900      0.170      0.000    -89.400    -90.400    -42.583    -42.759   -999.900   -999.900
    -65.000    -47.261    -47.338   -999.900   -999.900      0.078      0.000    -94.400    -95.400    -47.500    -47.591   -999.900   -999.900
    -70.000    -51.776    -51.759   -999.900   -999.900     -0.017      0.000    -99.400   -100.400    -52.491    -52.498   -999.900   -999.900
    -75.000    -55.539    -55.467   -999.900   -999.900     -0.072      0.000   -104.400   -105.400    -57.484    -57.456   -999.900   -999.900
    -80.000    -58.030    -57.917   -999.900   -999.900     -0.114      0.000   -109.400   -110.400    -62.476    -62.425   -999.900   -999.900
    -85.000    -59.261    -59.113   -999.900   -999.900     -0.149      0.000   -114.400   -115.400    -67.522    -67.370   -999.900   -999.900
    -90.000    -59.716    -59.590   -999.900   -999.900     -0.125      0.000   -119.400   -120.400    -72.272    -72.564   -999.900   -999.900
    -95.000    -59.883    -59.747   -999.900   -999.900     -0.136      0.000   -124.400   -125.400    -77.228    -77.821   -999.900   -999.900
   -100.000    -59.932    -59.799   -999.900   -999.900     -0.134      0.000   -129.400   -130.400    -81.365    -84.021   -999.900   -999.900
   -105.000    -59.959    -59.825   -999.900   -999.900     -0.134      0.000   -134.400   -135.400    -90.089    -84.021   -999.900   -999.900
   -110.000    -59.967    -59.806   -999.900   -999.900     -0.161      0.000   -139.400   -140.400    -90.089    -84.021   -999.900   -999.900
   -115.000    -59.967    -59.818   -999.900   -999.900     -0.149      0.000   -144.400   -145.400    -90.089    -84.021   -999.900   -999.900
   -120.000    -59.961    -59.812   -999.900   -999.900     -0.149      0.000   -149.400   -150.400    -90.089    -84.021   -999.900   -999.900
