      0.000      3.568      3.754   -999.900   -999.900     -0.186      0.000    -26.900    -26.210      3.568      3.754   -999.900   -999.900
     -5.000      3.525      3.714   -999.900   -999.900     -0.188      0.000    -31.900    -31.210      3.525      3.714   -999.900   -999.900
    -10.000      3.235      3.442   -999.900   -999.900     -0.207      0.000    -36.900    -36.210      3.235      3.442   -999.900   -999.900
    -15.000      2.163      2.436   -999.900   -999.900     -0.272      0.000    -41.900    -41.210      2.163      2.436   -999.900   -999.900
    -20.000     -0.631     -0.277   -999.900   -999.900     -0.354      0.000    -46.900    -46.210     -0.631     -0.277   -999.900   -999.900
    -25.000     -4.814     -4.450   -999.900   -999.900     -0.364      0.000    -51.900    -51.210     -4.814     -4.450   -999.900   -999.900
    -30.000     -9.479     -9.124   -999.900   -999.900     -0.355      0.000    -56.900    -56.210     -9.479     -9.124   -999.900   -999.900
    -35.000    -14.277    -13.921   -999.900   -999.900     -0.357      0.000    -61.900    -61.210    -14.277    -13.921   -999.900   -999.900
    -40.000    -19.234    -18.883   -999.900   -999.900     -0.351      0.000    -66.900    -66.210    -19.235    -18.884   -999.900   -999.900
    -45.000    -24.273    -23.928   -999.900   -999.900     -0.345      0.000    -71.900    -71.210    -24.274    -23.929   -999.900   -999.900
    -50.000    -29.358    -29.020   -999.900   -999.900     -0.337      0.000    -76.900    -76.210    -29.361    -29.024   -999.900   -999.900
    -55.000    -34.512    -34.129   -999.900   -999.900     -0.383      0.000    -81.900    -81.210    -34.523    -34.141   -999.900   -999.900
    -60.000    -39.317    -39.223   -999.900   -999.900     -0.093      0.000    -86.900    -86.210    -39.351    -39.262   -999.900   -999.900
    -65.000    -44.209    -44.121   -999.900   -999.900     -0.089      0.000    -91.900    -91.210    -44.316    -44.241   -999.900   -999.900
    -70.000    -48.827    -48.700   -999.900   -999.900     -0.127      0.000    -96.900    -96.210    -49.143    -49.055   -999.900   -999.900
    -75.000    -53.064    -53.113   -999.900   -999.900      0.050      0.000   -101.900   -101.210    -53.957    -54.175   -999.900   -999.900
    -80.000    -56.543    -56.479   -999.900   -999.900     -0.064      0.000   -106.900   -106.210    -58.866    -59.242   -999.900   -999.900
    -85.000    -58.790    -58.445   -999.900   -999.900     -0.344      0.000   -111.900   -111.210    -63.946    -64.301   -999.900   -999.900
    -90.000    -59.819    -59.308   -999.900   -999.900     -0.511      0.000   -116.900   -116.210    -69.061    -69.444   -999.900   -999.900
    -95.000    -60.199    -59.597   -999.900   -999.900     -0.602      0.000   -121.900   -121.210    -74.329    -74.172   -999.900   -999.900
   -100.000    -60.304    -59.716   -999.900   -999.900     -0.588      0.000   -126.900   -126.210    -78.511    -80.667   -999.900   -999.900
   -105.000    -60.362    -59.746   -999.900   -999.900     -0.616      0.000   -131.900   -131.210    -87.508    -89.128   -999.900   -999.900
   -110.000    -60.361    -59.755   -999.900   -999.900     -0.607      0.000   -136.900   -136.210    -87.338    -89.128   -999.900   -999.900
   -115.000    -60.379    -59.749   -999.900   -999.900     -0.631      0.000   -141.900   -141.210    -87.338    -89.128   -999.900   -999.900
   -120.000    -60.378    -59.755   -999.900   -999.900     -0.623      0.000   -146.900   -146.210    -87.338    -89.128   -999.900   -999.900
