      0.000      6.356      3.184   -999.900   -999.900      3.171      0.000    -29.400    -30.400      6.356      3.184   -999.900   -999.900
     -5.000      6.076      3.059   -999.900   -999.900      3.018      0.000    -34.400    -35.400      6.076      3.059   -999.900   -999.900
    -10.000      4.966      2.454   -999.900   -999.900      2.512      0.000    -39.400    -40.400      4.966      2.454   -999.900   -999.900
    -15.000      2.215      0.817   -999.900   -999.900      1.398      0.000    -44.400    -45.400      2.215      0.817   -999.900   -999.900
    -20.000     -2.551     -3.252   -999.900   -999.900      0.701      0.000    -49.400    -50.400     -2.551     -3.252   -999.900   -999.900
    -25.000     -7.435     -8.070   -999.900   -999.900      0.635      0.000    -54.400    -55.400     -7.435     -8.070   -999.900   -999.900
    -30.000    -12.483    -13.092   -999.900   -999.900      0.609      0.000    -59.400    -60.400    -12.483    -13.093   -999.900   -999.900
    -35.000    -17.481    -18.070   -999.900   -999.900      0.588      0.000    -64.400    -65.400    -17.481    -18.070   -999.900   -999.900
    -40.000    -22.548    -23.113   -999.900   -999.900      0.566      0.000    -69.400    -70.400    -22.548    -23.114   -999.900   -999.900
    -45.000    -27.618    -28.163   -999.900   -999.900      0.545      0.000    -74.400    -75.400    -27.620    -28.165   -999.900   -999.900
    -50.000    -32.673    -33.153   -999.900   -999.900      0.480      0.000    -79.400    -80.400    -32.680    -33.160   -999.900   -999.900
    -55.000    -37.611    -38.231   -999.900   -999.900      0.620      0.000    -84.400    -85.400    -37.632    -38.252   -999.900   -999.900
    -60.000    -42.434    -43.448   -999.900   -999.900      1.014      0.000    -89.400    -90.400    -42.498    -43.518   -999.900   -999.900
    -65.000    -47.309    -48.491   -999.900   -999.900      1.182      0.000    -94.400    -95.400    -47.510    -48.719   -999.900   -999.900
    -70.000    -51.954    -53.066   -999.900   -999.900      1.111      0.000    -99.400   -100.400    -52.566    -53.753   -999.900   -999.900
    -75.000    -55.906    -56.848   -999.900   -999.900      0.942      0.000   -104.400   -105.400    -57.622    -58.716   -999.900   -999.900
    -80.000    -58.567    -59.386   -999.900   -999.900      0.819      0.000   -109.400   -110.400    -62.572    -63.673   -999.900   -999.900
    -85.000    -59.956    -60.680   -999.900   -999.900      0.724      0.000   -114.400   -115.400    -67.636    -68.781   -999.900   -999.900
    -90.000    -60.505    -61.168   -999.900   -999.900      0.662      0.000   -119.400   -120.400    -72.814    -73.804   -999.900   -999.900
    -95.000    -60.682    -61.355   -999.900   -999.900      0.673      0.000   -124.400   -125.400    -77.758    -80.298   -999.900   -999.900
   -100.000    -60.748    -61.380   -999.900   -999.900      0.632      0.000   -129.400   -130.400    -84.068    -82.863   -999.900   -999.900
   -105.000    -60.761    -61.405   -999.900   -999.900      0.644      0.000   -134.400   -135.400    -88.365    -90.130   -999.900   -999.900
   -110.000    -60.779    -61.425   -999.900   -999.900      0.645      0.000   -139.400   -140.400    -88.365    -90.130   -999.900   -999.900
   -115.000    -60.765    -61.418   -999.900   -999.900      0.654      0.000   -144.400   -145.400    -88.365    -90.130   -999.900   -999.900
   -120.000    -60.768    -61.396   -999.900   -999.900      0.628      0.000   -149.400   -150.400    -88.365    -90.130   -999.900   -999.900
