      0.000      3.726      3.855   -999.900   -999.900     -0.129      0.000    -26.900    -26.210      3.726      3.855   -999.900   -999.900
     -5.000      3.696      3.846   -999.900   -999.900     -0.150      0.000    -31.900    -31.210      3.696      3.846   -999.900   -999.900
    -10.000      3.462      3.691   -999.900   -999.900     -0.228      0.000    -36.900    -36.210      3.462      3.691   -999.900   -999.900
    -15.000      2.474      2.933   -999.900   -999.900     -0.459      0.000    -41.900    -41.210      2.474      2.933   -999.900   -999.900
    -20.000     -0.310      0.714   -999.900   -999.900     -1.024      0.000    -46.900    -46.210     -0.310      0.714   -999.900   -999.900
    -25.000     -4.481     -3.341   -999.900   -999.900     -1.140      0.000    -51.900    -51.210     -4.481     -3.341   -999.900   -999.900
    -30.000     -8.978     -7.799   -999.900   -999.900     -1.178      0.000    -56.900    -56.210     -8.978     -7.799   -999.900   -999.900
    -35.000    -13.849    -12.671   -999.900   -999.900     -1.178      0.000    -61.900    -61.210    -13.849    -12.671   -999.900   -999.900
    -40.000    -18.750    -17.583   -999.900   -999.900     -1.167      0.000    -66.900    -66.210    -18.750    -17.583   -999.900   -999.900
    -45.000    -23.689    -22.547   -999.900   -999.900     -1.143      0.000    -71.900    -71.210    -23.690    -22.547   -999.900   -999.900
    -50.000    -28.671    -27.605   -999.900   -999.900     -1.066      0.000    -76.900    -76.210    -28.675    -27.608   -999.900   -999.900
    -55.000    -33.670    -32.732   -999.900   -999.900     -0.938      0.000    -81.900    -81.210    -33.682    -32.741   -999.900   -999.900
    -60.000    -38.449    -37.728   -999.900   -999.900     -0.721      0.000    -86.900    -86.210    -38.485    -37.758   -999.900   -999.900
    -65.000    -43.043    -42.992   -999.900   -999.900     -0.051      0.000    -91.900    -91.210    -43.148    -43.094   -999.900   -999.900
    -70.000    -47.650    -47.536   -999.900   -999.900     -0.114      0.000    -96.900    -96.210    -47.962    -47.832   -999.900   -999.900
    -75.000    -51.985    -51.892   -999.900   -999.900     -0.093      0.000   -101.900   -101.210    -52.890    -52.753   -999.900   -999.900
    -80.000    -55.471    -55.561   -999.900   -999.900      0.089      0.000   -106.900   -106.210    -57.835    -57.915   -999.900   -999.900
    -85.000    -57.675    -57.787   -999.900   -999.900      0.112      0.000   -111.900   -111.210    -62.863    -62.997   -999.900   -999.900
    -90.000    -58.612    -58.787   -999.900   -999.900      0.176      0.000   -116.900   -116.210    -67.305    -67.983   -999.900   -999.900
    -95.000    -59.076    -59.186   -999.900   -999.900      0.111      0.000   -121.900   -121.210    -73.331    -73.664   -999.900   -999.900
   -100.000    -59.070    -59.291   -999.900   -999.900      0.221      0.000   -126.900   -126.210    -73.191    -78.444   -999.900   -999.900
   -105.000    -59.265    -59.295   -999.900   -999.900      0.029      0.000   -131.900   -131.210    -73.191    -78.749   -999.900   -999.900
   -110.000    -59.167    -59.360   -999.900   -999.900      0.193      0.000   -136.900   -136.210    -73.191    -78.749   -999.900   -999.900
   -115.000    -59.273    -59.374   -999.900   -999.900      0.101      0.000   -141.900   -141.210    -73.191    -78.749   -999.900   -999.900
   -120.000    -59.264    -59.349   -999.900   -999.900      0.085      0.000   -146.900   -146.210    -73.191    -78.749   -999.900   -999.900
