      0.000      6.327      3.134   -999.900   -999.900      3.194      0.000    -29.400    -30.400      6.327      3.134   -999.900   -999.900
     -5.000      6.106      3.075   -999.900   -999.900      3.031      0.000    -34.400    -35.400      6.106      3.075   -999.900   -999.900
    -10.000      5.184      2.688   -999.900   -999.900      2.495      0.000    -39.400    -40.400      5.184      2.688   -999.900   -999.900
    -15.000      2.803      1.351   -999.900   -999.900      1.452      0.000    -44.400    -45.400      2.803      1.351   -999.900   -999.900
    -20.000     -1.888     -2.105   -999.900   -999.900      0.216      0.000    -49.400    -50.400     -1.888     -2.105   -999.900   -999.900
    -25.000     -6.809     -6.920   -999.900   -999.900      0.112      0.000    -54.400    -55.400     -6.809     -6.920   -999.900   -999.900
    -30.000    -11.752    -11.828   -999.900   -999.900      0.076      0.000    -59.400    -60.400    -11.752    -11.828   -999.900   -999.900
    -35.000    -16.784    -16.841   -999.900   -999.900      0.056      0.000    -64.400    -65.400    -16.784    -16.841   -999.900   -999.900
    -40.000    -21.829    -21.863   -999.900   -999.900      0.034      0.000    -69.400    -70.400    -21.829    -21.864   -999.900   -999.900
    -45.000    -26.867    -26.886   -999.900   -999.900      0.018      0.000    -74.400    -75.400    -26.869    -26.888   -999.900   -999.900
    -50.000    -31.919    -31.896   -999.900   -999.900     -0.023      0.000    -79.400    -80.400    -31.926    -31.903   -999.900   -999.900
    -55.000    -36.850    -36.961   -999.900   -999.900      0.111      0.000    -84.400    -85.400    -36.872    -36.983   -999.900   -999.900
    -60.000    -41.672    -42.068   -999.900   -999.900      0.396      0.000    -89.400    -90.400    -41.739    -42.137   -999.900   -999.900
    -65.000    -46.562    -47.135   -999.900   -999.900      0.573      0.000    -94.400    -95.400    -46.773    -47.362   -999.900   -999.900
    -70.000    -51.146    -51.686   -999.900   -999.900      0.540      0.000    -99.400   -100.400    -51.781    -52.368   -999.900   -999.900
    -75.000    -55.052    -55.497   -999.900   -999.900      0.445      0.000   -104.400   -105.400    -56.819    -57.365   -999.900   -999.900
    -80.000    -57.687    -58.068   -999.900   -999.900      0.381      0.000   -109.400   -110.400    -61.811    -62.406   -999.900   -999.900
    -85.000    -59.020    -59.318   -999.900   -999.900      0.298      0.000   -114.400   -115.400    -66.802    -67.344   -999.900   -999.900
    -90.000    -59.545    -59.807   -999.900   -999.900      0.261      0.000   -119.400   -120.400    -71.796    -72.233   -999.900   -999.900
    -95.000    -59.723    -59.969   -999.900   -999.900      0.246      0.000   -124.400   -125.400    -76.641    -76.679   -999.900   -999.900
   -100.000    -59.793    -60.029   -999.900   -999.900      0.237      0.000   -129.400   -130.400    -83.325    -81.204   -999.900   -999.900
   -105.000    -59.806    -60.051   -999.900   -999.900      0.245      0.000   -134.400   -135.400    -88.618    -86.033   -999.900   -999.900
   -110.000    -59.809    -60.076   -999.900   -999.900      0.267      0.000   -139.400   -140.400    -91.893    -86.033   -999.900   -999.900
   -115.000    -59.813    -60.069   -999.900   -999.900      0.256      0.000   -144.400   -145.400    -91.893    -86.033   -999.900   -999.900
   -120.000    -59.820    -60.053   -999.900   -999.900      0.234      0.000   -149.400   -150.400    -91.893    -86.033   -999.900   -999.900
