      0.000      3.672      3.771   -999.900   -999.900     -0.099      0.000    -26.900    -26.210      3.672      3.771   -999.900   -999.900
     -5.000      3.606      3.838   -999.900   -999.900     -0.232      0.000    -31.900    -31.210      3.606      3.838   -999.900   -999.900
    -10.000      3.222      3.841   -999.900   -999.900     -0.619      0.000    -36.900    -36.210      3.222      3.841   -999.900   -999.900
    -15.000      1.915      3.681   -999.900   -999.900     -1.766      0.000    -41.900    -41.210      1.915      3.681   -999.900   -999.900
    -20.000     -1.508      2.966   -999.900   -999.900     -4.474      0.000    -46.900    -46.210     -1.508      2.966   -999.900   -999.900
    -25.000     -5.809      0.947   -999.900   -999.900     -6.756      0.000    -51.900    -51.210     -5.809      0.947   -999.900   -999.900
    -30.000    -10.460     -3.017   -999.900   -999.900     -7.443      0.000    -56.900    -56.210    -10.460     -3.017   -999.900   -999.900
    -35.000    -15.326     -7.576   -999.900   -999.900     -7.750      0.000    -61.900    -61.210    -15.326     -7.576   -999.900   -999.900
    -40.000    -20.268    -12.350   -999.900   -999.900     -7.919      0.000    -66.900    -66.210    -20.269    -12.350   -999.900   -999.900
    -45.000    -25.252    -17.238   -999.900   -999.900     -8.014      0.000    -71.900    -71.210    -25.254    -17.239   -999.900   -999.900
    -50.000    -30.282    -22.223   -999.900   -999.900     -8.059      0.000    -76.900    -76.210    -30.287    -22.226   -999.900   -999.900
    -55.000    -35.361    -27.320   -999.900   -999.900     -8.041      0.000    -81.900    -81.210    -35.375    -27.328   -999.900   -999.900
    -60.000    -40.126    -32.360   -999.900   -999.900     -7.766      0.000    -86.900    -86.210    -40.167    -32.385   -999.900   -999.900
    -65.000    -44.876    -37.441   -999.900   -999.900     -7.434      0.000    -91.900    -91.210    -45.001    -37.524   -999.900   -999.900
    -70.000    -49.621    -42.349   -999.900   -999.900     -7.273      0.000    -96.900    -96.210    -50.006    -42.611   -999.900   -999.900
    -75.000    -53.813    -46.737   -999.900   -999.900     -7.075      0.000   -101.900   -101.210    -54.904    -47.502   -999.900   -999.900
    -80.000    -56.991    -50.362   -999.900   -999.900     -6.629      0.000   -106.900   -106.210    -59.683    -52.380   -999.900   -999.900
    -85.000    -58.997    -52.822   -999.900   -999.900     -6.175      0.000   -111.900   -111.210    -64.737    -57.443   -999.900   -999.900
    -90.000    -59.864    -53.989   -999.900   -999.900     -5.874      0.000   -116.900   -116.210    -69.657    -62.429   -999.900   -999.900
    -95.000    -60.172    -54.480   -999.900   -999.900     -5.691      0.000   -121.900   -121.210    -74.249    -68.387   -999.900   -999.900
   -100.000    -60.286    -54.478   -999.900   -999.900     -5.808      0.000   -126.900   -126.210    -79.014    -68.334   -999.900   -999.900
   -105.000    -60.339    -54.520   -999.900   -999.900     -5.819      0.000   -131.900   -131.210    -89.058    -69.485   -999.900   -999.900
   -110.000    -60.338    -54.715   -999.900   -999.900     -5.623      0.000   -136.900   -136.210    -88.316    -69.485   -999.900   -999.900
   -115.000    -60.353    -54.704   -999.900   -999.900     -5.649      0.000   -141.900   -141.210    -88.316    -69.485   -999.900   -999.900
   -120.000    -60.350    -54.707   -999.900   -999.900     -5.643      0.000   -146.900   -146.210    -88.316    -69.485   -999.900   -999.900
