      0.000      3.701      3.850   -999.900   -999.900     -0.149      0.000    -26.900    -26.210      3.701      3.850   -999.900   -999.900
     -5.000      3.667      3.825   -999.900   -999.900     -0.158      0.000    -31.900    -31.210      3.667      3.825   -999.900   -999.900
    -10.000      3.415      3.615   -999.900   -999.900     -0.200      0.000    -36.900    -36.210      3.415      3.615   -999.900   -999.900
    -15.000      2.406      2.725   -999.900   -999.900     -0.319      0.000    -41.900    -41.210      2.406      2.725   -999.900   -999.900
    -20.000     -0.341      0.212   -999.900   -999.900     -0.553      0.000    -46.900    -46.210     -0.341      0.212   -999.900   -999.900
    -25.000     -4.486     -3.892   -999.900   -999.900     -0.594      0.000    -51.900    -51.210     -4.486     -3.892   -999.900   -999.900
    -30.000     -9.094     -8.501   -999.900   -999.900     -0.593      0.000    -56.900    -56.210     -9.094     -8.501   -999.900   -999.900
    -35.000    -13.928    -13.331   -999.900   -999.900     -0.598      0.000    -61.900    -61.210    -13.928    -13.331   -999.900   -999.900
    -40.000    -18.876    -18.281   -999.900   -999.900     -0.595      0.000    -66.900    -66.210    -18.877    -18.282   -999.900   -999.900
    -45.000    -23.906    -23.313   -999.900   -999.900     -0.593      0.000    -71.900    -71.210    -23.907    -23.314   -999.900   -999.900
    -50.000    -28.977    -28.391   -999.900   -999.900     -0.587      0.000    -76.900    -76.210    -28.981    -28.394   -999.900   -999.900
    -55.000    -34.134    -33.501   -999.900   -999.900     -0.633      0.000    -81.900    -81.210    -34.145    -33.512   -999.900   -999.900
    -60.000    -38.940    -38.549   -999.900   -999.900     -0.391      0.000    -86.900    -86.210    -38.974    -38.585   -999.900   -999.900
    -65.000    -43.860    -43.461   -999.900   -999.900     -0.398      0.000    -91.900    -91.210    -43.966    -43.573   -999.900   -999.900
    -70.000    -48.501    -48.104   -999.900   -999.900     -0.397      0.000    -96.900    -96.210    -48.818    -48.436   -999.900   -999.900
    -75.000    -52.724    -52.557   -999.900   -999.900     -0.167      0.000   -101.900   -101.210    -53.618    -53.555   -999.900   -999.900
    -80.000    -56.174    -55.998   -999.900   -999.900     -0.176      0.000   -106.900   -106.210    -58.480    -58.622   -999.900   -999.900
    -85.000    -58.395    -58.033   -999.900   -999.900     -0.362      0.000   -111.900   -111.210    -63.439    -63.635   -999.900   -999.900
    -90.000    -59.463    -58.946   -999.900   -999.900     -0.517      0.000   -116.900   -116.210    -68.615    -68.707   -999.900   -999.900
    -95.000    -59.821    -59.276   -999.900   -999.900     -0.545      0.000   -121.900   -121.210    -73.184    -73.824   -999.900   -999.900
   -100.000    -59.972    -59.390   -999.900   -999.900     -0.582      0.000   -126.900   -126.210    -79.049    -79.643   -999.900   -999.900
   -105.000    -60.037    -59.415   -999.900   -999.900     -0.622      0.000   -131.900   -131.210    -79.049    -83.602   -999.900   -999.900
   -110.000    -60.025    -59.432   -999.900   -999.900     -0.593      0.000   -136.900   -136.210    -79.049    -83.602   -999.900   -999.900
   -115.000    -60.003    -59.438   -999.900   -999.900     -0.565      0.000   -141.900   -141.210    -79.049    -83.602   -999.900   -999.900
   -120.000    -60.038    -59.440   -999.900   -999.900     -0.598      0.000   -146.900   -146.210    -79.049    -83.602   -999.900   -999.900
