      0.000      6.157      2.993   -999.900   -999.900      3.163      0.000    -29.400    -30.400      6.157      2.993   -999.900   -999.900
     -5.000      5.888      2.837   -999.900   -999.900      3.052      0.000    -34.400    -35.400      5.888      2.837   -999.900   -999.900
    -10.000      4.847      2.152   -999.900   -999.900      2.695      0.000    -39.400    -40.400      4.847      2.152   -999.900   -999.900
    -15.000      1.973      0.158   -999.900   -999.900      1.815      0.000    -44.400    -45.400      1.973      0.158   -999.900   -999.900
    -20.000     -2.834     -4.333   -999.900   -999.900      1.499      0.000    -49.400    -50.400     -2.834     -4.333   -999.900   -999.900
    -25.000     -7.715     -9.169   -999.900   -999.900      1.453      0.000    -54.400    -55.400     -7.715     -9.169   -999.900   -999.900
    -30.000    -12.671    -14.118   -999.900   -999.900      1.447      0.000    -59.400    -60.400    -12.672    -14.119   -999.900   -999.900
    -35.000    -17.770    -19.226   -999.900   -999.900      1.455      0.000    -64.400    -65.400    -17.770    -19.226   -999.900   -999.900
    -40.000    -22.835    -24.289   -999.900   -999.900      1.454      0.000    -69.400    -70.400    -22.835    -24.290   -999.900   -999.900
    -45.000    -27.890    -29.388   -999.900   -999.900      1.498      0.000    -74.400    -75.400    -27.892    -29.392   -999.900   -999.900
    -50.000    -32.935    -34.484   -999.900   -999.900      1.549      0.000    -79.400    -80.400    -32.941    -34.496   -999.900   -999.900
    -55.000    -37.950    -39.615   -999.900   -999.900      1.665      0.000    -84.400    -85.400    -37.971    -39.654   -999.900   -999.900
    -60.000    -42.850    -44.695   -999.900   -999.900      1.845      0.000    -89.400    -90.400    -42.913    -44.824   -999.900   -999.900
    -65.000    -47.781    -49.568   -999.900   -999.900      1.787      0.000    -94.400    -95.400    -47.981    -49.977   -999.900   -999.900
    -70.000    -52.395    -53.813   -999.900   -999.900      1.418      0.000    -99.400   -100.400    -53.000    -54.998   -999.900   -999.900
    -75.000    -56.343    -56.993   -999.900   -999.900      0.650      0.000   -104.400   -105.400    -58.038    -59.973   -999.900   -999.900
    -80.000    -59.019    -58.803   -999.900   -999.900     -0.216      0.000   -109.400   -110.400    -62.979    -64.880   -999.900   -999.900
    -85.000    -60.427    -59.614   -999.900   -999.900     -0.814      0.000   -114.400   -115.400    -68.057    -69.969   -999.900   -999.900
    -90.000    -60.968    -59.883   -999.900   -999.900     -1.085      0.000   -119.400   -120.400    -72.983    -74.551   -999.900   -999.900
    -95.000    -61.154    -59.978   -999.900   -999.900     -1.176      0.000   -124.400   -125.400    -77.763    -78.979   -999.900   -999.900
   -100.000    -61.210    -59.999   -999.900   -999.900     -1.211      0.000   -129.400   -130.400    -81.564    -81.051   -999.900   -999.900
   -105.000    -61.254    -60.029   -999.900   -999.900     -1.226      0.000   -134.400   -135.400    -81.564    -89.743   -999.900   -999.900
   -110.000    -61.258    -60.038   -999.900   -999.900     -1.220      0.000   -139.400   -140.400    -81.564    -89.743   -999.900   -999.900
   -115.000    -61.239    -60.035   -999.900   -999.900     -1.204      0.000   -144.400   -145.400    -81.564    -89.743   -999.900   -999.900
   -120.000    -61.248    -60.032   -999.900   -999.900     -1.216      0.000   -149.400   -150.400    -81.564    -89.743   -999.900   -999.900
