      0.000      8.457   -999.900   -999.900   -999.900   1008.357      0.000    -15.970    -15.970      8.457   -999.900   -999.900   -999.900
     -5.000      8.456   -999.900   -999.900   -999.900   1008.356      0.000    -20.970    -20.970      8.456   -999.900   -999.900   -999.900
    -10.000      8.454   -999.900   -999.900   -999.900   1008.354      0.000    -25.970    -25.970      8.454   -999.900   -999.900   -999.900
    -15.000      8.445   -999.900   -999.900   -999.900   1008.345      0.000    -30.970    -30.970      8.445   -999.900   -999.900   -999.900
    -20.000      8.338   -999.900   -999.900   -999.900   1008.238      0.000    -35.970    -35.970      8.338   -999.900   -999.900   -999.900
    -25.000      7.571   -999.900   -999.900   -999.900   1007.471      0.000    -40.970    -40.970      7.571   -999.900   -999.900   -999.900
    -30.000      4.056   -999.900   -999.900   -999.900   1003.956      0.000    -45.970    -45.970      4.056   -999.900   -999.900   -999.900
    -35.000     -0.726   -999.900   -999.900   -999.900    999.174      0.000    -50.970    -50.970     -0.726   -999.900   -999.900   -999.900
    -40.000     -5.665   -999.900   -999.900   -999.900    994.235      0.000    -55.970    -55.970     -5.665   -999.900   -999.900   -999.900
    -45.000    -10.648   -999.900   -999.900   -999.900    989.252      0.000    -60.970    -60.970    -10.648   -999.900   -999.900   -999.900
    -50.000    -15.636   -999.900   -999.900   -999.900    984.264      0.000    -65.970    -65.970    -15.638   -999.900   -999.900   -999.900
    -55.000    -20.661   -999.900   -999.900   -999.900    979.239      0.000    -70.970    -70.970    -20.669   -999.900   -999.900   -999.900
    -60.000    -25.646   -999.900   -999.900   -999.900    974.254      0.000    -75.970    -75.970    -25.670   -999.900   -999.900   -999.900
    -65.000    -30.641   -999.900   -999.900   -999.900    969.259      0.000    -80.970    -80.970    -30.716   -999.900   -999.900   -999.900
    -70.000    -35.470   -999.900   -999.900   -999.900    964.430      0.000    -85.970    -85.970    -35.701   -999.900   -999.900   -999.900
    -75.000    -39.974   -999.900   -999.900   -999.900    959.926      0.000    -90.970    -90.970    -40.660   -999.900   -999.900   -999.900
    -80.000    -43.754   -999.900   -999.900   -999.900    956.146      0.000    -95.970    -95.970    -45.617   -999.900   -999.900   -999.900
    -85.000    -46.315   -999.900   -999.900   -999.900    953.585      0.000   -100.970   -100.970    -50.623   -999.900   -999.900   -999.900
    -90.000    -47.573   -999.900   -999.900   -999.900    952.327      0.000   -105.970   -105.970    -55.543   -999.900   -999.900   -999.900
    -95.000    -48.090   -999.900   -999.900   -999.900    951.810      0.000   -110.970   -110.970    -60.833   -999.900   -999.900   -999.900
   -100.000    -48.277   -999.900   -999.900   -999.900    951.623      0.000   -115.970   -115.970    -67.603   -999.900   -999.900   -999.900
   -105.000    -48.328   -999.900   -999.900   -999.900    951.572      0.000   -120.970   -120.970    -67.603   -999.900   -999.900   -999.900
   -110.000    -48.319   -999.900   -999.900   -999.900    951.581      0.000   -125.970   -125.970    -67.603   -999.900   -999.900   -999.900
   -115.000    -48.326   -999.900   -999.900   -999.900    951.574      0.000   -130.970   -130.970    -67.603   -999.900   -999.900   -999.900
   -120.000    -48.338   -999.900   -999.900   -999.900    951.562      0.000   -135.970   -135.970    -67.603   -999.900   -999.900   -999.900
